17 0.7465932210286458 0.5370631217956543 0.028550465901692707 0.03416996002197266
26 0.1805238087972005 0.7990776062011719 0.0684279441833496 0.07397174835205078
17 0.7482762654622396 0.49835972785949706 0.02991307576497396 0.03690481185913086
29 0.6300251007080078 0.6971195220947266 0.035957082112630205 0.019928359985351564
3 0.49430859883626305 0.5955031871795654 0.034464391072591145 0.02473897933959961
16 0.8522979736328125 0.5000093460083008 0.02829767862955729 0.02666187286376953
17 0.8184207916259766 0.5383242130279541 0.02676239013671875 0.03415069580078125
10 0.3374060312906901 0.5337756633758545 0.028053792317708333 0.03479442596435547
9 0.3498033205668131 0.5962782859802246 0.03526350657145182 0.028449058532714844
15 0.7435930887858073 0.6323882102966308 0.034589894612630206 0.022453498840332032
9 0.31270885467529297 0.5971545696258544 0.03801803588867188 0.028426361083984376
26 0.2497613271077474 0.8014156341552734 0.07347825368245443 0.07285537719726562
12 0.6302586873372396 0.5997182846069335 0.024172210693359376 0.0340179443359375
9 0.385315736134847 0.5949248313903809 0.03522650400797526 0.027558326721191406
29 0.6669474283854167 0.6968827247619629 0.03873430887858073 0.020580863952636717
6 0.4361969629923503 0.49521760940551757 0.02504895528157552 0.033550453186035153
3 0.5281886100769043 0.6283755302429199 0.03367074330647787 0.02270927429199219
13 0.5593971252441406 0.5987234115600586 0.022469329833984374 0.03464164733886719
15 0.7082098007202149 0.6319937705993652 0.034572474161783856 0.023043060302734376
7 0.45872713724772135 0.5958075523376465 0.03567581176757813 0.026589202880859374
10 0.3026963551839193 0.5337936401367187 0.029103406270345054 0.03471393585205078
17 0.7835354487101237 0.5381563663482666 0.027286275227864584 0.03398914337158203
15 0.7821395874023438 0.6003819465637207 0.03703231811523437 0.02688446044921875
29 0.6797449747721355 0.717449951171875 0.04159622192382813 0.02288951873779297
16 0.9115860621134441 0.500638484954834 0.03002192179361979 0.02618122100830078
3 0.49309425354003905 0.6281367778778076 0.035085169474283855 0.022879505157470705
3 0.5288370768229167 0.5964241027832031 0.03490753173828125 0.02547769546508789
15 0.7807446797688802 0.632769250869751 0.03659261067708333 0.02228574752807617
29 0.63717041015625 0.7183117866516113 0.0418670654296875 0.022939682006835938
10 0.34042364756266275 0.4963798522949219 0.024373881022135415 0.03479900360107422
20 0.6720965067545573 0.5021853446960449 0.02469635009765625 0.031609725952148435
15 0.7082337697347005 0.5992187976837158 0.03498382568359375 0.02639484405517578
16 0.8813774744669597 0.5001537322998046 0.02842229207356771 0.025759506225585937
6 0.39949029286702475 0.533807373046875 0.027347819010416666 0.03378372192382813
1 0.4486984888712565 0.4238933563232422 0.044008763631184895 0.014976692199707032
2 0.5397786458333333 0.49546241760253906 0.028722635904947915 0.03378458023071289
16 0.941604741414388 0.5013953685760498 0.02911224365234375 0.02600440979003906
6 0.4028601328531901 0.49551663398742674 0.026939264933268228 0.034633827209472653
15 0.7446234385172527 0.5997752189636231 0.036534627278645836 0.026526927947998047
30 0.8624396006266276 0.7211633205413819 0.04210739135742188 0.022056770324707032
25 0.6476799011230469 0.53439359664917 0.022547403971354168 0.029145240783691406
16 0.9077854156494141 0.5344550132751464 0.029544576009114584 0.024941444396972656
3 0.4575261433919271 0.6282575607299805 0.03503977457682292 0.022640800476074217
9 0.38381519317626955 0.6281377792358398 0.035051727294921876 0.022380638122558593
9 0.3115452448527018 0.6275216102600097 0.036273829142252606 0.01650094985961914
3 0.4212009429931641 0.6274195671081543 0.03568827311197917 0.023502540588378907
10 0.3709896405537923 0.5334559440612793 0.02826519012451172 0.034664154052734375
31 0.7282382329305013 0.7177000999450683 0.04124603271484375 0.022097396850585937
16 0.8477479298909505 0.5340114593505859 0.029817962646484376 0.026536178588867188
25 0.599767557779948 0.5347617626190185 0.0238983154296875 0.030796051025390625
28 0.8956902821858724 0.7001660346984864 0.03957227071126302 0.021500587463378906
30 0.8486119588216146 0.7004321098327637 0.040372975667317706 0.020351982116699217
12 0.6774903615315755 0.6002554416656494 0.023298899332682293 0.032453060150146484
0 0.4924455642700195 0.4247169494628906 0.04214795430501302 0.015507316589355469
16 0.9368131637573243 0.5355237483978271 0.02806714375813802 0.025958538055419922
10 0.3078847567240397 0.49710941314697266 0.023164049784342448 0.03518390655517578
7 0.42311744689941405 0.5943075180053711 0.03512109120686849 0.026393795013427736
20 0.6723548889160156 0.534329891204834 0.024013519287109375 0.02876129150390625
1 0.40442714691162107 0.42361879348754883 0.042858187357584634 0.015044403076171876
25 0.6468975067138671 0.5026784896850586 0.024048741658528647 0.03279190063476563
31 0.7588371276855469 0.6965373039245606 0.04171829223632813 0.020872020721435548
13 0.6062529881795248 0.5990998268127441 0.023096593221028645 0.034456062316894534
2 0.5745626449584961 0.49754886627197265 0.023270543416341147 0.034641075134277347
31 0.7704022725423177 0.7179436683654785 0.04290618896484375 0.02264575958251953
12 0.6540426890055339 0.6004790306091309 0.022459665934244793 0.03366241455078125
2 0.5735743204752605 0.5349479675292969 0.026598612467447918 0.03391761779785156
9 0.34810880025227864 0.6271692276000976 0.03489545186360677 0.017995834350585938
12 0.6298154830932617 0.629682207107544 0.024223709106445314 0.024836921691894533
25 0.6243915557861328 0.5345142841339111 0.023421096801757812 0.030099964141845702
12 0.6779368082682292 0.6291675567626953 0.02275873819986979 0.021161842346191406
20 0.7198659261067708 0.5367115020751954 0.023456827799479166 0.03169832229614258
22 0.8586134592692057 0.6162928104400635 0.033914438883463544 0.028074932098388673
20 0.6962148030598958 0.5354887008666992 0.023747762044270832 0.029602813720703124
25 0.623345947265625 0.501719856262207 0.022867838541666668 0.032377433776855466
20 0.6958133061726888 0.5021453380584717 0.02241961161295573 0.0313323974609375
28 0.9081583658854167 0.7206856727600097 0.04060999552408854 0.021312141418457033
10 0.3734233538309733 0.496031665802002 0.028716405232747395 0.03564891815185547
28 0.9517524719238282 0.7227983474731445 0.04445851643880208 0.022784614562988283
25 0.5992863972981771 0.5013830184936523 0.02424443562825521 0.03279457092285156
30 0.8196885426839192 0.7209115028381348 0.04057032267252604 0.02133331298828125
6 0.466970952351888 0.49540104866027834 0.02640838623046875 0.034119701385498045
30 0.807248051961263 0.700786542892456 0.038377634684244794 0.021161937713623048
17 0.7901540120442708 0.4990557670593262 0.02035675048828125 0.03542251586914062
2 0.5396924336751302 0.5346552848815918 0.027394485473632813 0.03368024826049805
2 0.5089951197306315 0.5341794490814209 0.02544097900390625 0.03457365036010742
31 0.716419537862142 0.6965572357177734 0.04034423828125 0.020344924926757813
13 0.559866205851237 0.630489444732666 0.022076924641927082 0.02706422805786133
28 0.9376480102539062 0.7003191471099853 0.042040252685546876 0.023299598693847658
5 0.29422175089518227 0.4338057994842529 0.054237047831217446 0.021365642547607422
16 0.8778980255126954 0.534091854095459 0.029401397705078124 0.02525482177734375
13 0.5828725179036458 0.5987821578979492 0.02288233439127604 0.03519725799560547
20 0.7193731943766276 0.5025598049163819 0.024323527018229166 0.03353052139282227
0 0.5365867614746094 0.42502145767211913 0.044489542643229164 0.01501922607421875
22 0.893159294128418 0.6168500423431397 0.03318214416503906 0.02728872299194336
22 0.8230164210001628 0.6144173622131348 0.03660596211751302 0.02522907257080078
13 0.5822840372721354 0.632378101348877 0.021719614664713543 0.029903984069824217
2 0.5074819564819336 0.49608592987060546 0.02129058837890625 0.034739112854003905
12 0.6542921702067057 0.6287569046020508 0.02330500284830729 0.021498489379882812
22 0.9281646092732747 0.6191028594970703 0.03561693827311198 0.031620216369628903
13 0.605120595296224 0.6324217796325684 0.02227605183919271 0.030547523498535158
5 0.351471996307373 0.43401188850402833 0.05432313283284505 0.018786525726318358
6 0.43112112681070963 0.5336284637451172 0.02354151407877604 0.03203372955322266
0 0.534422238667806 0.4456373691558838 0.04694430033365885 0.01534128189086914
11 0.007649763425191244 0.8999903678894043 0.015292831261952718 0.08948783874511719
4 0.12128940423329672 0.9032249450683594 0.07264536221822103 0.07989959716796875
0 0.4893606185913086 0.4452666282653809 0.03881289164225261 0.014354133605957031
17 0.8246382395426433 0.5010289669036865 0.026315053304036457 0.0355839729309082
1 0.4483014742533366 0.444334602355957 0.043040529886881514 0.01578807830810547
4 0.04927333990732829 0.9038238525390625 0.06670850118001302 0.07808799743652343
