7 0.25962602297465004 0.3772574901580811 0.04496850967407227 0.03609161376953125
13 0.6582870483398438 0.4217683792114258 0.02785466512044271 0.03094491958618164
9 0.16593373616536458 0.3754937171936035 0.04556719462076823 0.0369297981262207
6 0.5666755676269531 0.3866907596588135 0.032476806640625 0.03749065399169922
9 0.2127537727355957 0.37643938064575194 0.045559628804524736 0.03674015998840332
16 0.9106899261474609 0.38882758617401125 0.030561447143554688 0.02988324165344238
16 0.8785230000813802 0.3873955965042114 0.03132222493489583 0.029503011703491212
3 0.30535929997762046 0.37769036293029784 0.04606444040934245 0.03598966598510742
9 0.21089693705240886 0.4119445323944092 0.047699928283691406 0.03614645004272461
13 0.6794211705525716 0.3876190662384033 0.0263397216796875 0.03578758239746094
12 0.630648422241211 0.42119688987731935 0.027749125162760416 0.031055927276611328
3 0.310307248433431 0.4137116551399231 0.04853960673014323 0.0378305196762085
6 0.5370745340983073 0.42110528945922854 0.033790842692057295 0.03142385482788086
28 0.798432985941569 0.6158002853393555 0.04228363037109375 0.023491382598876953
25 0.7418263117472331 0.4223602294921875 0.033095169067382815 0.032770538330078126
20 0.7690701802571615 0.4226221084594727 0.033231099446614586 0.03280086517333984
25 0.7043711344401041 0.3880627632141113 0.02549603780110677 0.03424701690673828
2 0.5004302660624186 0.38490421772003175 0.03526293436686198 0.03932414054870605
12 0.6256478627522787 0.3870549201965332 0.027465311686197917 0.036610889434814456
12 0.5978273391723633 0.3866559028625488 0.028394190470377605 0.03706932067871094
6 0.571796162923177 0.42096939086914065 0.034149169921875 0.031602668762207034
13 0.6854862213134766 0.42156267166137695 0.02768389383951823 0.03140602111816406
9 0.1624468485514323 0.41133923530578614 0.04783064524332682 0.03686113357543945
20 0.7967281341552734 0.4227604866027832 0.02932764689127604 0.03209667205810547
25 0.730669911702474 0.38832764625549315 0.027471033732096355 0.034319305419921876
10 0.43690964380900066 0.4115851879119873 0.032629776000976565 0.03138856887817383
47 0.5953969955444336 0.6418334007263183 0.038288116455078125 0.03989553451538086
13 0.6531012852986654 0.38767619132995607 0.026651382446289062 0.03631324768066406
47 0.6355010350545247 0.6415500640869141 0.040027491251627606 0.03750324249267578
10 0.43493455251057944 0.3784512519836426 0.02974675496419271 0.03423056602478027
29 0.7040967305501302 0.615628719329834 0.04708023071289062 0.024147796630859374
10 0.39493319193522136 0.37719690799713135 0.03364855448404948 0.03541383743286133
2 0.5024189949035645 0.42003793716430665 0.03359845479329427 0.031808662414550784
31 0.8577571868896484 0.6418038368225097 0.046736653645833334 0.02551126480102539
16 0.922688357035319 0.42384767532348633 0.033751296997070315 0.03238391876220703
10 0.3588653564453125 0.41482173204421996 0.037304051717122394 0.03752591609954834
2 0.4661553700764974 0.38229615688323976 0.033602396647135414 0.03829522132873535
10 0.3598183631896973 0.3767547130584717 0.02204132080078125 0.037808895111083984
10 0.3955532709757487 0.41440634727478026 0.0345547358194987 0.03801507949829101
30 0.7486501057942708 0.614961051940918 0.04326756795247396 0.02364215850830078
47 0.6780757904052734 0.6414273262023926 0.04181543986002604 0.03806781768798828
20 0.7570443471272786 0.3889591693878174 0.026889928181966147 0.034592056274414064
16 0.8901456197102865 0.4230637550354004 0.034505335489908855 0.03219280242919922
30 0.7643406550089519 0.640194034576416 0.04457372029622396 0.025528144836425782
20 0.7826829274495443 0.38942694664001465 0.025923665364583334 0.03392715454101562
12 0.603524907430013 0.42085695266723633 0.02752710978190104 0.031102752685546874
7 0.2608767509460449 0.4128110885620117 0.049352137247721355 0.03725786209106445
28 0.8126465479532877 0.6402040481567383 0.04427464803059896 0.026102066040039062
31 0.843534278869629 0.6173300743103027 0.04522069295247396 0.02480316162109375
58 0.5407846450805665 0.5106385231018067 0.0853204091389974 0.016042137145996095
17 0.8249062856038412 0.42258648872375487 0.030986277262369792 0.032835197448730466
2 0.4697784423828125 0.41669774055480957 0.03076146443684896 0.029206085205078124
58 0.5391524155934652 0.5245766639709473 0.08249890009562175 0.016271591186523438
34 0.21505597432454426 0.5177863597869873 0.09767557779947916 0.030907726287841795
6 0.5341370900472006 0.38611974716186526 0.032742818196614586 0.0385746955871582
34 0.21737772623697918 0.54332275390625 0.0923685073852539 0.01965160369873047
29 0.7210463205973308 0.6407414436340332 0.04346605936686198 0.023343467712402345
17 0.808551279703776 0.3891001224517822 0.02690912882486979 0.033232593536376955
55 0.7106328328450521 0.5234212875366211 0.08359603881835938 0.015232563018798828
61 0.6272935231526693 0.5169708251953125 0.07840983072916667 0.01539154052734375
5 0.8526775360107421 0.4167078971862793 0.03801422119140625 0.04388360977172852
61 0.6276685714721679 0.5427350044250489 0.07055524190266928 0.015293312072753907
25 0.7128364562988281 0.42201623916625974 0.030428568522135418 0.032398033142089847
58 0.5402395884195964 0.541742992401123 0.06474761962890625 0.016890430450439455
55 0.696449343363444 0.4894737243652344 0.07869580586751303 0.013119316101074219
17 0.8462327321370443 0.3840389966964722 0.030898284912109376 0.022879695892333983
55 0.7135088602701823 0.538616943359375 0.07278671264648437 0.01593952178955078
61 0.6205898284912109 0.4908353328704834 0.07166697184244791 0.011201858520507812
60 0.4393274943033854 0.4995814323425293 0.06216862996419271 0.013515663146972657
61 0.6297642389933268 0.5024038791656494 0.08189379374186198 0.013027477264404296
60 0.44034353892008465 0.5459868907928467 0.05449263254801432 0.013811588287353516
60 0.44374961853027345 0.5250069618225097 0.059502792358398435 0.0135772705078125
61 0.6268208821614584 0.5297603130340576 0.0730200449625651 0.0113677978515625
55 0.7100268681844075 0.5094229698181152 0.08165143330891927 0.013737869262695313
60 0.44316304524739586 0.5128069400787354 0.06269041697184245 0.011682605743408203
