44 0.39278825124104816 0.7464785575866699 0.07123006184895833 0.06351509094238281
39 0.5380868275960287 0.7442081451416016 0.07313626607259115 0.06637630462646485
44 0.4654574712117513 0.7447500228881836 0.07011159261067708 0.06853466033935547
42 0.2217214266459147 0.8730506896972656 0.07852115631103515 0.05204429626464844
37 0.3132600466410319 0.8711580276489258 0.09890677134195963 0.051361465454101564
40 0.9102020263671875 0.6227795600891113 0.05003560384114583 0.015948486328125
35 0.4129487991333008 0.8669795989990234 0.08800913492838541 0.022259902954101563
39 0.6169262568155924 0.743462085723877 0.07342465718587239 0.047820663452148436
37 0.32323875427246096 0.8229928970336914 0.10283050537109376 0.037805938720703126
58 0.35072495142618815 0.49430437088012696 0.06470203399658203 0.019203758239746092
55 0.4589040756225586 0.5075579643249511 0.07527249654134115 0.020070457458496095
38 0.3077387491861979 0.7528726100921631 0.07965914408365886 0.021057701110839842
40 0.900796635945638 0.5933472156524658 0.06791178385416667 0.014534091949462891
38 0.31584078470865884 0.7324974060058593 0.07655296325683594 0.01638936996459961
40 0.9034847259521485 0.6073152542114257 0.06856803894042969 0.0150787353515625
58 0.35651887257893883 0.4772449016571045 0.0858218510945638 0.013863372802734374
40 0.8979174931844075 0.5795604705810546 0.06841201782226562 0.01547098159790039
35 0.410133425394694 0.8891771316528321 0.09067026774088542 0.021529388427734376
60 0.2707741498947144 0.4755092620849609 0.06621575355529785 0.014552879333496093
55 0.463724422454834 0.4567272186279297 0.09851245880126953 0.011462020874023437
55 0.4598301251729329 0.47849488258361816 0.10170783996582031 0.011191082000732423
