25 0.3380243937174479 0.41041293144226076 0.024077860514322917 0.025802230834960936
12 0.23635485967000325 0.4095625042915344 0.02553418477376302 0.025969672203063964
25 0.3133419990539551 0.41022529602050783 0.025133323669433594 0.02649545669555664
20 0.36200408935546874 0.4106419444084167 0.024019749959309895 0.025339341163635253
12 0.23307180404663086 0.3779284477233887 0.0254245122273763 0.03556003570556641
12 0.20998687744140626 0.4089336395263672 0.02601172129313151 0.027783679962158202
16 0.46709508895874025 0.38263764381408694 0.028280003865559896 0.03340902328491211
30 0.7289113998413086 0.5864288330078125 0.03891805013020833 0.02019977569580078
3 0.8376289367675781 0.40989103317260744 0.03523890177408854 0.0280487060546875
9 0.7667013168334961 0.41066880226135255 0.03783276875813802 0.028698062896728514
17 0.4381059328715006 0.3816783905029297 0.027439308166503907 0.03381171226501465
16 0.49589099884033205 0.38311004638671875 0.027773157755533854 0.03397359848022461
12 0.2590480804443359 0.3780345439910889 0.026286188761393228 0.03519277572631836
3 0.8225003560384114 0.382922101020813 0.040677642822265624 0.026450490951538085
2 0.7337814331054687 0.4110555171966553 0.02880833943684896 0.02742347717285156
20 0.3819410006205241 0.3813323974609375 0.024706586201985677 0.032296943664550784
2 0.7173664093017578 0.38118572235107423 0.027141825358072916 0.03233890533447266
13 0.28777542114257815 0.41008753776550294 0.02520128885904948 0.02612152099609375
20 0.3863105773925781 0.4111050724983215 0.0262600580851237 0.025350165367126466
25 0.33459835052490233 0.3797027587890625 0.02391395568847656 0.031500053405761716
10 0.6452143987019857 0.4117895245552063 0.030158487955729167 0.027029013633728026
43 0.33160406748453775 0.49689064025878904 0.07803033192952474 0.023011016845703124
17 0.4085989952087402 0.38156967163085936 0.02743384043375651 0.033869361877441405
47 0.6159685134887696 0.5764055728912354 0.034755833943684894 0.029996299743652345
9 0.7492337544759115 0.38271384239196776 0.035709381103515625 0.029372215270996094
25 0.3099271138509115 0.3793328285217285 0.025665283203125 0.03205041885375977
28 0.6881537119547526 0.5870810985565186 0.039305623372395834 0.019267559051513672
34 0.41242008209228515 0.49871001243591306 0.07348289489746093 0.022947025299072266
20 0.3580425262451172 0.38095812797546386 0.02281042734781901 0.03187065124511719
10 0.6765960693359375 0.4118617534637451 0.030228678385416666 0.026862335205078126
7 0.8031394958496094 0.41015262603759767 0.035767618815104166 0.028392982482910157
13 0.2850232442220052 0.3788434028625488 0.023457972208658855 0.03378610610961914
10 0.6345324834187825 0.3812249183654785 0.027060445149739584 0.03292303085327149
31 0.8107039133707682 0.5860044002532959 0.04102999369303385 0.019335460662841798
47 0.650462532043457 0.5760958671569825 0.032923380533854164 0.029413223266601562
7 0.7847860972086589 0.38266716003417967 0.03468043009440104 0.027868366241455077
31 0.7977457682291667 0.567119026184082 0.037744903564453126 0.01859254837036133
58 0.6538372039794922 0.49695911407470705 0.06997222900390625 0.015745162963867188
47 0.5796961466471354 0.5755496501922608 0.034475453694661456 0.030837631225585936
38 0.24932154019673666 0.49590358734130857 0.07702627182006835 0.02467765808105469
17 0.44210542043050133 0.41182680130004884 0.028598785400390625 0.025223827362060545
30 0.7167198816935222 0.5682538986206055 0.038002395629882814 0.017920875549316408
13 0.26206739743550617 0.40994911193847655 0.024568525950113933 0.025808238983154298
6 0.6624409993489583 0.3810356616973877 0.028040313720703126 0.03293008804321289
16 0.4708723068237305 0.4123115539550781 0.026639811197916665 0.02445640563964844
29 0.7709434509277344 0.5853435039520264 0.03805325826009114 0.018058109283447265
6 0.6899076461791992 0.38125197887420653 0.027136739095052084 0.033031463623046875
16 0.5236197153727213 0.3832758903503418 0.02703094482421875 0.033350467681884766
61 0.7330567677815755 0.5094130516052247 0.054193878173828126 0.016551971435546875
17 0.41348835627237956 0.4115234375 0.027674229939778645 0.02625284194946289
8 0.6153304417928059 0.41181135177612305 0.029543558756510418 0.026830577850341798
8 0.5806387583414714 0.3821796655654907 0.027327982584635417 0.03200125694274902
61 0.7267945607503256 0.49528656005859373 0.06287434895833334 0.012456130981445313
55 0.7937146504720052 0.4857935905456543 0.07411969502766927 0.0105377197265625
55 0.7995843251546224 0.4961944580078125 0.0727020263671875 0.013332176208496093
6 0.7058320999145508 0.4113740921020508 0.028113047281901043 0.026747608184814455
61 0.7188858032226563 0.4865275382995605 0.06307093302408855 0.011197853088378906
34 0.41290289560953775 0.5155960083007812 0.071733029683431 0.011253643035888671
8 0.5862055460611979 0.4120700001716614 0.02778167724609375 0.024962973594665528
8 0.6069730122884115 0.38118348121643064 0.025168100992838543 0.031302452087402344
38 0.24736026128133137 0.5157400131225586 0.07230141957600912 0.013795280456542968
29 0.7576658884684245 0.5674247741699219 0.039515177408854164 0.018857574462890624
28 0.681369400024414 0.5693610191345215 0.029263814290364582 0.016472911834716795
61 0.7151594797770182 0.47815985679626466 0.06449152628580729 0.00925302505493164
