7 0.6014498392740886 0.20720932483673096 0.0787322998046875 0.034050607681274415
9 0.21213046179877387 0.2041548490524292 0.07163967556423612 0.033519744873046875
6 0.7177483452690973 0.24896936416625975 0.05584547254774305 0.04894542694091797
7 0.7517645941840277 0.2085570812225342 0.06872490776909722 0.032993125915527347
12 0.23265630933973525 0.2455451726913452 0.046696980794270836 0.04847273826599121
10 0.48351292080349395 0.24824934005737304 0.0599930657280816 0.05074973106384277
10 0.5435296800401476 0.24861040115356445 0.05663825141059028 0.04982967376708984
9 0.3770676506890191 0.2049246072769165 0.06870591905381944 0.03379898071289063
6 0.7747172037760417 0.2497096061706543 0.056435479058159724 0.049125051498413085
14 0.3090901480780707 0.3282948017120361 0.05870594448513455 0.052841567993164064
3 0.5207406785753038 0.20655345320701599 0.06960567898220486 0.03308345079421997
12 0.1860697216457791 0.24545187950134278 0.04632971021864149 0.048331165313720705
12 0.2812347412109375 0.246197509765625 0.04769710964626736 0.04876799583435058
9 0.29760538736979164 0.204788875579834 0.07943428887261285 0.03333301544189453
3 0.4491524590386285 0.20575605034828187 0.07090021769205729 0.03309630155563355
7 0.6800124274359809 0.2079811155796051 0.06995798746744791 0.03237751722335815
13 0.42507849799262154 0.24774932861328125 0.04638146294487847 0.04974656105041504
13 0.37765435112847223 0.24689674377441406 0.04527316623263889 0.049466514587402345
44 0.33371768527560763 0.43433094024658203 0.1114455329047309 0.03393278121948242
2 0.6603788587782118 0.24891417026519774 0.05646294487847222 0.049667978286743165
13 0.33044726053873696 0.24644098281860352 0.047197977701822914 0.04945917129516601
58 0.46500078837076825 0.4398335456848145 0.1371381123860677 0.020592498779296874
2 0.6021758609347874 0.24847865104675293 0.058052317301432295 0.04983949661254883
14 0.3674821217854818 0.329418683052063 0.05773866441514757 0.05196290016174317
8 0.6581774393717448 0.3299896240234375 0.057337443033854164 0.0499211311340332
8 0.773793199327257 0.33052806854248046 0.05930311414930556 0.051349639892578125
14 0.25053643120659724 0.3274909496307373 0.0574485354953342 0.05374574661254883
8 0.7160851372612848 0.32999329566955565 0.05642869737413195 0.05041313171386719
8 0.6010155571831597 0.32967324256896974 0.05520290798611111 0.05047292709350586
8 0.5433810763888889 0.3299480676651001 0.05610521104600694 0.05094566345214844
14 0.1897128423055013 0.3262667179107666 0.05999760097927517 0.0547760009765625
14 0.42624342176649305 0.32983574867248533 0.056693183051215276 0.05156245231628418
56 0.7308966742621528 0.4435767650604248 0.1174285888671875 0.015304279327392579
8 0.4852875179714627 0.3297688961029053 0.05774900648328993 0.05118794441223144
61 0.6053075154622396 0.4443503379821777 0.12122955322265624 0.014666366577148437
61 0.6007277594672309 0.42996511459350584 0.11810285780164931 0.014341926574707032
39 0.2147101084391276 0.4250082492828369 0.11996137830946181 0.05310487747192383
61 0.5866485595703125 0.4155093193054199 0.10176628960503473 0.013673973083496094
56 0.7206980599297418 0.42834835052490233 0.11265898810492622 0.010228252410888672
