15 0.6587814331054688 0.2431727170944214 0.038249969482421875 0.03389849662780762
7 0.6187641143798828 0.31363372802734374 0.03583730061848958 0.034067535400390626
11 0.7278433481852213 0.6666539192199707 0.07948735555013021 0.06475563049316406
7 0.6178309122721354 0.2785382032394409 0.036455027262369794 0.032728719711303714
30 0.6117621103922526 0.8685616493225098 0.037584177652994794 0.03282375335693359
29 0.4963528315226237 0.8289303779602051 0.03490390777587891 0.027281761169433594
2 0.549261728922526 0.46880712509155276 0.028207143147786457 0.02374277114868164
6 0.6405958811442057 0.41353611946105956 0.02941741943359375 0.03313236236572266
15 0.6570389429728191 0.31157402992248534 0.038748550415039065 0.034369468688964844
30 0.6057243347167969 0.8385927200317382 0.03501421610514323 0.027114295959472658
0 0.6449508666992188 0.5701059341430664 0.03140614827473958 0.023971748352050782
3 0.5816307067871094 0.314434814453125 0.03804829915364583 0.033281707763671876
15 0.6548434575398763 0.2772963285446167 0.03623644510904948 0.03349261283874512
28 0.45821380615234375 0.8279136657714844 0.03357086181640625 0.027661705017089845
29 0.492768128712972 0.8591039657592774 0.036522165934244795 0.033817291259765625
2 0.5205594380696614 0.46932125091552734 0.027619171142578124 0.023996353149414062
6 0.6114864349365234 0.4128314971923828 0.028624725341796876 0.03176689147949219
17 0.728679339090983 0.30975377559661865 0.02751477559407552 0.033709239959716794
11 0.6519927978515625 0.665076732635498 0.07213350931803385 0.06736907958984376
3 0.5817982991536458 0.24421367645263672 0.03997116088867188 0.034384632110595705
6 0.6426657358805339 0.37294745445251465 0.03017005920410156 0.024915599822998048
30 0.6145481109619141 0.9043319702148438 0.040360514322916666 0.033288192749023435
7 0.6206919987996419 0.24507560729980468 0.03733978271484375 0.03467721939086914
30 0.5701091130574544 0.8338803291320801 0.03515459696451823 0.02701911926269531
6 0.6123349507649739 0.3735361099243164 0.029480743408203124 0.024057340621948243
30 0.5719497680664063 0.8656259536743164 0.037346140543619795 0.031204605102539064
10 0.5819932301839192 0.3742984771728516 0.028105799357096353 0.024539089202880858
29 0.49073492685953773 0.8950021743774415 0.038854153951009114 0.03408737182617187
28 0.45278838475545247 0.8590119361877442 0.03536357879638672 0.03234081268310547
30 0.5728752136230468 0.9012886047363281 0.039437357584635416 0.033519744873046875
10 0.5820683797200521 0.4090078353881836 0.02849756876627604 0.02399454116821289
31 0.36703592936197915 0.8886648178100586 0.03920911153157552 0.03316192626953125
28 0.4079780578613281 0.8921709060668945 0.038616053263346356 0.03356666564941406
17 0.7003467559814454 0.30971331596374513 0.025219090779622397 0.03423624038696289
10 0.5533779780069987 0.4090677261352539 0.027689743041992187 0.023827552795410156
29 0.5303028742472331 0.8618574142456055 0.03635571797688802 0.032636260986328124
0 0.6779253641764323 0.5690436363220215 0.033499526977539065 0.024147224426269532
10 0.5530107498168946 0.374605131149292 0.028193537394205728 0.02421121597290039
2 0.5533002217610677 0.5016782760620118 0.026785659790039062 0.02400341033935547
12 0.6299430847167968 0.4668140411376953 0.0246856689453125 0.021141910552978517
28 0.4474735895792643 0.8932233810424804 0.039110692342122395 0.033324813842773436
3 0.5805417378743489 0.27872090339660643 0.03760935465494792 0.034698867797851564
22 0.5760655721028646 0.570717716217041 0.03292287190755208 0.025938129425048827
31 0.38644364674886067 0.8252618789672852 0.0336825688680013 0.022008895874023438
29 0.5304662386576334 0.8959627151489258 0.03818836212158203 0.03254261016845703
31 0.3289622942606608 0.8856674194335937 0.03862749735514323 0.03318710327148437
2 0.5254085540771485 0.5021568298339844 0.02838414510091146 0.02519989013671875
20 0.6824598948160807 0.5016624450683593 0.025177510579427083 0.022018241882324218
1 0.7181451161702473 0.569909143447876 0.037423197428385416 0.023374176025390624
12 0.6552809397379558 0.4668104648590088 0.02553075154622396 0.021263504028320314
31 0.37677841186523436 0.8528030395507813 0.036600494384765626 0.032167816162109376
31 0.3400600433349609 0.8512301445007324 0.03787829081217448 0.032082557678222656
12 0.6566956837972006 0.5007330894470214 0.024489339192708334 0.021212100982666016
20 0.6819052378336589 0.4673901557922363 0.0261749267578125 0.02173004150390625
31 0.3527137120564779 0.8226551055908203 0.03502044677734375 0.0232177734375
16 0.7709229787190756 0.30795300006866455 0.02572186787923177 0.03399677276611328
25 0.7075967152913412 0.4672529220581055 0.026098887125651043 0.02160015106201172
28 0.41597661972045896 0.8570350646972656 0.03578961690266927 0.032491874694824216
29 0.5303981145222981 0.8329291343688965 0.032645034790039065 0.025936698913574217
13 0.6054964065551758 0.5010347366333008 0.024452590942382814 0.02082481384277344
13 0.604335339864095 0.4667032718658447 0.02444038391113281 0.020845508575439452
13 0.5802377065022787 0.5010281562805176 0.024811553955078124 0.021078109741210938
17 0.7271860758463542 0.27050437927246096 0.02897923787434896 0.033194112777709964
12 0.631328837076823 0.5006942749023438 0.02566248575846354 0.020725440979003907
13 0.5785241444905599 0.46730813980102537 0.02626978556315104 0.021615219116210938
1 0.7556082407633463 0.5700499534606933 0.035730743408203126 0.022223281860351562
22 0.6099177678426106 0.570136022567749 0.03401044209798177 0.026018047332763673
28 0.42329800923665367 0.8268933296203613 0.03476117451985677 0.025651168823242188
9 0.542773453394572 0.24576830863952637 0.037140878041585286 0.03407692909240723
16 0.7667739868164063 0.2705009698867798 0.026289876302083334 0.03477258682250976
17 0.6906155268351237 0.270940899848938 0.02989171346028646 0.03381476402282715
15 0.5432114919026693 0.27988877296447756 0.03598467508951823 0.03539266586303711
15 0.543115234375 0.3162088871002197 0.03745625813802083 0.03288536071777344
25 0.7079640706380208 0.5019820690155029 0.025215657552083333 0.02213563919067383
