9 0.8388369242350261 0.5576824188232422 0.032945505777994794 0.02837982177734375
9 0.8042980194091797 0.5581377983093262 0.03644688924153646 0.028870773315429688
12 0.22408835093180338 0.5558793544769287 0.032998148600260416 0.03562517166137695
17 0.48814846674601237 0.5576992511749268 0.03385359446207682 0.03408823013305664
43 0.37759631474812827 0.6626914501190185 0.0886172612508138 0.03301458358764649
10 0.7440708160400391 0.5581480026245117 0.030445607503255208 0.030118370056152345
13 0.29417667388916013 0.5563520431518555 0.03356717427571614 0.032503700256347655
16 0.5562854766845703 0.5582371711730957 0.03318862915039063 0.033008575439453125
16 0.5891028086344401 0.5584325790405273 0.03222999572753906 0.033165359497070314
12 0.25839393933614097 0.5559200286865235 0.03607110977172852 0.03387928009033203
17 0.5223101933797201 0.5575800895690918 0.03410250345865885 0.03390588760375977
31 0.7764166514078776 0.697761869430542 0.040690104166666664 0.030722427368164062
3 0.9376133600870769 0.5586726665496826 0.0347375233968099 0.028020858764648438
25 0.3622005462646484 0.5563138008117676 0.032001622517903644 0.03330564498901367
47 0.7012944539388021 0.7069029331207275 0.032491811116536456 0.03769521713256836
3 0.9032602945963542 0.5599905014038086 0.036738077799479164 0.029843521118164063
25 0.3933174769083659 0.5559679985046386 0.030820465087890624 0.03306512832641602
20 0.4555224418640137 0.5555880546569825 0.029323450724283853 0.03265056610107422
20 0.42527516682942706 0.5563082218170166 0.03094329833984375 0.03227300643920898
7 0.8700070063273112 0.5615147590637207 0.031089401245117186 0.03672351837158203
14 0.6209566752115886 0.5582528114318848 0.03119049072265625 0.03177318572998047
13 0.3278946876525879 0.5560444355010986 0.03328558603922526 0.03274993896484375
58 0.761725107828776 0.6531388282775878 0.06456680297851562 0.016723823547363282
47 0.6684860229492188 0.7090405464172364 0.03277791341145833 0.038659095764160156
58 0.6930171966552734 0.655943775177002 0.07045707702636719 0.017906570434570314
47 0.6344183603922526 0.7100861549377442 0.03543103535970052 0.037436485290527344
58 0.6850725809733073 0.641368293762207 0.07140299479166666 0.014279747009277343
10 0.7727867126464844 0.5579102516174317 0.02721430460611979 0.030289268493652342
61 0.8028384526570638 0.6238614559173584 0.05310745239257812 0.013128948211669923
58 0.6757340749104818 0.6279776573181153 0.06809539794921875 0.013008308410644532
34 0.5541317621866862 0.6554745674133301 0.0787878672281901 0.029914093017578126
38 0.4688067118326823 0.6611381530761719 0.08581924438476562 0.029715919494628908
31 0.8159509023030599 0.6939261436462403 0.03794377644856771 0.026826953887939452
14 0.653081766764323 0.5583579540252686 0.0327386220296224 0.0305755615234375
58 0.7360172271728516 0.6138361930847168 0.060812123616536456 0.012078475952148438
61 0.822634506225586 0.6498226165771485 0.058917999267578125 0.015251922607421874
58 0.7540598551432292 0.6384311199188233 0.06146926879882812 0.013916301727294921
31 0.7389593760172526 0.6998140811920166 0.038140360514322916 0.029343414306640624
60 0.626118024190267 0.6588613033294678 0.05634040832519531 0.016618728637695312
58 0.7464451471964518 0.6250861644744873 0.06468607584635416 0.013739967346191406
61 0.8124024073282877 0.637225341796875 0.05878130594889323 0.012791252136230469
60 0.6189134597778321 0.6437739372253418 0.04897321065266927 0.011395263671875
43 0.2772504488627116 0.6662147521972657 0.09186038970947266 0.03317317962646484
43 0.2836625417073568 0.6400644302368164 0.09185619354248047 0.017034530639648438
38 0.46606629689534507 0.6384485721588135 0.08108571370442709 0.017267990112304687
58 0.6719326655069987 0.616428279876709 0.06596158345540365 0.011186599731445312
55 0.8897953033447266 0.6485842704772949 0.06888173421223959 0.013756752014160156
55 0.8822984059651693 0.6369952201843262 0.06436258951822917 0.0118560791015625
8 0.714466667175293 0.5577243804931641 0.02883173624674479 0.029575538635253907
60 0.6107159932454427 0.6227358818054199 0.0529815673828125 0.009587669372558593
31 0.8509910583496094 0.6925174713134765 0.03908487955729167 0.028693008422851562
60 0.6135298411051432 0.6331573009490967 0.048561350504557295 0.01090850830078125
