9 0.6770070393880209 0.6041322231292725 0.026877721150716145 0.019282436370849608
9 0.7076320648193359 0.6641604423522949 0.026787312825520833 0.021157455444335938
9 0.5917327245076497 0.5296151161193847 0.02659441630045573 0.016733741760253905
9 0.6180451711018881 0.5291851997375489 0.0254974365234375 0.01661529541015625
9 0.6249984741210938 0.6620224952697754 0.026182047526041665 0.019984912872314454
9 0.7355064392089844 0.6641833305358886 0.02845026652018229 0.021265792846679687
9 0.7032851537068685 0.6037750244140625 0.024842453002929688 0.018873214721679688
9 0.6785277048746745 0.6304844856262207 0.027449544270833334 0.01929750442504883
9 0.7300207773844402 0.6037467956542969 0.027858734130859375 0.019858360290527344
9 0.7050170262654623 0.6304444313049317 0.025508880615234375 0.019335174560546876
9 0.574917984008789 0.6082170486450196 0.0261810302734375 0.020777320861816405
9 0.6008478800455729 0.6078684806823731 0.025628280639648438 0.020929718017578126
9 0.6000457763671875 0.6618388175964356 0.023764546712239584 0.019178390502929688
9 0.6801469167073567 0.664120101928711 0.027286020914713542 0.021062850952148438
9 0.7316888809204102 0.6308062553405762 0.02719434102376302 0.01897773742675781
9 0.7086879730224609 0.6883536338806152 0.025813547770182292 0.014804458618164063
9 0.6263461430867513 0.6319573402404786 0.025495529174804688 0.014673709869384766
9 0.5656047185262044 0.5302297592163085 0.026132710774739585 0.017157554626464844
9 0.5910241444905598 0.47721309661865235 0.022365315755208334 0.015375041961669922
9 0.56697998046875 0.5521573066711426 0.025419998168945312 0.013984107971191406
9 0.6226305643717448 0.6844143867492676 0.024385833740234376 0.013868141174316406
9 0.7366610209147135 0.6884618759155273 0.028008778889973957 0.014922142028808594
9 0.6264853159586589 0.6074098587036133 0.025747044881184896 0.020594120025634766
9 0.5929005940755209 0.5517556190490722 0.025750732421875 0.013828277587890625
9 0.6829437255859375 0.6882744312286377 0.025280507405598958 0.014827346801757813
9 0.5738063812255859 0.6639013290405273 0.027462005615234375 0.017798614501953126
9 0.6014935175577799 0.6321452140808106 0.024185307820638022 0.014655876159667968
9 0.6193308512369792 0.49747400283813475 0.023875681559244792 0.013672637939453124
9 0.6186086654663085 0.47599353790283205 0.025195821126302084 0.01613788604736328
8 0.513499641418457 0.5286853790283204 0.018839136759440104 0.01758708953857422
8 0.4545585632324219 0.6610396862030029 0.019269434611002605 0.0190399169921875
9 0.5987297058105469 0.6839018821716308 0.023227945963541666 0.013654708862304688
8 0.38723646799723305 0.6099313735961914 0.018505350748697916 0.018683815002441408
9 0.5673789978027344 0.4771572113037109 0.024321746826171876 0.015173721313476562
8 0.4815209706624349 0.6606562614440918 0.020292282104492188 0.018837165832519532
8 0.5325522422790527 0.5282499313354492 0.01895275115966797 0.017766761779785156
8 0.41072152455647787 0.6617210388183594 0.018935648600260417 0.017796421051025392
8 0.4787377993265788 0.6056635856628418 0.01719220479329427 0.021106529235839843
8 0.45550511678059896 0.6836814880371094 0.0202117919921875 0.014389419555664062
9 0.594772466023763 0.4979604721069336 0.025715382893880208 0.013005256652832031
8 0.40720752080281575 0.6094115257263184 0.019995880126953126 0.020623016357421874
9 0.6186436335245769 0.5513270378112793 0.02503941853841146 0.013344669342041015
8 0.4104869842529297 0.6836743354797363 0.017154566446940103 0.015059089660644532
8 0.452256711324056 0.6310060501098633 0.018986066182454426 0.016230392456054687
8 0.43149442672729493 0.631558895111084 0.02096239725748698 0.015793800354003906
8 0.43322006861368817 0.6610633850097656 0.021028455098470053 0.01859626770019531
8 0.5228086471557617 0.60604887008667 0.021456273396809895 0.02112884521484375
8 0.42970368067423503 0.6083991050720214 0.01843687693277995 0.021015357971191407
8 0.40703554153442384 0.6320638656616211 0.018491045633951823 0.015531349182128906
8 0.544091796875 0.6061962604522705 0.018881734212239584 0.020952320098876952
8 0.44902928670247394 0.6076054096221923 0.019468053181966146 0.021340370178222656
9 0.5738373438517252 0.6839742183685302 0.024643961588541666 0.013912487030029296
8 0.4992380460103353 0.6060883045196533 0.021567598978678385 0.021583366394042968
9 0.569258181254069 0.49842529296875 0.024112447102864584 0.012926483154296875
9 0.5744623819986979 0.631928539276123 0.026285298665364585 0.013452911376953125
8 0.3889455795288086 0.6326507568359375 0.018566385904947916 0.013608932495117188
8 0.3904869079589844 0.6614605903625488 0.019423929850260417 0.01737346649169922
8 0.49306659698486327 0.529569673538208 0.01880327860514323 0.018928337097167968
8 0.47080891927083335 0.5296607494354248 0.019385528564453126 0.020109081268310548
8 0.3926148732503255 0.6836940288543701 0.017581939697265625 0.015046977996826172
8 0.5029426574707031 0.6605195045471192 0.02034626007080078 0.018532752990722656
