9 0.635439936319987 0.11676180362701416 0.07335128784179687 0.07392044067382812
10 0.517378838857015 0.42627720832824706 0.05254802703857422 0.05907249450683594
9 0.5577744166056315 0.12463243007659912 0.07918167114257812 0.07243843078613281
25 0.5470003604888916 0.5267367362976074 0.04229154586791992 0.05199508666992188
44 0.6188649495442708 0.9331977844238282 0.10436045328776042 0.11852760314941406
61 0.5354543685913086 0.7484529972076416 0.07729593912760417 0.06617364883422852
20 0.587161127726237 0.5346329689025879 0.03872044881184896 0.05418701171875
25 0.5045124689737955 0.5223528385162354 0.04253705342610677 0.05176105499267578
7 0.5656992594401041 0.26099505424499514 0.08260968526204428 0.0767054557800293
6 0.6220704396565755 0.43910808563232423 0.05813242594401042 0.0632467269897461
14 0.6227125803629557 0.3474851608276367 0.05759264628092448 0.06097574234008789
7 0.6397224426269531 0.2372349977493286 0.07253952026367187 0.080330228805542
20 0.6327223459879557 0.5424898147583008 0.052105712890625 0.06439781188964844
39 0.5126895904541016 0.9160289764404297 0.09185587565104167 0.08564300537109375
14 0.5110772132873536 0.34279842376708985 0.05474440256754557 0.05214910507202149
55 0.5336294809977213 0.8034420013427734 0.0900054931640625 0.06282997131347656
2 0.5688463846842448 0.4328014850616455 0.04730072021484375 0.05821018218994141
58 0.5384258270263672 0.702660083770752 0.07462628682454427 0.055711555480957034
61 0.6272426605224609 0.7362562656402588 0.1009234110514323 0.04236469268798828
14 0.565535036722819 0.3508627414703369 0.05114479064941406 0.04784913063049316
16 0.625482686360677 0.612695837020874 0.06551106770833333 0.048107242584228514
55 0.6323097229003907 0.8015833854675293 0.11357091267903646 0.02931079864501953
