3 0.4756199359893799 0.49931081136067706 0.02461519241333008 0.03242301940917969
25 0.395880126953125 0.24962139129638672 0.017569541931152344 0.041987164815266924
15 0.21204842925071715 0.5052053133646647 0.027630817890167237 0.03425159454345703
3 0.4506393909454346 0.5013232549031575 0.024918365478515624 0.03317120869954427
10 0.3029665470123291 0.3661672592163086 0.021927261352539064 0.032842000325520836
9 0.3743697166442871 0.5015855153401693 0.02569293975830078 0.0312255859375
6 0.5329157829284668 0.36752522786458336 0.020348358154296874 0.03206634521484375
10 0.3683952808380127 0.4115392049153646 0.02060213088989258 0.03240966796875
7 0.5009243965148926 0.49825414021809894 0.02531909942626953 0.0343722661336263
9 0.4002711296081543 0.5011382102966309 0.02540283203125 0.03147589365641276
16 0.09482803344726562 0.5013155619303385 0.022522902488708495 0.0349572499593099
3 0.47503209114074707 0.539705467224121 0.02449007034301758 0.027291234334309897
25 0.4822997570037842 0.25089330673217775 0.016535091400146484 0.04197762807210286
9 0.2947112560272217 0.5040397644042969 0.026458168029785158 0.03288192749023437
3 0.4255021095275879 0.5016564687093099 0.0248809814453125 0.031789398193359374
9 0.3485279083251953 0.5025758743286133 0.025896835327148437 0.031414095560709634
15 0.21479296684265137 0.5471270879109701 0.026845502853393554 0.028447977701822915
10 0.3038285970687866 0.4109177589416504 0.02147650718688965 0.03318163553873698
7 0.4998171806335449 0.5393658955891927 0.024314308166503908 0.027942911783854166
10 0.3470315456390381 0.41131114959716797 0.021315956115722658 0.03302421569824219
25 0.39735846519470214 0.29055102666219074 0.017720985412597656 0.0364901860555013
16 0.0982682466506958 0.5464080810546875 0.023282241821289063 0.0330230712890625
10 0.3459620475769043 0.3671974817911784 0.021785926818847657 0.032287851969401045
6 0.49265270233154296 0.4109125773111979 0.020684051513671874 0.03157323201497396
7 0.5263269901275635 0.4987534840901693 0.02524595260620117 0.03451677958170573
16 0.072310471534729 0.5015098571777343 0.022405099868774415 0.035357030232747395
29 0.1486802577972412 0.6680363972981771 0.032428741455078125 0.02582550048828125
9 0.4005721569061279 0.5421893914540609 0.024480152130126952 0.02756477991739909
12 0.3240504264831543 0.24888512293497722 0.018270111083984374 0.044489606221516924
9 0.3215610504150391 0.5036482493082682 0.02669210433959961 0.03164037068684896
9 0.3756847381591797 0.5428039391835531 0.025204277038574217 0.028337891896565756
15 0.2394495964050293 0.5055238723754882 0.027730846405029298 0.03479347229003906
3 0.42593040466308596 0.5413661321004232 0.02468395233154297 0.027048746744791668
10 0.4101670742034912 0.41137574513753256 0.020393943786621092 0.032326698303222656
10 0.409713888168335 0.36816654205322263 0.02075786590576172 0.03254013061523438
9 0.2700629472732544 0.5453683376312256 0.026080799102783204 0.02677634557088216
3 0.4506077766418457 0.5407962163289388 0.024132347106933592 0.026912689208984375
6 0.5329012870788574 0.41050071716308595 0.02048206329345703 0.03112169901529948
2 0.47206697463989256 0.36820411682128906 0.020224952697753908 0.0313025156656901
9 0.34967384338378904 0.543432871500651 0.02610645294189453 0.028842417399088542
11 0.6468652248382568 0.7494299570719402 0.0421238899230957 0.08878440856933593
10 0.36789746284484864 0.3676060358683268 0.021024227142333984 0.03241666158040365
29 0.18042147159576416 0.6658039728800456 0.030513572692871093 0.025343831380208334
25 0.48339099884033204 0.2910906473795573 0.016472244262695314 0.03601353963216146
16 0.07483451366424561 0.546966552734375 0.022884070873260498 0.033782704671223955
25 0.5005125522613525 0.291757074991862 0.01674346923828125 0.03482805887858073
20 0.5334074974060059 0.251904296875 0.017065906524658205 0.042338625590006514
25 0.46669678688049315 0.29086885452270506 0.016633129119873045 0.03713563283284505
9 0.26769866943359377 0.5038157780965169 0.027101612091064452 0.033308919270833334
10 0.3253999948501587 0.41132335662841796 0.02112102508544922 0.033133443196614584
16 0.05250248312950134 0.5473242282867432 0.02139524221420288 0.03327029546101888
7 0.5248104572296143 0.5394553502400716 0.024314308166503908 0.027431233723958334
13 0.3425938129425049 0.24991029103597004 0.01763496398925781 0.04529762268066406
10 0.32447242736816406 0.3669219970703125 0.020570945739746094 0.032539113362630205
0 0.20847675800323487 0.24682051340738934 0.029574155807495117 0.042494583129882815
25 0.4656033515930176 0.2507010459899902 0.016780662536621093 0.04145736694335937
29 0.19894304275512695 0.6180545806884765 0.029627466201782228 0.023303095499674478
10 0.3887006759643555 0.36788244247436525 0.02026510238647461 0.032126235961914065
25 0.4150556087493896 0.290129820505778 0.01705446243286133 0.037026405334472656
12 0.23371894359588624 0.28838367462158204 0.01788783073425293 0.03335405985514323
29 0.1887052297592163 0.6411969502766927 0.03008260726928711 0.023351160685221355
20 0.4992560386657715 0.25146153767903645 0.016960334777832032 0.042076365152994795
12 0.2515315055847168 0.24874312082926434 0.018118667602539062 0.046338335673014326
2 0.4518758773803711 0.368376350402832 0.020133590698242186 0.03166694641113281
10 0.3891775131225586 0.41139628092447916 0.020436716079711915 0.032371266682942705
29 0.16879485845565795 0.6191735585530599 0.02865889072418213 0.023827743530273438
25 0.4312018394470215 0.24991572697957357 0.017074775695800782 0.040701802571614584
25 0.4323248863220215 0.28959690729777016 0.017084312438964844 0.03726692199707031
8 0.26028923988342284 0.41024258931477864 0.021197986602783204 0.03331012725830078
12 0.32537930011749266 0.29295241038004555 0.01767277717590332 0.04269854227701823
6 0.5129416465759278 0.3677117665608724 0.019670867919921876 0.03184560139973958
6 0.5128322601318359 0.41058146158854164 0.01918621063232422 0.031178919474283855
6 0.49268078804016113 0.36809368133544923 0.020499324798583983 0.0320163091023763
25 0.4497401714324951 0.2898257573445638 0.016837024688720705 0.036928685506184895
30 0.07655600309371949 0.6698257446289062 0.032118797302246094 0.02605463663736979
9 0.32296931743621826 0.5439786911010742 0.025809860229492186 0.028319931030273436
28 0.2837217330932617 0.660059102376302 0.03004150390625 0.024666595458984374
13 0.3778801679611206 0.2505564371744792 0.017559146881103514 0.044209798177083336
1 0.09102287292480468 0.234847354888916 0.027690911293029787 0.02883141835530599
25 0.5173494338989257 0.2933318773905436 0.016990280151367186 0.03744316101074219
20 0.5163331508636475 0.25139608383178713 0.01712322235107422 0.04250971476236979
9 0.2966166019439697 0.5447690327962239 0.026146125793457032 0.027314249674479166
0 0.2087861955165863 0.28543930053710936 0.027709972858428956 0.027610397338867186
2 0.47182865142822267 0.4111117680867513 0.020113754272460937 0.03226000467936198
31 0.25522465705871583 0.6381724039713542 0.03191556930541992 0.02364044189453125
28 0.31814279556274416 0.6365339914957683 0.027011299133300783 0.023607254028320312
4 0.6904710292816162 0.7480278650919596 0.0451934814453125 0.0845361073811849
28 0.31349635124206543 0.6599110921223958 0.028560686111450195 0.023235321044921875
25 0.44858617782592775 0.2504842440287272 0.01743030548095703 0.04113585154215495
25 0.4138456344604492 0.24967269897460936 0.017603588104248048 0.041507657368977866
2 0.4312408447265625 0.3679436365763346 0.020934486389160158 0.03179588317871094
14 0.09763624668121337 0.36530679066975913 0.018943524360656737 0.03483784993489583
12 0.2694732666015625 0.24826302528381347 0.017801475524902344 0.04488922754923503
12 0.30579819679260256 0.24806623458862304 0.017267227172851562 0.04317010243733724
25 0.5346708297729492 0.2931307474772135 0.01761798858642578 0.03658447265625
2 0.4516493320465088 0.41098333994547526 0.019750690460205077 0.03136647542317708
8 0.23765244483947753 0.41070302327473956 0.021665573120117188 0.03339118957519531
28 0.28925237655639646 0.6354419708251953 0.029402446746826173 0.02414423624674479
1 0.1219221830368042 0.23894901275634767 0.02591257095336914 0.03401997884114583
0 0.15084469318389893 0.24045486450195314 0.02894570827484131 0.03436272939046224
13 0.36053540706634524 0.25038188298543296 0.017403936386108397 0.04501158396402995
30 0.10813424587249756 0.669766616821289 0.030176734924316405 0.022998555501302084
31 0.26189374923706055 0.6152446746826172 0.028576087951660157 0.021594746907552084
31 0.224060583114624 0.6393890380859375 0.03156404495239258 0.023625691731770832
31 0.23265652656555175 0.6169305165608724 0.029442214965820314 0.02264251708984375
30 0.08816712498664855 0.6458262125651042 0.027667224407196045 0.023690414428710938
12 0.28785457611083987 0.24747269948323566 0.01818714141845703 0.04233970642089844
12 0.23336055278778076 0.2479630470275879 0.0180513858795166 0.04571406046549479
30 0.10096858739852906 0.6222279866536459 0.02820448875427246 0.02276458740234375
5 0.14438965320587158 0.15752851168314616 0.04670705795288086 0.033223438262939456
31 0.21671409606933595 0.663742192586263 0.031473541259765626 0.025273640950520832
17 0.167547607421875 0.5451388676961263 0.0218656063079834 0.030996195475260415
12 0.25191493034362794 0.29253311157226564 0.01757335662841797 0.039983177185058595
29 0.15769522190093993 0.6425268809000652 0.029460668563842773 0.024269612630208333
5 0.24036905765533448 0.16231625874837238 0.04275579452514648 0.031239700317382813
5 0.19446992874145508 0.16175678571065266 0.04270505905151367 0.03119637171427409
15 0.24231352806091308 0.5474643707275391 0.02668337821960449 0.027382024129231772
8 0.21049789786338807 0.3646150906880697 0.02319718599319458 0.03430035909016927
13 0.34403166770935056 0.2941748301188151 0.017418289184570314 0.04265015920003255
1 0.12418860197067261 0.283242670694987 0.026366257667541505 0.03027521769205729
2 0.4313408851623535 0.41116240819295247 0.020728302001953126 0.031608200073242186
8 0.2137026309967041 0.4102851231892904 0.02141885757446289 0.03298505147298177
11 0.5567635536193848 0.7545981089274089 0.048844528198242185 0.0881940205891927
12 0.26996583938598634 0.2917158762613932 0.01734323501586914 0.040137863159179686
13 0.3618762493133545 0.29496402740478517 0.016724634170532226 0.042611122131347656
0 0.15265833139419555 0.28315308888753254 0.02810971736907959 0.027042516072591147
16 0.049448198080062865 0.5019184748331705 0.02278296947479248 0.03590380350748698
8 0.23443589210510254 0.36531540552775066 0.021536779403686524 0.03456312815348307
30 0.13027498722076417 0.623082987467448 0.028249406814575197 0.022504806518554688
14 0.11812851428985596 0.3649171829223633 0.022036266326904298 0.033348464965820314
5 0.09473349452018738 0.15576845804850262 0.04749397039413452 0.032660452524820964
0 0.17944543361663817 0.24214490254720053 0.026447772979736328 0.0345980962117513
8 0.2556625843048096 0.3653697967529297 0.020366859436035157 0.033995564778645834
1 0.06334820985794068 0.2355847676595052 0.026178193092346192 0.033358001708984376
28 0.32422361373901365 0.6134410222371419 0.02461996078491211 0.020593643188476562
1 0.09444206953048706 0.28240960439046225 0.027194118499755858 0.030115636189778645
31 0.24790654182434083 0.6619755427042643 0.029551601409912108 0.022381337483723958
8 0.2785930156707764 0.36500008900960285 0.023183917999267577 0.03371493021647135
14 0.16573829650878907 0.36483001708984375 0.021159982681274413 0.03468399047851563
14 0.14477651119232177 0.40889135996500653 0.022049474716186523 0.03163706461588542
14 0.07491655349731445 0.40866575241088865 0.021540582180023193 0.03264268239339193
14 0.05316770225763321 0.4082115809122721 0.02158679664134979 0.03354721069335938
17 0.16317759752273558 0.5004679997762044 0.022369241714477538 0.033330408732096355
30 0.1161531686782837 0.6460789362589519 0.02789037227630615 0.022997538248697918
17 0.18617961406707764 0.5015166600545248 0.02280001640319824 0.03367767333984375
5 0.07434402704238892 0.04780075947443644 0.04454054832458496 0.035744825998942055
14 0.07593834400177002 0.3627721150716146 0.02129654884338379 0.03212413787841797
11 0.6040547370910645 0.7512045542399088 0.045910072326660153 0.08728612263997396
5 0.04434713125228882 0.15314524968465168 0.0456639289855957 0.03255821863810222
17 0.18986191749572753 0.5455883661905925 0.021768665313720702 0.030272420247395834
14 0.09740452766418457 0.4089633941650391 0.02188427448272705 0.03239733378092448
14 0.05180715918540955 0.3628218332926432 0.023729002475738524 0.03247909545898438
28 0.296323823928833 0.6130376180013021 0.025642776489257814 0.021414693196614584
17 0.14073766469955445 0.5010808944702149 0.022292685508728028 0.034695943196614586
13 0.3790746212005615 0.29480326970418297 0.01672086715698242 0.04272022247314453
17 0.1178816318511963 0.5013860702514649 0.022895193099975585 0.03491961161295573
14 0.1424872398376465 0.36496318181355797 0.023406553268432616 0.03363876342773438
5 0.17956464290618895 0.05186902681986491 0.047664642333984375 0.03690072695414225
8 0.2815216541290283 0.41048545837402345 0.019931507110595704 0.03342030843098958
1 0.06684579849243164 0.2818502426147461 0.026981818675994872 0.031139246622721353
8 0.19214138984680176 0.41015408833821615 0.020177650451660156 0.033740234375
14 0.12105836868286132 0.4087758382161458 0.023351192474365234 0.03315315246582031
14 0.16896283626556396 0.4101044336954753 0.02310776710510254 0.033451016743977866
16 0.12164325714111328 0.5459985733032227 0.0229705810546875 0.03250567118326823
5 0.12550556659698486 0.04914571841557821 0.04705662727355957 0.038538670539855956
16 0.14468154907226563 0.5460660298665364 0.022961997985839845 0.031799570719401045
