9 0.37627449035644533 0.5461014747619629 0.037208175659179686 0.027689075469970702
9 0.28972943623860675 0.4716468811035156 0.04091326395670573 0.03117198944091797
9 0.32973146438598633 0.4707191467285156 0.03875808715820313 0.03187894821166992
9 0.3388399124145508 0.5788985252380371 0.039010111490885416 0.027389907836914064
9 0.37900505065917967 0.5780212879180908 0.03925336201985677 0.026589298248291017
9 0.2996639887491862 0.5482652664184571 0.038399823506673175 0.025749969482421874
9 0.36970945994059246 0.5058720588684082 0.039591344197591145 0.024164581298828126
9 0.3694098154703776 0.47022151947021484 0.03993695576985677 0.032888031005859374
9 0.3299594243367513 0.5063045501708985 0.03921178181966146 0.024503517150878906
9 0.2992457071940104 0.5800190925598144 0.0393557866414388 0.027236461639404297
9 0.33784815470377605 0.5471930503845215 0.036492538452148435 0.02672119140625
9 0.2898663838704427 0.5075165748596191 0.040830103556315105 0.024956226348876953
3 0.3768167813618978 0.691380500793457 0.03972320556640625 0.034123992919921874
3 0.33749923706054685 0.6512026786804199 0.03855412801106771 0.034047508239746095
3 0.3367510477701823 0.6926257133483886 0.038827133178710935 0.03380260467529297
3 0.3769145647684733 0.6495686531066894 0.03905652364095052 0.03509578704833984
3 0.2966375986735026 0.6937211036682129 0.040538660685221356 0.03359775543212891
3 0.2982000986735026 0.6527567386627198 0.03902295430501302 0.034661293029785156
14 0.4306386629740397 0.575612211227417 0.02858149210611979 0.023279857635498048
8 0.4935614267985026 0.6892704963684082 0.03075726826985677 0.02967662811279297
8 0.4213665644327799 0.46541633605957033 0.03048108418782552 0.02860260009765625
8 0.49310760498046874 0.6495170593261719 0.033446121215820315 0.03346309661865234
8 0.5196104049682617 0.4603260040283203 0.03126398722330729 0.031258773803710935
8 0.45207125345865884 0.464786434173584 0.031228383382161457 0.028465652465820314
8 0.4623608907063802 0.6901345252990723 0.03095556894938151 0.02935314178466797
8 0.42768414815266925 0.6495092391967774 0.029106775919596355 0.03426017761230469
8 0.45796594619750974 0.6495294570922852 0.031246121724446616 0.03436260223388672
8 0.4572349866231283 0.500922155380249 0.03173529307047526 0.026885223388671876
8 0.5233980178833008 0.6892583847045899 0.0283966064453125 0.028792858123779297
8 0.5210678100585937 0.542153263092041 0.02950630187988281 0.02225322723388672
8 0.5244737943013509 0.6490383148193359 0.028412818908691406 0.03384876251220703
8 0.4908091227213542 0.5429209709167481 0.03005561828613281 0.02274627685546875
8 0.4591915766398112 0.5439065456390381 0.030516942342122395 0.02309761047363281
8 0.49244117736816406 0.574298906326294 0.029033660888671875 0.024155712127685545
8 0.4888750712076823 0.46216545104980467 0.029967117309570312 0.030856513977050783
8 0.5220179875691732 0.5730484962463379 0.02783228556315104 0.02493705749511719
58 0.5868273417154948 0.6918436050415039 0.061602020263671876 0.0122528076171875
58 0.5768992106119791 0.5675893783569336 0.06351954142252604 0.013649368286132812
8 0.42518316904703773 0.5017574310302735 0.032806650797526045 0.027355194091796875
8 0.5199665069580078 0.49931650161743163 0.030968093872070314 0.027678680419921876
8 0.4309727986653646 0.690766716003418 0.03060468037923177 0.02934112548828125
57 0.7418446858723958 0.5549166679382325 0.09864527384440104 0.0517634391784668
58 0.585943857828776 0.6795707702636719 0.062432352701822916 0.012862491607666015
57 0.7576019287109375 0.6655116081237793 0.11277211507161458 0.06292934417724609
8 0.42697760264078777 0.5445718765258789 0.030325826009114584 0.02383880615234375
8 0.489485232035319 0.5003188133239747 0.029662195841471353 0.026883792877197266
58 0.577984110514323 0.5786936759948731 0.06330515543619791 0.010727500915527344
14 0.46076269149780275 0.5750522613525391 0.030197334289550782 0.023739433288574217
