15 0.3260374387105306 0.24775681495666504 0.04660631815592448 0.03221139907836914
15 0.10964369773864746 0.2361483097076416 0.05824209849039714 0.035874557495117185
28 0.5445395310719808 0.8370887756347656 0.04623994827270508 0.03131179809570313
3 0.6089216232299804 0.5648066997528076 0.03481369018554688 0.03110370635986328
17 0.1173946221669515 0.3719326972961426 0.043189716339111325 0.036493682861328126
7 0.3750694910685221 0.5854660034179687 0.04196039835611979 0.034203624725341795
9 0.709457524617513 0.5554235458374024 0.03180694580078125 0.029070186614990234
20 0.30682077407836916 0.5876089096069336 0.03201917012532552 0.030805110931396484
10 0.7104708989461263 0.44855504035949706 0.026934814453125 0.028225517272949217
15 0.048508803049723305 0.23308300971984863 0.062142101923624675 0.038437414169311526
0 0.3785226504007975 0.2446742057800293 0.049255752563476564 0.026453590393066405
7 0.45736796061197915 0.577534294128418 0.04007714589436849 0.035245513916015624
28 0.4800217310587565 0.8180372238159179 0.04426485697428385 0.028996658325195313
28 0.506285031636556 0.7808721542358399 0.04339803059895833 0.026398849487304688
10 0.6918189366658528 0.3338674545288086 0.02984784444173177 0.029234933853149413
28 0.5241742451985677 0.8084417343139648 0.04582990010579427 0.028337669372558594
20 0.34567877451578777 0.4604659080505371 0.030600293477376302 0.02970724105834961
28 0.499173641204834 0.8467053413391114 0.046464157104492185 0.02967662811279297
9 0.677081298828125 0.5586789608001709 0.03303654988606771 0.02971658706665039
31 0.2614516576131185 0.8269963264465332 0.04881153106689453 0.028354072570800783
3 0.5358380635579427 0.5705745220184326 0.03671557108561198 0.03170337677001953
10 0.6564308802286783 0.449522590637207 0.026207097371419272 0.02940673828125
17 0.16102774937947592 0.37226109504699706 0.04184939066569011 0.03588781356811523
15 0.22563565572102864 0.24170260429382323 0.05457312266031901 0.03404436111450195
3 0.4976867357889811 0.5735815048217774 0.0393710454305013 0.03252267837524414
25 0.23534021377563477 0.3268366575241089 0.032891464233398435 0.04151148796081543
3 0.5749481201171875 0.6049000740051269 0.03564910888671875 0.025915145874023438
6 0.37806358337402346 0.5033711910247802 0.03290761311848958 0.030643177032470704
20 0.33786640167236326 0.5855532169342041 0.03023211161295573 0.030051326751708983
6 0.37761669158935546 0.45952348709106444 0.03279825846354167 0.032819366455078124
20 0.3445888519287109 0.5044612407684326 0.0309597651163737 0.027571392059326173
10 0.685904057820638 0.48682479858398436 0.02704620361328125 0.027442169189453126
7 0.41651191711425783 0.5823125839233398 0.04068628946940104 0.035029029846191405
16 0.08480919003486634 0.6097543239593506 0.04340897003809611 0.04189281463623047
20 0.3133739471435547 0.4616657257080078 0.033543904622395836 0.03060302734375
28 0.4630462646484375 0.7905895709991455 0.04273223876953125 0.02712106704711914
6 0.3723295211791992 0.37239704132080076 0.03486353556315104 0.030907726287841795
25 0.267892583211263 0.32599630355834963 0.03196512858072917 0.03792648315429688
16 0.09377946853637695 0.6586395263671875 0.04285893440246582 0.03598146438598633
15 0.1683957099914551 0.2389474868774414 0.055740610758463545 0.034886407852172854
31 0.32653706868489585 0.8483922958374024 0.05298817952473958 0.032029342651367185
9 0.6436576843261719 0.5612510204315185 0.03408037821451823 0.029695796966552734
20 0.3056711832682292 0.3701022148132324 0.03281135559082031 0.028432559967041016
16 0.1693795680999756 0.6012078285217285 0.040267594655354816 0.03987560272216797
6 0.4107950210571289 0.4584017753601074 0.03348185221354167 0.03297576904296875
10 0.6628270467122396 0.3737280607223511 0.028569539388020832 0.028629255294799805
20 0.3372672398885091 0.3235865592956543 0.0312890370686849 0.030266666412353517
10 0.6834449768066406 0.44925761222839355 0.027426401774088543 0.028895759582519533
3 0.5374788284301758 0.6084687232971191 0.037663904825846355 0.027213478088378908
12 0.7625643412272135 0.582362174987793 0.019205729166666668 0.021535491943359374
10 0.690508778889974 0.37348666191101076 0.02685890197753906 0.02796802520751953
6 0.3715045928955078 0.3264772415161133 0.034488805135091144 0.034155845642089844
9 0.7106084187825521 0.5904665946960449 0.031667073567708336 0.025290489196777344
6 0.4405817667643229 0.3282936573028564 0.03215624491373698 0.03333282470703125
16 0.12826082706451417 0.6059219360351562 0.04134008089701335 0.041984939575195314
17 0.1700095494588216 0.468218994140625 0.04307626088460286 0.03816547393798828
10 0.7133607228597005 0.4855891227722168 0.027269490559895835 0.027666091918945312
10 0.6585395812988282 0.48771228790283205 0.0271270751953125 0.026566696166992188
10 0.7208440780639649 0.3337218761444092 0.02900072733561198 0.0293487548828125
29 0.5916693369547527 0.8241609573364258 0.04500020345052083 0.027794265747070314
6 0.4449310302734375 0.49844932556152344 0.03300132751464844 0.027933502197265626
6 0.44444122314453127 0.4574638843536377 0.03357709248860677 0.03240823745727539
25 0.2738088289896647 0.5937558174133301 0.03109563191731771 0.0375396728515625
6 0.4433420181274414 0.37318618297576905 0.03502489725748698 0.03237729072570801
2 0.5088115056355794 0.3304516553878784 0.03296464284261068 0.032564973831176756
7 0.37786569595336916 0.6272336959838867 0.040340232849121097 0.027900886535644532
30 0.38405965169270834 0.8381729125976562 0.04836552937825521 0.0324432373046875
20 0.30365206400553385 0.32306618690490724 0.03471730550130208 0.031176280975341798
25 0.24866422017415366 0.5114939212799072 0.03306233088175456 0.03365678787231445
17 0.17180174191792805 0.5166895866394043 0.04275674819946289 0.03397102355957031
10 0.661650276184082 0.33351778984069824 0.030812581380208332 0.029730606079101562
3 0.5731383005777995 0.5674316883087158 0.037027740478515626 0.031012535095214844
12 0.7401060740152995 0.5847562789916992 0.0248291015625 0.022802734375
3 0.49915428161621095 0.6125760555267334 0.03885231018066406 0.028423404693603514
17 0.12599565188090006 0.4697561264038086 0.043469969431559244 0.03857917785644531
30 0.41261587142944334 0.7997522354125977 0.04502315521240234 0.0262054443359375
9 0.6788233439127604 0.5942823410034179 0.03253733317057292 0.024975395202636717
20 0.31052961349487307 0.6317071437835693 0.030875714619954427 0.029711532592773437
20 0.3132940292358398 0.5061676979064942 0.03115367889404297 0.028359222412109374
3 0.6101052602132161 0.6009366035461425 0.034970855712890624 0.02536296844482422
6 0.4078704833984375 0.37280912399291993 0.03535029093424479 0.03147788047790527
25 0.27271792888641355 0.3707021713256836 0.031145461400349937 0.03006324768066406
2 0.5107114473978679 0.455385684967041 0.031145922342936196 0.031629180908203124
25 0.24247045516967775 0.5985400199890136 0.031598599751790364 0.04004392623901367
5 0.8127074559529622 0.2481682300567627 0.049353535970052084 0.028160476684570314
20 0.33839565912882485 0.3703044891357422 0.0309787114461263 0.02738981246948242
25 0.28071027596791587 0.5096353054046631 0.031084203720092775 0.031556129455566406
2 0.47498931884765627 0.32927255630493163 0.03443590799967448 0.03304729461669922
25 0.20342203776041667 0.37122468948364257 0.03599739074707031 0.03185768127441406
25 0.21002616882324218 0.6000122547149658 0.033425331115722656 0.04034214019775391
25 0.24649133682250976 0.4696831226348877 0.0340335210164388 0.042211723327636716
25 0.24782907168070475 0.6408657550811767 0.030243047078450522 0.03406820297241211
6 0.4070898691813151 0.32750036716461184 0.03546600341796875 0.03405847549438477
6 0.4115224520365397 0.502002477645874 0.03387292226155599 0.029927539825439452
7 0.4595956802368164 0.6179277896881104 0.03956247965494792 0.027826309204101562
30 0.4313282648722331 0.828392505645752 0.04613990783691406 0.030776023864746094
10 0.7184956232706706 0.3734579086303711 0.02854499816894531 0.028502655029296876
7 0.4190524419148763 0.6232775688171387 0.04059460957845052 0.02897052764892578
29 0.5517040252685547 0.7712815761566162 0.04144643147786458 0.024562263488769533
25 0.20001063346862794 0.32640972137451174 0.036652755737304685 0.04306669235229492
15 0.277968692779541 0.24521501064300538 0.04808966318766276 0.03247666358947754
17 0.07137397130330404 0.3723405361175537 0.046645530064900714 0.03651218414306641
9 0.645254389444987 0.5969840526580811 0.03392359415690104 0.02501678466796875
2 0.539858627319336 0.4952596664428711 0.029488499959309897 0.029078578948974608
2 0.5412255605061849 0.3735205173492432 0.030539449055989584 0.029803037643432617
2 0.4776376088460286 0.49708023071289065 0.03223635355631511 0.028201484680175783
25 0.21413361231486003 0.5129154205322266 0.03443584442138672 0.03287773132324219
14 0.6316579182942709 0.33353524208068847 0.026736704508463542 0.02910013198852539
25 0.23912229537963867 0.37062487602233884 0.033679962158203125 0.030283451080322266
29 0.6357197443644206 0.8169948577880859 0.04502271016438802 0.029637527465820313
12 0.7398414611816406 0.5489272117614746 0.025244140625 0.024070358276367186
2 0.5402308781941731 0.4544970512390137 0.02943445841471354 0.03157615661621094
31 0.27575337092081703 0.8537217140197754 0.04935728708902995 0.026768875122070313
25 0.27896296183268227 0.638177490234375 0.03163344065348307 0.03424072265625
25 0.21165781021118163 0.46885242462158205 0.03483378092447917 0.04026079177856445
2 0.47860596974690756 0.456282901763916 0.033950551350911455 0.03200340270996094
25 0.21598353385925292 0.6435678482055665 0.03227364222208659 0.03378219604492187
29 0.5929956436157227 0.7653477668762207 0.04026501973470052 0.023934555053710938
31 0.31153287887573244 0.8182275772094727 0.05009028116861979 0.028333663940429688
2 0.5103788375854492 0.3735662460327148 0.03113581339518229 0.030034542083740234
29 0.6126197814941406 0.7904730796813965 0.0436676025390625 0.027851295471191407
2 0.4780676523844401 0.3731668949127197 0.0334161122639974 0.03115081787109375
17 0.08547748724619547 0.5214828491210938 0.04351919492085775 0.03408946990966797
30 0.3968434015909831 0.8696769714355469 0.04931767781575521 0.029848289489746094
25 0.27950458526611327 0.46808910369873047 0.03077074686686198 0.04104175567626953
14 0.574180793762207 0.37294206619262693 0.030808385213216147 0.029446887969970702
14 0.6329687754313151 0.37332491874694823 0.027988179524739584 0.02665987014770508
17 0.12877477010091146 0.5190648078918457 0.0423037846883138 0.033650779724121095
30 0.4477593421936035 0.8572084426879882 0.05000254313151042 0.02799358367919922
2 0.5406379063924154 0.330781888961792 0.03132616678873698 0.03200807571411133
12 0.8041912714640299 0.5440150260925293 0.01940498352050781 0.02415952682495117
20 0.34086163838704425 0.6285855293273925 0.02970097859700521 0.027569961547851563
5 0.5630847295125325 0.234338116645813 0.05810228983561198 0.024631404876708986
12 0.7629647572835286 0.546882963180542 0.02021764119466146 0.023683452606201173
12 0.8021863301595052 0.5794300079345703 0.018973541259765626 0.022278022766113282
12 0.7825372060139973 0.5805051803588868 0.020743052164713543 0.021143722534179687
30 0.36730066935221356 0.8081435918807983 0.04460760752360026 0.027140092849731446
2 0.509510612487793 0.4965696334838867 0.03138173421223958 0.028221321105957032
29 0.5702589670817058 0.7973968505859375 0.043627421061197914 0.027952957153320312
17 0.13530821800231935 0.6540751457214355 0.040329996744791666 0.035427284240722653
5 0.7531084696451823 0.2445012092590332 0.05231310526529948 0.02415356636047363
14 0.6028945922851563 0.33211612701416016 0.029613494873046875 0.030938720703125
14 0.6048562367757161 0.3728158950805664 0.027199681599934897 0.02756214141845703
14 0.5728516896565755 0.3311493396759033 0.028156026204427084 0.03246650695800781
13 0.7477767308553059 0.3724151611328125 0.025092569986979167 0.026073455810546875
17 0.11057904561360678 0.3209385395050049 0.043926334381103514 0.03713693618774414
26 0.8925283432006836 0.6449460983276367 0.052683385213216145 0.06957015991210938
13 0.7442667643229167 0.4827603816986084 0.024469757080078126 0.022650146484375
5 0.6920878092447916 0.24127519130706787 0.05149510701497396 0.027405977249145508
12 0.7837780634562175 0.5449474811553955 0.02098706563313802 0.024037265777587892
0 0.43055038452148436 0.2449765682220459 0.04224408467610677 0.029894447326660155
5 0.8064554850260417 0.2802901268005371 0.05221405029296875 0.024445819854736327
5 0.6926743825276692 0.2731985092163086 0.052394866943359375 0.02373790740966797
13 0.7712256113688151 0.37230606079101564 0.02049102783203125 0.02452983856201172
17 0.1767820358276367 0.6493178844451905 0.04036038716634115 0.03491153717041016
13 0.7923489888509114 0.3724778652191162 0.019498443603515624 0.02404956817626953
17 0.15562381744384765 0.32187747955322266 0.043727938334147134 0.037548828125
5 0.751003646850586 0.2762972116470337 0.0484130859375 0.02485647201538086
13 0.775564448038737 0.3340450286865234 0.0198028564453125 0.02347145080566406
17 0.08102269371350607 0.4721808433532715 0.04375625848770141 0.03821582794189453
5 0.6272902170817057 0.23974323272705078 0.05481999715169271 0.026548385620117188
13 0.785555903116862 0.44443569183349607 0.02161267598470052 0.023713111877441406
13 0.806890360514323 0.44405312538146974 0.020239512125651043 0.023917675018310547
13 0.8129669189453125 0.3730636119842529 0.020720163981119793 0.024260616302490233
13 0.7869375864664714 0.47990713119506834 0.019833119710286458 0.021878147125244142
13 0.7420782725016276 0.4464859962463379 0.020866902669270833 0.02460060119628906
11 0.9383324940999349 0.637775468826294 0.057370758056640624 0.062464141845703126
13 0.8065226236979167 0.47939157485961914 0.01927159627278646 0.02204885482788086
5 0.6338816324869792 0.27152969837188723 0.042968495686848955 0.02284832000732422
13 0.7632633209228515 0.4455930233001709 0.0206451416015625 0.023732948303222656
13 0.7960620880126953 0.33432893753051757 0.02040557861328125 0.02321491241455078
0 0.47392845153808594 0.2528116703033447 0.03996404012044271 0.02165088653564453
14 0.5717192967732747 0.492219066619873 0.029890696207682293 0.026788711547851562
5 0.5683269500732422 0.2686223030090332 0.05673014322916667 0.02648954391479492
13 0.7666661580403645 0.48085460662841795 0.018990071614583333 0.022369861602783203
13 0.8166324615478515 0.33512539863586427 0.01994806925455729 0.023792266845703125
17 0.062090245882670085 0.3199090242385864 0.048954343795776366 0.038160514831542966
26 0.8418539047241211 0.6531717300415039 0.05285352071126302 0.06997337341308593
