16 0.4278521196121739 0.42290560228342494 0.015534302898656541 0.033010593741884524
9 0.34577682827863365 0.7117286534190508 0.018144696672386097 0.027746522855890753
16 0.36427521037164134 0.42089594368128896 0.01646765593056367 0.03359342876233553
16 0.3450762193150981 0.4643561450398199 0.016045377261913456 0.03150064991451697
15 0.5592218321803203 0.428684414258624 0.02029837254794587 0.03035277474950225
16 0.443267822265625 0.4234709594388418 0.015472982531396028 0.03264391785513331
7 0.3295513046122043 0.5471373581820248 0.01877689064477463 0.03279025006492382
16 0.3798305356985312 0.4219125763531207 0.015418150714624709 0.03318630229072888
16 0.3954956434968847 0.4220224945829185 0.016112900968652647 0.03281928825906769
9 0.3642992869344456 0.7134121923895754 0.017284500264675817 0.028566693335028568
16 0.34764513865438207 0.42033684220670664 0.015770719058788456 0.03395308814220481
9 0.3654817004812841 0.669671225085483 0.018756759500949183 0.03644415942585699
16 0.32861016769646856 0.4637198831235933 0.016315258180612344 0.031625932603661706
9 0.38431367250246423 0.6703363561233986 0.018349882226866725 0.03509825814793975
9 0.3273005381551487 0.7113163491035102 0.018104790898498344 0.028474929260084835
16 0.3936266795125706 0.4659640240867382 0.015707663657880646 0.032616443581198064
9 0.3463660623425635 0.6682959263344551 0.018584896099530276 0.03598931225383051
25 0.3955726148183472 0.20283936265432934 0.013261147377275604 0.030504622948136686
7 0.36830981721016476 0.5495679860630194 0.019199288151345893 0.03351633172286184
25 0.40932792592271466 0.20242689983336218 0.013437384014189058 0.029822436726324446
15 0.4593563852280471 0.467556982489504 0.018795690803884345 0.029202532570117727
16 0.4120720836603753 0.42146075135122707 0.016243385005962813 0.032045359096368596
7 0.3493975582895249 0.5909962957915837 0.019044680016063083 0.028987007458124135
9 0.38309859041112976 0.714044290896598 0.01972676214770736 0.028183194739006233
16 0.2961710635746751 0.41922385936958967 0.017255052227840247 0.033702565032029085
9 0.30809372756340053 0.7095027934151013 0.01938398604823793 0.02939806486430921
7 0.310525769385222 0.5467065827007769 0.019424961363415108 0.0336676093019607
16 0.3308328052176122 0.41999434368101846 0.017292319799880745 0.033100117606799685
16 0.377987323891708 0.46538807876882793 0.015136528609326324 0.03311689804795706
16 0.41043692140193 0.46486156600994416 0.015520470164646612 0.030488455394628636
16 0.44126252741828514 0.4666798557270927 0.01555726238500292 0.030081836140386946
15 0.559425662982501 0.470414623989623 0.019627461180880063 0.027426468698601974
25 0.3556110227590781 0.2003947968628268 0.013507688528280763 0.030551308079769735
7 0.348971120293638 0.5482109260030731 0.019776151187694706 0.03445848797827216
14 0.4361166790638386 0.5943859449053736 0.014200180861808801 0.027606869008072195
14 0.40353639549184067 0.5497158399249048 0.01432807423244013 0.03298840298216759
25 0.35596722754362586 0.15485892995903036 0.013428399867357867 0.029385965616749263
7 0.32961172181126486 0.589794549915599 0.019738954918406833 0.029522417654951522
15 0.5390209542628018 0.428666577114623 0.019842795493818146 0.030298756100134175
20 0.41295999307127385 0.33664105275331113 0.01327091585438571 0.026874447133072195
16 0.2947545036719967 0.4624349958678692 0.015530405014846184 0.03116846480858293
25 0.3691158235258774 0.2014080269515019 0.012951550825362637 0.02998449267442867
15 0.4797697691159828 0.42704785629652875 0.019210625289013825 0.03278112015235457
29 0.27034343588760706 0.7915942754771901 0.02055463464089272 0.02381774395126385
9 0.3082733035458954 0.6672701003478835 0.019173476554894372 0.03421781333859938
16 0.3129560880571882 0.4196035749694317 0.0170035436517353 0.03392257056407981
25 0.3693027318081009 0.155717696509533 0.013253399144823307 0.028745741064858898
11 0.13064916854335512 0.9089156385934254 0.03712409901841779 0.0767603316795793
11 0.16674496897284488 0.9085195440995065 0.03684301168376412 0.07565704937456717
15 0.5796527565454026 0.42762035676316873 0.019451248311550817 0.026877828582171918
16 0.3114025199153342 0.4632461843728359 0.01692777259327541 0.03120020816200658
30 0.17711461741604909 0.7885059557462993 0.023784732521508714 0.025528165442131233
15 0.5394784802588347 0.47126317750714164 0.018726574669003116 0.027126238286660317
30 0.16924857499072113 0.8131647928930056 0.023225017797167055 0.02429638807132964
25 0.38248247520945894 0.20253575079328795 0.012761505222023461 0.03024408229500303
11 0.20206021222741433 0.9099579280103013 0.03424462054006036 0.07566719372186634
29 0.26378852630330024 0.8168551373679882 0.02242428788514895 0.02572572660578255
29 0.2894995145708601 0.7913868658430359 0.017323764313789913 0.024920857183820984
20 0.34607500450633394 0.2892215232109429 0.012171641317112052 0.02928937240980999
9 0.3275695753246082 0.667858197748496 0.018432236906152647 0.035133974704055576
20 0.3462949734981929 0.33328651787501623 0.011804764887254186 0.029556168743778134
25 0.39615606147552207 0.1574690018334217 0.01342771060741579 0.029926268347742816
20 0.3587480705475139 0.29009707548611713 0.013166742532795463 0.027802401302263677
14 0.4031153646213615 0.5932225573426139 0.014260027638848325 0.029437585550662223
25 0.3423574334735811 0.15448377403195876 0.013613454278013045 0.030631976774855005
7 0.3869138699825679 0.5499854259543802 0.017816442566868672 0.03343585323428844
30 0.19155432799152125 0.8129505780925381 0.02213868470949547 0.024518887422091414
25 0.4095943843092874 0.15787151051360154 0.01378291715342679 0.030378473762660146
20 0.3863699250503492 0.29165223562816506 0.013145541847680587 0.0270382572078969
15 0.47858131860275505 0.4686230477203623 0.01944216909438279 0.029382890611474203
8 0.40071294909325716 0.6696944514139868 0.013526536222558897 0.03363641543401576
15 0.4605505874966535 0.42606087470649023 0.018714548271393107 0.031240658746862014
20 0.3723325046052071 0.2910479072718739 0.014517882159937209 0.026867916709498355
14 0.43570298049308803 0.5494799838501991 0.01511722933094821 0.03294089362231648
16 0.3622747878790644 0.46435316513780084 0.016176598094334114 0.03187205983000779
20 0.38698953408689885 0.3354228540140506 0.013620489482939058 0.02849726795819988
14 0.41921814059914086 0.5935967146854981 0.015467801198038356 0.02771727332117815
30 0.19926203671274156 0.7878013040220309 0.01927065032293492 0.024428264586218836
15 0.5198081898912091 0.4272728917341153 0.0187940746081581 0.029848304811937326
20 0.3718301172939788 0.33429234047675727 0.015242912316248053 0.02819359269498788
20 0.35809616136402356 0.3340915986375465 0.012229325243988513 0.029035679191103274
8 0.40200166316047264 0.7127695902562868 0.015001195984837422 0.029680796277159797
29 0.28594796011381063 0.8165762946216023 0.020604380194643206 0.02466234540014716
15 0.49947352424217534 0.4262122368218166 0.019764124790084697 0.03195169295630627
25 0.3422774317851319 0.1996394762372046 0.013138910691686137 0.03064677061466629
16 0.4257830563363999 0.46586710330191744 0.014678955078125 0.031095636848597646
7 0.31001891376816226 0.5885641462584942 0.018638896050854264 0.029344003946827388
14 0.4187926295390382 0.5497797493128895 0.015080246969918224 0.03334954174601801
14 0.45094296939647827 0.5484171309959855 0.014974196009175428 0.032251796563906684
8 0.43434031358760467 0.6698946332006903 0.014030337705047703 0.03375518883364353
19 0.5258426369164964 0.5951713709950117 0.018402860172069706 0.027341256181288954
15 0.5200280875803154 0.4709288367274065 0.018922609703563083 0.026020673503505887
14 0.45093258296217875 0.5932122227888028 0.014202842831240264 0.02711254341780644
20 0.41278083302150265 0.29323240792652244 0.012925715461326908 0.02495769384495109
25 0.38266615110023 0.15644295922276716 0.013172731964016257 0.02802098028547546
8 0.4346953775281104 0.7116741486863747 0.014386899003358645 0.029510582583102494
8 0.41971371849749317 0.669308353328969 0.012186876338590343 0.03387248284929017
25 0.35467814507885514 0.12256694698597916 0.01312113253869743 0.03422391051400731
20 0.39907378199687255 0.29165528949938324 0.012860592280592874 0.025494646827930227
18 0.5654126936772902 0.5538722114879999 0.01920168867735105 0.03042454600664387
18 0.5642242193964783 0.5968296970356864 0.018884438963322623 0.02740732124307479
25 0.3678026763820945 0.12234577379728619 0.014552939346646223 0.03375127903312197
18 0.5841416213371301 0.5537136215252229 0.017343396338346962 0.029159123217300034
29 0.24382740389149507 0.7915072876990997 0.02085303666064301 0.018394068667763157
8 0.4494173757012388 0.7120394508594291 0.013652242975442952 0.030061716518243593
18 0.5832546863971841 0.5958241597437132 0.017808527961326908 0.02577463081338729
