0 0.5368102391560873 0.5384083747863769 0.039986673990885416 0.02550477981567383
6 0.5988253275553386 0.3079341411590576 0.03222935994466146 0.027457046508789062
6 0.6318751017252604 0.30749855041503904 0.03269602457682292 0.02766246795654297
6 0.5656174977620443 0.307935905456543 0.03295771280924479 0.027401494979858398
7 0.6460581461588542 0.1439051389694214 0.04276822408040364 0.02689967155456543
9 0.5589104970296224 0.14581091403961183 0.041989644368489586 0.02685718536376953
11 0.5740222295125326 0.6295555591583252 0.07471911112467448 0.077301025390625
9 0.5149375279744466 0.1464292049407959 0.0442535400390625 0.026691174507141112
28 0.488094425201416 0.8638511657714844 0.04731394449869792 0.024960708618164063
9 0.5613697052001954 0.1839909791946411 0.04213765462239583 0.025638008117675783
11 0.5003781000773112 0.63125 0.07243754069010416 0.07658462524414063
17 0.6888161977132161 0.1841723918914795 0.03193511962890625 0.026817846298217773
25 0.6786745707194011 0.6141631126403808 0.02557856241861979 0.03387260437011719
31 0.19513200124104818 0.865974235534668 0.0453881581624349 0.02840080261230469
31 0.24280726114908854 0.8668512344360352 0.04897613525390625 0.023679733276367188
6 0.6331288655598958 0.26692125797271726 0.033600870768229166 0.028383255004882812
9 0.5184057871500651 0.18462296724319457 0.042860794067382815 0.025571727752685548
44 0.042316684126853944 0.6843594551086426 0.06389927665392557 0.046273231506347656
15 0.7488169352213542 0.6125834465026856 0.04030405680338542 0.03146448135375977
6 0.5656301498413085 0.2672778844833374 0.033865865071614584 0.028607892990112304
40 0.09824414253234863 0.7857197761535645 0.017557334899902344 0.04817485809326172
17 0.7216234842936198 0.1837468147277832 0.032167307535807294 0.027565479278564453
6 0.5996262232462565 0.2670293807983398 0.03293418884277344 0.028768539428710938
28 0.5364192326863607 0.8643834114074707 0.04549471537272135 0.025739669799804688
28 0.5299814224243165 0.818815803527832 0.04266637166341146 0.024456024169921875
29 0.4375030517578125 0.8750407218933105 0.047242991129557294 0.02579784393310547
17 0.7163875579833985 0.14195787906646729 0.031004842122395834 0.02769436836242676
7 0.6024823506673177 0.14428815841674805 0.04343770345052083 0.02653050422668457
29 0.39726463953653973 0.8252670288085937 0.042568270365397134 0.018099594116210937
31 0.26232447624206545 0.826298999786377 0.04272324244181315 0.0191162109375
15 0.7098817189534505 0.6131833076477051 0.036104710896809895 0.030743408203125
30 0.295399538675944 0.8685201644897461 0.04710407257080078 0.025850677490234376
8 0.6650677998860677 0.5379648208618164 0.0313690185546875 0.02744159698486328
29 0.39486894607543943 0.8454226493835449 0.0436916987101237 0.023189544677734375
10 0.5308423360188802 0.3079913377761841 0.03307037353515625 0.02809300422668457
25 0.6530103047688802 0.6143429756164551 0.02527796427408854 0.034798049926757814
30 0.3439342498779297 0.8687887191772461 0.045074717203776045 0.024790382385253905
7 0.6055091857910156 0.18259546756744385 0.042000961303710935 0.026695656776428222
7 0.6492535909016927 0.18234373331069947 0.043075307210286455 0.026588749885559083
41 0.09370694160461426 0.8930342674255372 0.14552036921183267 0.09249134063720703
31 0.25563983917236327 0.8449368476867676 0.04414418538411458 0.0198944091796875
17 0.6838540395100912 0.1426567554473877 0.032823944091796876 0.02750992774963379
29 0.4392449378967285 0.8461868286132812 0.042989921569824216 0.023371505737304687
10 0.4970458984375 0.30816049575805665 0.03345184326171875 0.028100204467773438
25 0.6266612370808919 0.614192533493042 0.026374308268229167 0.03652505874633789
29 0.3884474118550619 0.8744476318359375 0.044748878479003905 0.026110076904296876
31 0.22032222747802735 0.8252786636352539 0.03970483144124349 0.019585800170898438
12 0.5355021158854166 0.39455018043518064 0.026716868082682293 0.03824930191040039
40 0.05826935370763143 0.7883663654327393 0.019101293881734212 0.051030635833740234
12 0.5354256788889568 0.43169631958007815 0.02597786585489909 0.03495998382568359
28 0.4854879061381022 0.8406746864318848 0.042810249328613284 0.023106956481933595
30 0.34749234517415367 0.8456375122070312 0.0427093505859375 0.02015380859375
1 0.6199862798055013 0.5360390186309815 0.04256579081217448 0.021678447723388672
45 0.14077685674031576 0.7790204524993897 0.017637030283610026 0.06028528213500976
12 0.5626042683919271 0.3942259788513184 0.026238759358723957 0.03816347122192383
12 0.5082322120666504 0.39480009078979494 0.027051162719726563 0.03813495635986328
15 0.7491587956746419 0.6497604370117187 0.03687998453776042 0.022245216369628906
13 0.6157498677571615 0.42499527931213377 0.025979105631510416 0.022592926025390626
13 0.5893408457438151 0.3939608097076416 0.026536178588867188 0.03820781707763672
40 0.07851252555847169 0.7872283935546875 0.019074042638142902 0.04967975616455078
28 0.530810292561849 0.8422662734985351 0.04183464050292969 0.020273590087890626
29 0.44071776072184243 0.8258274078369141 0.04198621114095052 0.018216323852539063
8 0.6935295740763346 0.5000162601470948 0.03024152119954427 0.028087425231933593
22 0.45673993428548176 0.5395555973052979 0.03866360982259114 0.028136825561523436
31 0.21554020245869954 0.8441996574401855 0.03531500498453776 0.018653106689453126
30 0.3059511184692383 0.8280746459960937 0.041927337646484375 0.018398284912109375
58 0.016655626893043517 0.5730837345123291 0.033311253786087035 0.016730499267578126
13 0.6166694005330403 0.3936925888061523 0.025992711385091145 0.037646484375
13 0.5893555323282877 0.4246374130249023 0.02569262186686198 0.022689247131347658
15 0.7112874348958333 0.6495275497436523 0.03577715555826823 0.023287200927734376
45 0.1588144302368164 0.7785736083984375 0.019405428568522134 0.060704803466796874
30 0.3500178019205729 0.8263731002807617 0.041541671752929686 0.01862926483154297
30 0.30124762852986653 0.8462143898010254 0.04173425038655599 0.018498039245605467
13 0.6434874852498372 0.39356930255889894 0.027245076497395833 0.03792757987976074
12 0.5087850570678711 0.4317577362060547 0.025682576497395835 0.03503694534301758
8 0.6974908192952474 0.5376398086547851 0.030844624837239584 0.027674293518066405
1 0.5756879170735677 0.5370206832885742 0.03716328938802083 0.022861671447753907
25 0.6788196563720703 0.6490250587463379 0.025767771402994792 0.025218963623046875
28 0.4848719914754232 0.8160652160644531 0.04299716949462891 0.022188568115234376
13 0.642458724975586 0.42464237213134765 0.026198323567708334 0.02168445587158203
12 0.5626439412434896 0.42861032485961914 0.026190948486328126 0.030085182189941405
22 0.49527724583943683 0.5394050598144531 0.03800468444824219 0.027818679809570312
10 0.5297875722249349 0.2672816514968872 0.03304761250813802 0.027464008331298827
16 0.7655256907145183 0.1889554738998413 0.024763870239257812 0.036646270751953126
45 0.12126964728037516 0.7813528060913086 0.021229918797810873 0.05901679992675781
10 0.4964943250020345 0.2675579071044922 0.032603009541829424 0.027819013595581053
58 0.02026743491490682 0.5572038650512695 0.04052223364512126 0.014612197875976562
8 0.6642370859781901 0.5000680446624756 0.026248677571614584 0.028168201446533203
21 0.9165821075439453 0.4388681411743164 0.0488592783610026 0.00868377685546875
25 0.6528054555257161 0.6498680591583252 0.024024327596028645 0.026778984069824218
58 0.021125717957814535 0.5428494453430176 0.042225344975789385 0.01496124267578125
25 0.6269288380940755 0.6515549659729004 0.025722630818684897 0.028816413879394532
16 0.7660289764404297 0.149736225605011 0.02961883544921875 0.0358339786529541
21 0.9675004323323567 0.43758487701416016 0.046862030029296876 0.009271812438964844
39 0.11073185602823893 0.6814480781555176 0.06688051223754883 0.039859771728515625
23 0.8574549992879231 0.42969436645507814 0.050006866455078125 0.00814228057861328
23 0.8456017176310221 0.4143810749053955 0.04871241251627604 0.00835723876953125
21 0.9442063649495442 0.4139262199401855 0.04507764180501302 0.00797100067138672
23 0.840721066792806 0.4065574645996094 0.046529134114583336 0.008168792724609375
21 0.8973668416341146 0.4148292541503906 0.046058400472005205 0.007955551147460938
