10 0.4132634480794271 0.4356781005859375 0.04607384999593099 0.055373764038085936
9 0.4656978607177734 0.18201195001602172 0.06582565307617187 0.047197937965393066
10 0.4599037170410156 0.43540248870849607 0.04468549092610677 0.05534934997558594
44 0.5093233744303386 0.8970829010009765 0.08356348673502605 0.08369617462158203
9 0.41679608027140297 0.18394250869750978 0.03151028951009115 0.06075124740600586
7 0.4656177520751953 0.28450498580932615 0.0633978525797526 0.050936317443847655
6 0.512657101949056 0.43013505935668944 0.04920387268066406 0.04271392822265625
58 0.4136469523111979 0.738042688369751 0.08940238952636718 0.05892057418823242
12 0.4425092061360677 0.5232871532440185 0.035210736592610675 0.0419886589050293
12 0.40553372701009116 0.5231251239776611 0.037192217508951825 0.041329574584960935
13 0.5181206067403158 0.5239438056945801 0.037417157491048174 0.040557861328125
58 0.5090592702229818 0.7116857528686523 0.08612060546875 0.05082283020019531
9 0.5143252372741699 0.18352396488189698 0.03087170918782552 0.05803561210632324
58 0.5137430191040039 0.6549250602722168 0.06600023905436198 0.04545383453369141
13 0.47907018661499023 0.5230692386627197 0.03575948079427083 0.041118812561035153
39 0.4004852294921875 0.9004085540771485 0.08056856791178385 0.08346748352050781
55 0.4149423917134603 0.7992983818054199 0.09067548116048177 0.04962234497070313
58 0.4161694844563802 0.688055419921875 0.09186007181803385 0.05510406494140625
8 0.47286109924316405 0.3609654664993286 0.044096819559733075 0.049867677688598636
7 0.42063783009847006 0.2764978170394897 0.027536900838216145 0.06076335906982422
55 0.5125494003295898 0.7655776977539063 0.09808870951334635 0.06203441619873047
7 0.5116450627644856 0.27899961471557616 0.029426956176757814 0.05748453140258789
8 0.5210000991821289 0.36215872764587403 0.04802831013997396 0.05731501579284668
