16 0.2686929702758789 0.24732320308685302 0.033475176493326826 0.028364038467407225
15 0.2514059066772461 0.467427921295166 0.04013601938883463 0.0234130859375
20 0.3917536735534668 0.2455897331237793 0.02861620585123698 0.026778984069824218
7 0.2473897933959961 0.5287527084350586 0.038750712076822916 0.028858184814453125
7 0.28262132008870444 0.5296048164367676 0.03167394002278646 0.027838802337646483
16 0.26654574076334636 0.20626096725463866 0.034055836995442706 0.02873373031616211
12 0.5417101542154948 0.2461625337600708 0.02884839375813802 0.02707200050354004
3 0.36709302266438804 0.5281171798706055 0.03878364562988281 0.028439140319824217
25 0.33073819478352867 0.24604444503784179 0.02930628458658854 0.027597713470458984
15 0.29151490529378254 0.46800880432128905 0.038657760620117186 0.025203704833984375
10 0.44135869344075523 0.32269439697265623 0.03349037170410156 0.02902331352233887
20 0.3625888506571452 0.24558472633361816 0.02981268564860026 0.02699904441833496
16 0.23447624842325845 0.24782016277313232 0.03349603017171224 0.029045677185058592
3 0.3322763442993164 0.5293915748596192 0.031135431925455728 0.026874732971191407
10 0.47580025990804037 0.3616891622543335 0.03311322530110677 0.025649166107177733
10 0.4429907480875651 0.3606534004211426 0.032142957051595054 0.02462797164916992
25 0.30162207285563153 0.2460631847381592 0.028120104471842447 0.02672886848449707
3 0.3320226033528646 0.5637166023254394 0.037947591145833334 0.02363128662109375
15 0.2880706787109375 0.43283672332763673 0.03896878560384114 0.02694988250732422
2 0.35458221435546877 0.4299339294433594 0.03145128885904948 0.028971481323242187
20 0.35936708450317384 0.20396459102630615 0.029169273376464844 0.02666773796081543
29 0.3749671936035156 0.7081577777862549 0.042200597127278645 0.02411518096923828
2 0.32329686482747394 0.4294461250305176 0.030658213297526042 0.028093814849853516
2 0.38665593465169273 0.4302265167236328 0.03164189656575521 0.029210853576660156
20 0.38892459869384766 0.20354301929473878 0.030710538228352863 0.02558279037475586
28 0.32834657033284503 0.7107865333557128 0.04095102945963542 0.023638534545898437
16 0.23095302581787108 0.20575716495513915 0.03662827809651693 0.03025045394897461
7 0.29299125671386717 0.5640766143798828 0.037976837158203124 0.024160385131835938
3 0.3701663017272949 0.5634058475494385 0.037222671508789065 0.02443418502807617
8 0.30105930964152017 0.3222465991973877 0.031165695190429686 0.030330657958984375
10 0.47526353200276694 0.32281980514526365 0.03326422373453776 0.028795719146728516
7 0.2543025970458984 0.5642011642456055 0.03733679453531901 0.023903846740722656
14 0.36546713511149087 0.32277421951293944 0.031202952067057293 0.029624748229980468
30 0.466150156656901 0.7092502117156982 0.04098714192708333 0.022620582580566408
30 0.5095604260762533 0.7086952209472657 0.04163557688395182 0.02238292694091797
25 0.29922126134236654 0.20436253547668456 0.027617581685384116 0.026218605041503907
29 0.4187408447265625 0.7084105491638184 0.04204978942871094 0.023808097839355467
12 0.5365613301595052 0.20233795642852784 0.028574244181315104 0.025371551513671875
13 0.45252888997395835 0.2518452644348145 0.027652867635091147 0.03619203567504883
31 0.28533947467803955 0.7104314804077149 0.04278833071390788 0.021367645263671874
13 0.4815741856892904 0.2509351968765259 0.027949015299479168 0.03506236076354981
8 0.3324711481730143 0.3222848653793335 0.030117925008138022 0.02993497848510742
25 0.32838595708211266 0.2036891222000122 0.03055438995361328 0.02578883171081543
15 0.24796873728434246 0.43278141021728517 0.0406097412109375 0.027039241790771485
2 0.38951969146728516 0.46677422523498535 0.030484453837076823 0.02611532211303711
13 0.423283322652181 0.24953336715698243 0.028584798177083332 0.03218622207641601
14 0.4002510706583659 0.32304060459136963 0.033561325073242186 0.02858262062072754
30 0.46648648579915364 0.6919096946716309 0.038941510518391925 0.01326608657836914
31 0.2934661865234375 0.6924179553985595 0.041473770141601564 0.01482858657836914
13 0.42212505340576173 0.2092018187046051 0.028315353393554687 0.03688381910324097
12 0.5124273300170898 0.24639716148376464 0.028906631469726562 0.026950836181640625
2 0.3584819157918294 0.4665969371795654 0.030197270711263022 0.02528972625732422
14 0.4071660359700521 0.36041343212127686 0.03261248270670573 0.024641036987304688
12 0.5071758270263672 0.20253264904022217 0.02928314208984375 0.025802183151245116
16 0.24036545753479005 0.3618215799331665 0.03162860870361328 0.028243541717529297
28 0.33459949493408203 0.691466999053955 0.03865216573079427 0.014074325561523438
2 0.32785539627075194 0.46649723052978515 0.03136583964029948 0.025157737731933593
8 0.3067037582397461 0.3607162952423096 0.028471755981445312 0.024762058258056642
13 0.47747173309326174 0.20357627272605897 0.028131993611653645 0.026112663745880126
14 0.37345654169718423 0.3599963665008545 0.03090502421061198 0.023452568054199218
17 0.2673498074213664 0.322774600982666 0.031772247950236004 0.028948879241943358
17 0.23435571988423665 0.3226950645446777 0.0327641487121582 0.029174995422363282
13 0.44998855590820314 0.20478577613830568 0.025656890869140626 0.027729606628417967
30 0.5070933024088542 0.691840648651123 0.039080174763997395 0.013210105895996093
17 0.27247817516326905 0.3618906021118164 0.03164671262105306 0.02756805419921875
