25 0.46379305521647135 0.5136453628540039 0.029418436686197917 0.02957000732421875
47 0.4784139633178711 0.6883241653442382 0.04374643961588542 0.04657402038574219
20 0.31866563161214195 0.4988887786865234 0.027115885416666666 0.027222061157226564
30 0.5042860666910808 0.8134902000427247 0.049306488037109374 0.033020401000976564
28 0.2671828269958496 0.763753604888916 0.0427279790242513 0.02951679229736328
31 0.4017754236857096 0.7902958393096924 0.04710458119710286 0.031069850921630858
30 0.4551242828369141 0.8042974233627319 0.04943567911783854 0.03361363410949707
20 0.23541881243387858 0.45375308990478513 0.026643943786621094 0.042451095581054685
25 0.4028114954630534 0.468118953704834 0.028861490885416667 0.04223451614379883
31 0.35595035552978516 0.7812084197998047 0.0471869150797526 0.031801795959472655
25 0.49460522333780926 0.5170515060424805 0.03042157491048177 0.031825828552246097
20 0.2913520812988281 0.4962120056152344 0.026460647583007812 0.02695159912109375
14 0.527300771077474 0.3473854064941406 0.036204020182291664 0.04018354415893555
29 0.3099466323852539 0.7693840503692627 0.04638404846191406 0.02755565643310547
14 0.48754024505615234 0.3450437545776367 0.0425177256266276 0.0398681640625
47 0.2801660537719727 0.6529913902282715 0.03654963175455729 0.03777236938476562
20 0.2639118353525797 0.4932094573974609 0.027207215627034504 0.026132678985595702
12 0.6929180145263671 0.4891018867492676 0.035828653971354166 0.05351886749267578
47 0.43784465789794924 0.7195794582366943 0.04044049580891927 0.031203269958496094
25 0.4339215914408366 0.5104483604431153 0.0285495122273763 0.02833728790283203
20 0.3447665532430013 0.46434197425842283 0.029059982299804686 0.04483184814453125
25 0.4957401275634766 0.47545557022094725 0.030921427408854167 0.04501056671142578
12 0.7238642374674479 0.5349667549133301 0.0393768310546875 0.03372459411621094
47 0.39752197265625 0.6712386131286621 0.040467453002929685 0.03807411193847656
47 0.3591078440348307 0.7042073249816895 0.034585126241048175 0.031007003784179688
20 0.34701004028320315 0.5016607284545899 0.028168741861979166 0.026923179626464844
47 0.5177305221557618 0.7348516464233399 0.0325707753499349 0.025899505615234374
25 0.7497093200683593 0.34644556045532227 0.04070841471354167 0.04050025939941406
20 0.3164362589518229 0.4613456726074219 0.027816073099772135 0.043189048767089844
47 0.6992649714152018 0.8455710411071777 0.04707781473795573 0.05124092102050781
25 0.710198720296224 0.34641003608703613 0.03665110270182292 0.03976273536682129
12 0.7322065989176433 0.4919431686401367 0.03874359130859375 0.0520111083984375
25 0.37403011322021484 0.4665226459503174 0.028514925638834634 0.04280843734741211
25 0.6734965006510417 0.3458849430084229 0.036608378092447914 0.03841524124145508
47 0.5175060272216797 0.6961601257324219 0.036450958251953124 0.05041294097900391
25 0.4040220260620117 0.5066572189331054 0.028909619649251303 0.029035568237304688
47 0.4370870590209961 0.6775693893432617 0.038968658447265624 0.03807487487792969
14 0.44722922643025714 0.34170684814453123 0.03889134724934896 0.04013814926147461
47 0.39690074920654295 0.7126521110534668 0.03977495829264323 0.028905868530273438
47 0.6598743438720703 0.845001220703125 0.029691314697265624 0.053001022338867186
40 0.6873325983683268 0.6372455596923828 0.025886917114257814 0.04600467681884766
47 0.4804608662923177 0.7274837017059326 0.039928563435872394 0.029323577880859375
25 0.4326547940572103 0.4695591926574707 0.030449612935384115 0.041347312927246097
47 0.32147452036539714 0.6993388175964356 0.039732869466145834 0.028491973876953125
25 0.3757813771565755 0.5049120426177979 0.027631759643554688 0.02943143844604492
20 0.26185654004414877 0.45638365745544435 0.026564820607503255 0.04359149932861328
12 0.6853739420572916 0.5339447975158691 0.035042826334635416 0.035103988647460935
31 0.37856216430664064 0.7552847385406494 0.04387664794921875 0.021359348297119142
25 0.4647067387898763 0.47306270599365235 0.03125419616699219 0.043930435180664064
47 0.28318821589152016 0.6922181606292724 0.03537896474202474 0.028198814392089842
8 0.20611445109049478 0.3291505813598633 0.032084147135416664 0.03658590316772461
14 0.4341374715169271 0.3883424997329712 0.03710581461588542 0.032463693618774415
25 0.5243645985921224 0.4764861106872559 0.026435724894205728 0.04460601806640625
25 0.5234010696411133 0.5191604137420655 0.026418685913085938 0.029887008666992187
20 0.2362137794494629 0.4902660846710205 0.026991589864095052 0.025608539581298828
20 0.2082395076751709 0.4524531364440918 0.02720184326171875 0.04301319122314453
20 0.28894872665405275 0.4587123870849609 0.027092997233072916 0.04462146759033203
14 0.5127443313598633 0.3949531078338623 0.042844263712565105 0.031823158264160156
47 0.31404730478922527 0.6570444583892823 0.03112767537434896 0.03652248382568359
30 0.5014323870340983 0.7825980186462402 0.049366124471028644 0.026799774169921874
31 0.4218243916829427 0.7645110607147216 0.04356950124104818 0.023621654510498045
14 0.47122332255045574 0.3919442892074585 0.035979970296223955 0.031116724014282227
8 0.24040584564208983 0.33082151412963867 0.03590482076009115 0.03586254119873047
40 0.7187147776285807 0.6430776596069336 0.029005940755208334 0.044094276428222653
8 0.282747745513916 0.3321254730224609 0.04608275095621745 0.034641170501708986
14 0.3671724319458008 0.33866565227508544 0.036632410685221356 0.03588576316833496
8 0.2797038714090983 0.37699313163757325 0.034627469380696614 0.031183242797851562
20 0.210499636332194 0.48730196952819826 0.024718284606933594 0.024805068969726562
8 0.21518255869547526 0.37293033599853515 0.032751846313476565 0.029721736907958984
8 0.24673697153727214 0.3745004177093506 0.02956072489420573 0.029740524291992188
14 0.40622501373291015 0.33956403732299806 0.043808364868164064 0.03915700912475586
14 0.35904547373453777 0.3829083204269409 0.035709508260091144 0.026773452758789062
58 0.6926851272583008 0.7185308456420898 0.029905064900716146 0.041683387756347653
47 0.24772051175435383 0.6868425369262695 0.03437665303548177 0.02376976013183594
42 0.36946093241373695 0.5990840911865234 0.10658302307128906 0.054323768615722655
14 0.3957655588785807 0.38575329780578616 0.036956405639648436 0.02944498062133789
14 0.33031444549560546 0.3361466646194458 0.03799724578857422 0.03403172492980957
42 0.38995278676350914 0.5580620288848877 0.11384296417236328 0.03208723068237305
28 0.28885475794474286 0.7386147975921631 0.03889662424723307 0.019640636444091798
42 0.4794491767883301 0.6105828285217285 0.10971864064534505 0.054976272583007815
58 0.7187243143717448 0.7203529357910157 0.0249847412109375 0.04023303985595703
14 0.32180061340332033 0.380571174621582 0.03812065124511719 0.02972555160522461
47 0.6685527801513672 0.8092702865600586 0.04132283528645833 0.017999649047851562
40 0.6654111226399739 0.6346787452697754 0.016327921549479166 0.04359569549560547
47 0.7163890838623047 0.8080073356628418 0.049227396647135414 0.021537590026855468
