9 0.7100938161214193 0.3513519525527954 0.047290674845377606 0.04039368629455566
7 0.8520398457845052 0.35029006004333496 0.05016593933105469 0.039768028259277347
16 0.32482484181722004 0.35550029277801515 0.03526178995768229 0.03823380470275879
16 0.39891058603922525 0.3555058479309082 0.03604965209960938 0.03792858123779297
10 0.5827339172363282 0.3540151119232178 0.035353597005208334 0.03638787269592285
15 0.8994694391886393 0.35045485496520995 0.049501927693684895 0.03999967575073242
3 0.8046021779378255 0.350681734085083 0.04985860188802083 0.040160417556762695
9 0.6622428258260091 0.3517152309417725 0.047725804646809894 0.040137529373168945
3 0.7571651458740234 0.3509998083114624 0.04901962280273438 0.04052138328552246
16 0.3611444473266602 0.35539319515228274 0.03722712198893229 0.03844633102416992
12 0.10352538426717123 0.3561550617218018 0.03150485356648763 0.037876033782958986
13 0.1343374252319336 0.3557769298553467 0.03153867721557617 0.03724794387817383
29 0.8829511006673177 0.5452795028686523 0.049567159016927084 0.026268768310546874
25 0.22742408116658527 0.3548301696777344 0.032346026102701826 0.03695878982543945
13 0.16509536107381184 0.35552096366882324 0.030948384602864584 0.03719482421875
47 0.6704311370849609 0.5483354091644287 0.04510625203450521 0.03300800323486328
25 0.19614920616149903 0.35536913871765136 0.03226426442464193 0.03740997314453125
12 0.07211866577466329 0.35692424774169923 0.03302735884984334 0.039583587646484376
25 0.25890916188557944 0.3548095464706421 0.031870333353678386 0.03675656318664551
30 0.724604606628418 0.5445135116577149 0.0505517323811849 0.03273715972900391
25 0.2900010426839193 0.3553302764892578 0.03226178487141927 0.037772083282470705
30 0.77425537109375 0.5477179527282715 0.046822611490885416 0.02653369903564453
43 0.35423755645751953 0.44830970764160155 0.09313494364420573 0.018529224395751952
28 0.8310192108154297 0.5447849750518798 0.04831288655598958 0.025506973266601562
38 0.14602003494898477 0.4518733024597168 0.09756252765655518 0.026976585388183594
43 0.3505183537801107 0.46652584075927733 0.09424018859863281 0.017139244079589843
58 0.6997327168782552 0.446198558807373 0.08143310546875 0.016582298278808593
47 0.6264572779337565 0.5498638153076172 0.04058074951171875 0.02895641326904297
45 0.5648760477701823 0.545783519744873 0.024473826090494793 0.04674835205078125
61 0.7966996510823567 0.45760498046875 0.07233428955078125 0.017716217041015624
45 0.5143102963765462 0.5475244522094727 0.023418235778808593 0.048743915557861325
45 0.5393286387125651 0.54619140625 0.021874618530273438 0.047762489318847655
14 0.47210919062296547 0.35552642345428465 0.03889757792154948 0.03683004379272461
34 0.44978059132893883 0.5625040531158447 0.08818810780843099 0.026788711547851562
43 0.24795761108398437 0.4690398693084717 0.09581731160481771 0.017196464538574218
58 0.6018854777018229 0.4584179878234863 0.06595751444498697 0.014971923828125
8 0.5098651885986328 0.3543064117431641 0.035356903076171876 0.035926294326782224
55 0.8954270680745443 0.4536865234375 0.07138875325520834 0.019083786010742187
10 0.6192831039428711 0.35369486808776857 0.03701794942220052 0.037285137176513675
43 0.25252561569213866 0.45110015869140624 0.09080855051676433 0.019257736206054688
14 0.43423169453938804 0.3556997537612915 0.03351465861002604 0.036581563949584964
58 0.6012076059977214 0.4429466724395752 0.07966969807942709 0.013911914825439454
55 0.882025400797526 0.4375474452972412 0.09389190673828125 0.012822341918945313
38 0.14498504002888998 0.4717266082763672 0.09599437713623046 0.012725639343261718
61 0.7850652058919271 0.4333904266357422 0.0828107198079427 0.011485481262207031
30 0.7619775136311849 0.5257654190063477 0.04371083577473958 0.015488147735595703
