10 0.4799086888631185 0.6082173347473144 0.05928815205891927 0.06285285949707031
10 0.5396251042683919 0.6020270347595215 0.058775838216145834 0.06299362182617188
14 0.40272979736328124 0.512240982055664 0.06460660298665365 0.06759204864501953
25 0.42774661382039386 0.7045793056488037 0.05074164072672526 0.060395431518554685
10 0.41831429799397785 0.6138683319091797 0.06121915181477865 0.06536006927490234
20 0.5263207435607911 0.6928953170776367 0.04914735158284505 0.059853744506835935
20 0.47805169423421223 0.6993678569793701 0.047330156962076826 0.058475589752197264
24 0.5895634333292643 0.5022208213806152 0.03623530069986979 0.0709228515625
14 0.4704362233479818 0.5085184097290039 0.06152966817220052 0.06568012237548829
27 0.5976298014322917 0.6010261535644531 0.03464584350585938 0.0662353515625
23 0.5992998758951823 0.6800144195556641 0.03012822469075521 0.06323413848876953
8 0.5321210225423177 0.5050683975219726 0.05731328328450521 0.06310062408447266
