9 0.2214100095960829 0.2292463719844818 0.12295379638671874 0.06538840532302856
9 0.33805970085991754 0.23037641048431395 0.10798297458224826 0.060779905319213866
9 0.08509287304348416 0.23011993765830993 0.14829332563612196 0.07385560274124145
13 0.3964440239800347 0.30547332763671875 0.08342793782552084 0.09178228378295898
3 0.4398963928222656 0.23008308410644532 0.09364878336588542 0.05963058471679687
10 0.6053962707519531 0.2973130464553833 0.07475857204861111 0.08413186073303222
3 0.5321690453423394 0.22974557876586915 0.09050004747178819 0.058034324645996095
10 0.6742857191297743 0.2938236236572266 0.0743742201063368 0.08013010025024414
10 0.535611343383789 0.30115594863891604 0.07908376057942708 0.0855112075805664
13 0.4647086673312717 0.3029321193695068 0.07633582221137153 0.08739356994628907
12 0.32031160990397134 0.3076790809631348 0.09235161675347223 0.09520845413208008
12 0.13354707294040255 0.314864444732666 0.1364622539944119 0.10215988159179687
12 0.2386582268608941 0.31100974082946775 0.10406689114040799 0.10015640258789063
39 0.22882887522379558 0.6593022346496582 0.20089268154568143 0.09453554153442383
6 0.7969590081108942 0.28815464973449706 0.060370381673177084 0.07127485275268555
44 0.40506969028049045 0.6304665088653565 0.14851167466905382 0.07810955047607422
2 0.7399602254231771 0.29108262062072754 0.06470506456163194 0.07416286468505859
8 0.7258969624837239 0.4196579933166504 0.0653596666124132 0.07949953079223633
7 0.6177541097005208 0.22794289588928224 0.0811886257595486 0.053480339050292966
8 0.7884424845377604 0.4136938571929932 0.06068250868055555 0.07645378112792969
14 0.5130536821153429 0.4472921371459961 0.0833345201280382 0.08990421295166015
7 0.6932245890299479 0.22793955802917482 0.0745052761501736 0.05107173919677734
58 0.5553951687282986 0.5936735153198243 0.14883660210503472 0.04450721740722656
8 0.6585766686333551 0.4282740592956543 0.0744005839029948 0.08172922134399414
8 0.8471685621473525 0.40490580797195436 0.060562981499565974 0.07630231380462646
10 0.5894254048665365 0.43681788444519043 0.07482079399956597 0.08517341613769532
