10 0.4299777984619141 0.5085969924926758 0.06845970153808593 0.065228271484375
10 0.3601287841796875 0.5081823348999024 0.06778526306152344 0.06537723541259766
13 0.2950032631556193 0.5095056533813477 0.05987992286682129 0.06316900253295898
44 0.6894250233968099 0.757311487197876 0.11128387451171876 0.09624929428100586
17 0.6531312942504883 0.5098111152648925 0.0686456044514974 0.06815338134765625
20 0.7845750172932943 0.5098071098327637 0.06251665751139322 0.06635265350341797
20 0.7220017751057942 0.5096452236175537 0.05973459879557292 0.06611061096191406
58 0.5796521345774333 0.6388614654541016 0.14013115564982095 0.01933631896972656
14 0.5052898406982422 0.5032194137573243 0.07101224263509115 0.07507829666137696
58 0.5934155782063802 0.6029878616333008 0.13556035359700522 0.017731094360351564
60 0.337762451171875 0.6603164672851562 0.11675567626953125 0.03056488037109375
61 0.7265830357869466 0.660483455657959 0.1490142822265625 0.0266082763671875
58 0.5791821797688802 0.6605396747589112 0.14929351806640626 0.026218700408935546
58 0.5897411982218425 0.6206869125366211 0.1347845713297526 0.019044876098632812
60 0.3509679794311523 0.6097157955169678 0.11500765482584635 0.018199729919433593
60 0.4670021692911784 0.6171464920043945 0.11500752766927083 0.02433290481567383
60 0.3534907023111979 0.5926758766174316 0.11048851013183594 0.01828899383544922
60 0.4497746149698893 0.6610963344573975 0.108807373046875 0.029196834564208983
61 0.7202318827311198 0.6057293891906739 0.11325454711914062 0.019755744934082033
14 0.5765144983927409 0.5060701847076416 0.06503651936848959 0.07392549514770508
60 0.4548806190490723 0.6384193897247314 0.09983317057291667 0.017040348052978514
60 0.34358011881510414 0.6307176113128662 0.12033246358235677 0.026482868194580077
60 0.4660273234049479 0.5950498580932617 0.11153450012207031 0.019946479797363283
61 0.7191185633341471 0.6384331703186035 0.13768933614095052 0.019305992126464843
38 0.40509103139241537 0.7597986221313476 0.06140581766764323 0.09776515960693359
61 0.7145348866780599 0.6226925373077392 0.1279680887858073 0.013596057891845703
43 0.4735738754272461 0.759274959564209 0.0675988515218099 0.0973968505859375
