30 0.4247719446818034 0.756414794921875 0.033735402425130206 0.032075119018554685
14 0.44873116811116537 0.4507469177246094 0.028612836201985677 0.040146255493164064
14 0.42324721018473305 0.4423548698425293 0.023302332560221354 0.03917779922485352
17 0.33304961522420246 0.3450887441635132 0.02122071584065755 0.03653397560119629
31 0.4949585596720378 0.8128254890441895 0.045950698852539065 0.037006568908691403
14 0.5072620709737142 0.5266640186309814 0.049268341064453124 0.045955753326416014
29 0.5363259633382161 0.8370357513427734 0.048360315958658855 0.04269905090332031
3 0.4639015197753906 0.6089301109313965 0.037629127502441406 0.042545509338378903
55 0.4971738815307617 0.7206566810607911 0.05968017578125 0.04502124786376953
14 0.5462717056274414 0.4582707405090332 0.0680474599202474 0.053419303894042966
14 0.4693603197733561 0.5150182247161865 0.027214876810709634 0.04140529632568359
17 0.3533707936604818 0.3476247787475586 0.021184221903483073 0.037659072875976564
9 0.43078912099202477 0.5941293239593506 0.02907257080078125 0.04414491653442383
28 0.4526658058166504 0.7817042827606201 0.036373202006022134 0.029113292694091797
14 0.4024084726969401 0.4830928802490234 0.017994054158528647 0.031874465942382815
3 0.49712114334106444 0.6265327453613281 0.02943426767985026 0.038168907165527344
9 0.402670160929362 0.5787528038024903 0.02776756286621094 0.04258108139038086
10 0.3382118225097656 0.5347466468811035 0.01735204060872396 0.029297637939453124
16 0.45115655263264975 0.30257177352905273 0.04066340128580729 0.05739402770996094
2 0.359588623046875 0.5513045310974121 0.01888694763183594 0.03037862777709961
7 0.5384663899739583 0.6502492904663086 0.05350341796875 0.044190406799316406
9 0.4379158020019531 0.5550117492675781 0.02886479695638021 0.0273223876953125
17 0.3468998908996582 0.2937490463256836 0.02455933888753255 0.041428756713867185
14 0.4220991770426432 0.49449911117553713 0.021011479695638022 0.037733268737792966
14 0.48670110702514646 0.4603751182556152 0.04344037373860677 0.05018806457519531
8 0.31420548756917316 0.3993195056915283 0.025962193806966145 0.036045169830322264
17 0.3239065488179525 0.2921809196472168 0.02264537811279297 0.04114398956298828
3 0.5014841397603352 0.5865720748901367 0.029533195495605468 0.029977035522460938
2 0.37929662068684894 0.5644441604614258 0.02179438273111979 0.03204059600830078
17 0.4927313486735026 0.2917044639587402 0.043942769368489586 0.04242563247680664
17 0.40302257537841796 0.3617604970932007 0.02782719930013021 0.040790128707885745
17 0.37315298716227213 0.30907349586486815 0.031588109334309895 0.058841896057128903
2 0.38277130126953124 0.5277057647705078 0.028770065307617186 0.03132476806640625
2 0.36029558181762694 0.5164101123809814 0.01740271250406901 0.02820758819580078
17 0.377366828918457 0.35738205909729004 0.026122538248697917 0.03797464370727539
16 0.41082798639933266 0.3081526756286621 0.04362042744954427 0.060357856750488284
47 0.35970929463704426 0.6951414108276367 0.030819257100423176 0.023869705200195313
10 0.32226537068684896 0.5255704879760742 0.0153778076171875 0.028081512451171874
14 0.4005253473917643 0.4326765060424805 0.023938751220703124 0.032215309143066403
8 0.35252914428710935 0.40990209579467773 0.019474029541015625 0.03168554306030273
7 0.5459756851196289 0.5934042930603027 0.0565497080485026 0.05256710052490234
58 0.3444501558939616 0.6165226936340332 0.03418941497802734 0.031025505065917967
7 0.5969223022460938 0.576822566986084 0.049053955078125 0.0428715705871582
8 0.37173207600911456 0.41907806396484376 0.017677179972330728 0.03299589157104492
8 0.318121337890625 0.44240751266479494 0.01661065419514974 0.02848987579345703
25 0.2639831384023031 0.2827251434326172 0.021013291676839192 0.038232851028442386
14 0.4445283571879069 0.5049026489257813 0.024484697977701822 0.040907859802246094
23 0.5324172655741374 0.3394655466079712 0.059123929341634116 0.017033863067626952
8 0.39337727228800456 0.4242039680480957 0.025402196248372397 0.033220863342285155
27 0.5084879557291667 0.35275731086730955 0.052484130859375 0.015953731536865235
47 0.39369080861409506 0.7375757694244385 0.03978322347005208 0.042658233642578126
9 0.41119537353515623 0.5422780513763428 0.024665069580078126 0.030710315704345702
20 0.3039754867553711 0.28708577156066895 0.018463134765625 0.03872365951538086
27 0.4886702219645182 0.36831178665161135 0.054581705729166666 0.019794273376464843
