10 0.3405309041341146 0.4166973114013672 0.025000890096028645 0.023369216918945314
26 0.2945086479187012 0.8379423379898071 0.06614030202229818 0.08572535514831543
16 0.5108813603719076 0.5084260940551758 0.02585264841715495 0.024945640563964845
12 0.5732101440429688 0.3864031553268433 0.024213663736979165 0.03541665077209473
10 0.36551926930745443 0.41672773361206056 0.024342473347981772 0.023598861694335938
3 0.35703919728597006 0.4713017463684082 0.029655329386393228 0.02114238739013672
9 0.21299794514973958 0.468370246887207 0.026822853088378906 0.020708656311035155
7 0.2680474519729614 0.46976265907287595 0.02906953493754069 0.021366310119628907
3 0.3269977569580078 0.4712562084197998 0.03093687693277995 0.021536636352539062
10 0.34340206782023114 0.383840274810791 0.025240961710611978 0.024329471588134765
16 0.5137622515360515 0.47344250679016114 0.02710119883219401 0.025998973846435548
7 0.2970152219136556 0.4703535079956055 0.028912989298502605 0.021521759033203126
3 0.324307123819987 0.5012176990509033 0.029799779256184895 0.021542072296142578
11 0.4231022516886393 0.86253662109375 0.06987469991048177 0.08681983947753906
16 0.485176150004069 0.507295799255371 0.02591540018717448 0.02537689208984375
16 0.46124003728230795 0.47245206832885744 0.02626667022705078 0.02527961730957031
26 0.35549030303955076 0.8491632461547851 0.0659655253092448 0.08558578491210937
16 0.48716548283894856 0.4731783866882324 0.02533880869547526 0.02539405822753906
9 0.240510892868042 0.49831743240356446 0.0279206911722819 0.020869731903076172
11 0.4880916913350423 0.8768957138061524 0.07623716990152994 0.09466094970703125
25 0.7273905436197917 0.4191447257995605 0.027956644694010418 0.033440589904785156
7 0.2956713676452637 0.5003787517547608 0.027762413024902344 0.02108163833618164
16 0.4590602874755859 0.5064082145690918 0.02590154012044271 0.025986862182617188
6 0.44913994471232094 0.38375229835510255 0.02940832773844401 0.03361797332763672
4 0.6171773274739584 0.9046656608581543 0.07995452880859374 0.09669036865234375
9 0.2145660718282064 0.4971832275390625 0.024757766723632814 0.020550346374511717
0 0.40738900502522785 0.2862335205078125 0.028812408447265625 0.021959209442138673
2 0.5207956314086915 0.38269648551940916 0.029030736287434897 0.02595672607421875
12 0.5700608571370442 0.42035417556762694 0.024311319986979166 0.031191539764404298
6 0.4512700080871582 0.4215118408203125 0.022687848409016928 0.03413066864013672
3 0.3541130065917969 0.5021768093109131 0.02930285135904948 0.021806049346923827
10 0.38940099080403645 0.4172022819519043 0.023521041870117186 0.024711036682128908
12 0.5940202713012696 0.42128729820251465 0.023481241861979165 0.03388223648071289
17 0.405816904703776 0.5039196014404297 0.025086402893066406 0.024910736083984374
17 0.40996780395507815 0.4706873893737793 0.02437311808268229 0.023653030395507812
6 0.42191257476806643 0.38337078094482424 0.02535400390625 0.03230276107788086
25 0.7593137741088867 0.3810849189758301 0.027915573120117186 0.03425841331481934
10 0.36755218505859377 0.38386738300323486 0.023589197794596353 0.023995065689086915
9 0.23985973993937174 0.469095516204834 0.026404825846354167 0.020836830139160156
6 0.4857656796773275 0.4212369918823242 0.02851734161376953 0.03442087173461914
8 0.31644929250081383 0.38373961448669436 0.023852030436197918 0.023973655700683594
6 0.48350404103597006 0.38451504707336426 0.030886459350585937 0.03401756286621094
12 0.6227616628011068 0.3854754686355591 0.025821685791015625 0.036177873611450195
2 0.5175102233886719 0.4181984901428223 0.028667259216308593 0.027305412292480468
25 0.7556625366210937 0.4184694290161133 0.027324422200520834 0.03320941925048828
25 0.7304320017496745 0.38068814277648927 0.028177642822265626 0.03406734466552734
7 0.26826664606730144 0.49913549423217773 0.027134513854980467 0.021120262145996094
2 0.5442391713460286 0.41833906173706054 0.02572352091471354 0.027358245849609376
13 0.6988535563151042 0.42085752487182615 0.02718213399251302 0.034861183166503905
29 0.7409950892130533 0.697406005859375 0.04678777058919271 0.02243633270263672
0 0.43700186411539715 0.28427948951721194 0.029714584350585938 0.024687480926513673
2 0.5479692459106446 0.38292322158813474 0.02590764363606771 0.026317596435546875
6 0.420056406656901 0.42183518409729004 0.022788365681966145 0.03297910690307617
12 0.6189358393351237 0.42212066650390623 0.025424702962239584 0.03554191589355469
1 0.34366550445556643 0.28957619667053225 0.027121480305989584 0.022510862350463866
29 0.6767922719319661 0.699308967590332 0.044153849283854164 0.017376518249511717
29 0.6274657567342122 0.6944283008575439 0.044326400756835936 0.019547367095947267
10 0.39250513712565105 0.38429076671600343 0.02727368672688802 0.0248995304107666
29 0.6869063059488932 0.6822011947631836 0.042105611165364584 0.020220184326171876
12 0.5977993647257487 0.385964035987854 0.023974482218424478 0.03606247901916504
29 0.642965571085612 0.6760107040405273 0.039179484049479164 0.019459915161132813
13 0.6718719482421875 0.4209590911865234 0.025293477376302085 0.03457145690917969
22 0.28646443684895834 0.29286258220672606 0.029205322265625 0.02380261421203613
14 0.2241345723470052 0.41635990142822266 0.018976275126139322 0.02125101089477539
17 0.43482901255289713 0.471323299407959 0.025137964884440103 0.024794387817382812
17 0.3810264587402344 0.5031070709228516 0.025511932373046876 0.02440223693847656
8 0.31394971211751305 0.416811466217041 0.023572667439778646 0.023544788360595703
5 0.1937562624613444 0.29768645763397217 0.03785406748453776 0.01951122283935547
1 0.37398853302001955 0.2876739025115967 0.030744425455729165 0.022627544403076173
14 0.2038975715637207 0.3861941576004028 0.018511263529459636 0.022042512893676758
13 0.6498191833496094 0.3786107063293457 0.025327301025390624 0.023979568481445314
14 0.2226231575012207 0.38595900535583494 0.020206260681152343 0.022777652740478514
29 0.7455050786336263 0.6764017581939697 0.043923568725585935 0.02142963409423828
22 0.3148072560628255 0.2932853937149048 0.028344345092773438 0.02462296485900879
13 0.675821050008138 0.3794597625732422 0.026198577880859376 0.027445459365844728
4 0.5519260406494141 0.8918392181396484 0.06445693969726562 0.08953628540039063
13 0.6458099365234375 0.419765567779541 0.025922139485677082 0.03219871520996094
8 0.29197727839152016 0.41599335670471194 0.018593406677246092 0.02313098907470703
17 0.38550999959309895 0.4697132110595703 0.02532018025716146 0.022855758666992188
13 0.7028157552083333 0.3801992893218994 0.026315689086914062 0.02931814193725586
14 0.24497416814168294 0.4160639762878418 0.02212212880452474 0.022097969055175783
5 0.24191865921020508 0.29787516593933105 0.04509938557942708 0.019462108612060547
14 0.26923831303914386 0.38474102020263673 0.01863886515299479 0.02373824119567871
17 0.43196551005045575 0.5048082828521728 0.026626014709472658 0.02552652359008789
14 0.2017244815826416 0.4162478446960449 0.020581881205240887 0.021317291259765624
14 0.2512709935506185 0.38511703014373777 0.01764062245686849 0.02398238182067871
4 0.698353640238444 0.9274398803710937 0.08195635477701822 0.09949989318847656
