7 0.38876212437947594 0.32299180030822755 0.04947115580240886 0.06487178802490234
9 0.3829148292541504 0.22651491165161133 0.05286973317464193 0.06744632720947266
6 0.49775079091389973 0.47969303131103513 0.04497083028157552 0.04656352996826172
9 0.44288288752237953 0.23978443145751954 0.06680959065755208 0.06284294128417969
25 0.45468711853027344 0.5770725250244141 0.037344741821289065 0.04701976776123047
10 0.4044750849405924 0.4872878074645996 0.04754219055175781 0.04917964935302734
61 0.5033610979715983 0.797999095916748 0.07844422658284506 0.054864501953125
44 0.5248131434122721 0.9143693923950196 0.10075391133626302 0.09172821044921875
58 0.41725603739420575 0.7850214958190918 0.09346326192220052 0.048279762268066406
20 0.5266395250956217 0.5699325561523437 0.03553918202718099 0.04516315460205078
39 0.41493460337320964 0.9425800323486329 0.09257926940917968 0.0957986831665039
25 0.41506436665852864 0.5790545463562011 0.04103647867838542 0.04680356979370117
14 0.44626973470052084 0.41405887603759767 0.045232327779134114 0.03537740707397461
20 0.49124794006347655 0.5732326030731201 0.03454640706380208 0.044629383087158206
7 0.44542875289916994 0.3420785665512085 0.06617635091145833 0.06346020698547364
58 0.5048521041870118 0.7440668106079101 0.08058458964029948 0.05750331878662109
61 0.42425835927327477 0.8379541397094726 0.0846103032430013 0.04069023132324219
14 0.3979223569234212 0.41237592697143555 0.04729042053222656 0.04358959197998047
2 0.4516462326049805 0.4832747459411621 0.045366668701171876 0.045004749298095705
58 0.42091404596964516 0.7351372241973877 0.08787485758463541 0.048259925842285153
14 0.49190889994303383 0.41118677854537966 0.044694773356119794 0.037178635597229004
