9 0.848116683959961 0.5308151457044813 0.042099380493164064 0.05364553663465712
16 0.4076062202453613 0.584476089477539 0.03260726928710937 0.050283050537109374
9 0.8065320014953613 0.5284345414903429 0.04055652618408203 0.05520833333333333
6 0.7662288665771484 0.5915064493815104 0.03275909423828125 0.04832127888997396
15 0.4923673947652181 0.5881439208984375 0.03822517395019531 0.043745168050130206
16 0.33929193814595543 0.5842549641927083 0.03369684219360351 0.050138600667317706
16 0.30533723831176757 0.5848485310872396 0.033916473388671875 0.051921844482421875
13 0.15451491673787435 0.5069955825805664 0.027749029795328777 0.04488309224446615
17 0.41006078720092776 0.5159443537394206 0.03326129913330078 0.05294812520345052
15 0.45254764556884763 0.5877613067626953 0.040049171447753905 0.04622599283854167
16 0.3384378910064697 0.513804308573405 0.03387880325317383 0.05511767069498698
9 0.8476489067077637 0.6000783284505208 0.04025249481201172 0.0482452392578125
6 0.7693319320678711 0.5213439093695746 0.033602142333984376 0.056512705485026044
3 0.8916744232177735 0.5310120264689128 0.04436988830566406 0.05267779032389323
15 0.4936418056488037 0.5206322987874349 0.04022073745727539 0.05678253173828125
12 0.09840178489685059 0.5761805216471354 0.028304672241210936 0.040954335530598955
6 0.7332835833231608 0.590918223063151 0.032459449768066403 0.048643239339192706
16 0.374297825495402 0.5845753775702582 0.03238979975382487 0.04972648620605469
10 0.6664106369018554 0.5915014902750652 0.032297515869140626 0.051177978515625
44 0.10007297794024149 0.7259138743082683 0.06799925565719604 0.0864702860514323
10 0.6993528366088867 0.592051378885905 0.032578659057617185 0.0507134755452474
39 0.2330005645751953 0.7377091513739692 0.0647233009338379 0.07236832512749566
12 0.09758696556091309 0.505901590983073 0.027530097961425783 0.04478886922200521
14 0.6328530311584473 0.5906018363104926 0.033657264709472653 0.05040245056152344
13 0.12607816060384114 0.5068056954277886 0.02752405802408854 0.0451682620578342
20 0.24120821952819824 0.5799298392401802 0.027352046966552735 0.044295120239257815
10 0.7009277661641439 0.523196792602539 0.03368460337320964 0.05595703125
9 0.8051416079203287 0.5979287465413411 0.044244575500488284 0.051627858479817705
15 0.4524439811706543 0.5221104303995768 0.04126396179199219 0.05259005228678385
7 0.9274724006652832 0.6012249628702799 0.04261798858642578 0.0464471181233724
20 0.24072272777557374 0.5106594085693359 0.029132509231567384 0.05087916056315104
13 0.12725886901219685 0.5766351064046223 0.026732293764750163 0.040618642171223955
3 0.8868816375732422 0.5995628780788845 0.03826065063476562 0.04730504353841146
12 0.06940942804018656 0.5062359703911675 0.028419013818105063 0.0455368889702691
25 0.21130990187327067 0.5086719089084202 0.029040066401163737 0.04732564290364583
7 0.935208511352539 0.5346587498982748 0.043013381958007815 0.05158704121907552
25 0.18313724994659425 0.508758650885688 0.028041601181030273 0.047501330905490455
2 0.7352668444315592 0.5215769661797418 0.03417530059814453 0.055533048841688366
20 0.2708725611368815 0.5097239176432292 0.03083146413167318 0.050137837727864586
10 0.6673907915751139 0.5230563481648763 0.03339443206787109 0.0562506357828776
25 0.21313133239746093 0.5779840257432726 0.02755908966064453 0.04187418619791667
25 0.18524169921875 0.5776589711507162 0.028310298919677734 0.04106979370117188
13 0.1555738846460978 0.5770697275797526 0.02845110893249512 0.04034423828125
14 0.5987602869669596 0.589815902709961 0.031220626831054688 0.048223876953125
12 0.0711610754330953 0.576291020711263 0.026230247815450032 0.042193603515625
16 0.30460135142008465 0.5136667251586914 0.03536847432454427 0.05600903828938802
39 0.16548771858215333 0.733234002855089 0.06787195205688476 0.06402990553114149
43 0.39926102956136067 0.7286454306708442 0.07741794586181641 0.03717291090223524
20 0.2689844608306885 0.580362065633138 0.027677249908447266 0.043458048502604166
14 0.6326293627421061 0.5177583694458008 0.033799934387207034 0.0570685068766276
43 0.40045762062072754 0.6965868420071072 0.07253942489624024 0.0305503421359592
55 0.7406131744384765 0.7607970767550998 0.08006858825683594 0.03260404798719618
43 0.3938608487447103 0.7601490868462457 0.07933616638183594 0.03040593465169271
33 0.5612541198730469 0.713183339436849 0.07374420166015624 0.021356709798177085
33 0.5647426605224609 0.7573450300428602 0.07490921020507812 0.031154123942057292
14 0.5983886082967123 0.5171710120307075 0.03241157531738281 0.05748341878255208
58 0.6505953470865885 0.7598172081841363 0.07454910278320312 0.03145116170247396
38 0.310071325302124 0.7606665293375651 0.0707890510559082 0.028996022542317708
34 0.48286046981811526 0.7189369413587782 0.07327346801757813 0.036431842380099826
58 0.6474207878112793 0.7325080871582031 0.07942790985107422 0.02685546875
61 0.8099859237670899 0.7121586905585395 0.06495437622070313 0.024272876315646702
61 0.821854559580485 0.7408617655436198 0.0766689936319987 0.028113301595052084
55 0.7274757067362467 0.6905109405517578 0.08510252634684244 0.024898274739583334
33 0.5620949586232503 0.7325853559705946 0.07241284052530925 0.02249543931749132
55 0.7310046831766764 0.7121239768134223 0.08575267791748047 0.02436230977376302
14 0.5645349184672038 0.5187058978610568 0.03210926055908203 0.05676875644259983
61 0.8226880073547364 0.7660367329915364 0.07304821014404297 0.0245391845703125
55 0.7356602668762207 0.7333936479356554 0.0862741470336914 0.026397620307074654
14 0.5309407234191894 0.5180173661973742 0.03256778717041016 0.057176971435546876
14 0.564289124806722 0.5901302337646485 0.03131453196207682 0.04907913208007812
58 0.6433060646057129 0.702900865342882 0.07576541900634766 0.024218071831597222
38 0.3197879155476888 0.7236704296535916 0.07313404083251954 0.04165823194715712
16 0.3757653713226318 0.5149349000718858 0.03435792922973633 0.054565048217773436
60 0.8683618545532227 0.7158636728922526 0.04278144836425781 0.015083058675130209
61 0.8013520876566569 0.691874631245931 0.06208082834879557 0.017075729370117188
8 0.5315696239471436 0.5907735188802083 0.031120777130126953 0.046112060546875
