17 0.4978990872701009 0.5273513317108154 0.02956053415934245 0.03133678436279297
20 0.4414970397949219 0.5283718109130859 0.02804718017578125 0.028538990020751952
25 0.38289305369059246 0.5299315452575684 0.030200703938802084 0.030677604675292968
16 0.5578533808390299 0.5261977672576904 0.029362996419270832 0.028575611114501954
20 0.4690862655639648 0.527628231048584 0.02709509531656901 0.02843017578125
25 0.4127241452534994 0.529223108291626 0.02893975575764974 0.02866392135620117
10 0.7203226725260417 0.5203444004058838 0.025324249267578126 0.02700777053833008
3 0.8518555959065756 0.5217367649078369 0.027866236368815103 0.02965517044067383
12 0.28634726206461586 0.5336053848266602 0.03366012573242187 0.03172321319580078
10 0.6677451451619466 0.5222319602966309 0.027539698282877605 0.028679275512695314
13 0.3517245610555013 0.5307353019714356 0.03063519795735677 0.030829429626464844
10 0.7449726104736328 0.5199182510375977 0.02413660685221354 0.02659320831298828
17 0.527934710184733 0.5271900177001954 0.03045794169108073 0.029493331909179688
7 0.825418217976888 0.5221705436706543 0.026295216878255208 0.03043985366821289
12 0.25224121411641437 0.534085464477539 0.033490784962972 0.03115501403808594
9 0.798341433207194 0.5202899932861328 0.02908299763997396 0.026195526123046875
47 0.7067429860432942 0.6582590103149414 0.027408854166666666 0.032399749755859374
13 0.32050224939982097 0.5321919441223144 0.031003888448079428 0.03168830871582031
10 0.6943278630574544 0.5214255809783935 0.0261322021484375 0.02780609130859375
3 0.8784520467122395 0.5212913036346436 0.027230072021484374 0.030083656311035156
14 0.6149399439493816 0.5242393493652344 0.026859029134114584 0.027567481994628905
47 0.6794844309488932 0.6620409965515137 0.027459716796875 0.03181324005126953
38 0.3797472318013509 0.6321244239807129 0.0859591801961263 0.02988605499267578
31 0.7348829905192057 0.6497264862060547 0.029834747314453125 0.02314310073852539
47 0.6515403747558594 0.665072250366211 0.026129531860351562 0.034093475341796874
9 0.7703407287597657 0.5195021152496337 0.02756678263346354 0.025420379638671876
58 0.670076052347819 0.6101812362670899 0.06672554016113282 0.015168380737304688
16 0.5869284947713216 0.5253423690795899 0.028201802571614584 0.02926502227783203
34 0.5488542079925537 0.6176496505737304 0.07228848139444986 0.0268707275390625
58 0.7205079396565756 0.5939078330993652 0.05171000162760417 0.010219001770019531
43 0.2830338478088379 0.6427809715270996 0.09496568044026693 0.03342599868774414
58 0.7308926264444987 0.6055898189544677 0.04997711181640625 0.014488697052001953
31 0.7634127934773763 0.6458353042602539 0.03224538167317708 0.025995826721191405
31 0.8227702458699544 0.6402352333068848 0.030419921875 0.024322700500488282
58 0.7160401026407878 0.5862385272979737 0.05223782857259115 0.01026449203491211
58 0.6569572448730469 0.5898711204528808 0.05859705607096354 0.010949134826660156
58 0.6470707575480144 0.5804108619689942 0.057477442423502605 0.011748504638671876
61 0.7714744567871094 0.589600944519043 0.04908879597981771 0.009636116027832032
38 0.46915340423583984 0.6246680736541748 0.0802026112874349 0.029369544982910157
55 0.8339056650797526 0.5973153591156006 0.05222752888997396 0.014207172393798827
61 0.766162363688151 0.5802181243896485 0.04803136189778646 0.010511016845703125
55 0.82242431640625 0.586401891708374 0.05228271484375 0.011727714538574218
61 0.7801621754964193 0.6005315780639648 0.04814910888671875 0.012390518188476562
31 0.7935141245524089 0.641590690612793 0.0327673594156901 0.023134994506835937
60 0.6104317347208659 0.6179454803466797 0.0452667236328125 0.013401603698730469
60 0.6075299580891927 0.6056418895721436 0.04317042032877604 0.010880184173583985
55 0.8119430541992188 0.5692765712738037 0.055631256103515624 0.010313701629638673
14 0.640478515625 0.5223989963531495 0.025351715087890626 0.02723827362060547
60 0.6034921010335287 0.5953176498413086 0.03877131144205729 0.009484577178955077
61 0.7578524271647136 0.5703879356384277 0.0479095458984375 0.010271835327148437
58 0.7109222412109375 0.576779556274414 0.05217692057291667 0.010299491882324218
55 0.8184033711751302 0.5778157711029053 0.05067596435546875 0.008718013763427734
60 0.5967835744222005 0.5856666564941406 0.04012502034505208 0.009096527099609375
