9 0.35526142120361326 0.5710206985473633 0.03980941772460937 0.030063438415527343
6 0.6060958862304687 0.4619014263153076 0.030018107096354166 0.027339839935302736
15 0.8255887349446615 0.596324110031128 0.03267720540364583 0.021005916595458984
15 0.7944858551025391 0.5649556159973145 0.031744893391927084 0.026877689361572265
9 0.3947333017985026 0.5705273151397705 0.03793004353841146 0.029551029205322266
15 0.7934645334879558 0.5968562126159668 0.030645370483398438 0.021783065795898438
9 0.39570849736531577 0.6059731483459473 0.03839461008707682 0.023880958557128906
9 0.27544231414794923 0.5721068382263184 0.039142481486002606 0.03103160858154297
9 0.31513175964355467 0.5710084915161133 0.0398162841796875 0.03121318817138672
17 0.7265840530395508 0.4619916915893555 0.026689656575520835 0.027081871032714845
10 0.2579310417175293 0.4607075691223145 0.032373936971028645 0.030051612854003908
12 0.24008814493815103 0.5769718170166016 0.027008660634358726 0.039023971557617186
6 0.6361654917399089 0.46226725578308103 0.02951838175455729 0.02760934829711914
15 0.827600606282552 0.5642073631286622 0.03398183186848958 0.027566909790039062
10 0.32348273595174154 0.4611677169799805 0.03153947194417318 0.02826404571533203
10 0.2570085366566976 0.49877138137817384 0.031753953297932944 0.026758575439453126
9 0.35684293111165366 0.6071018695831298 0.03778762817382812 0.02434225082397461
7 0.4749053319295247 0.570114278793335 0.03665784200032552 0.028365612030029297
2 0.5751084645589193 0.46182680130004883 0.030331166585286458 0.027077674865722656
3 0.4345457712809245 0.6042544364929199 0.03727773030598958 0.022654914855957033
10 0.29097054799397787 0.46100711822509766 0.03252576192220052 0.028881072998046875
17 0.7542517344156902 0.4621932029724121 0.027306111653645833 0.026590347290039062
2 0.5452982584635416 0.4613619327545166 0.029023234049479166 0.02676076889038086
6 0.6336629231770833 0.5028483390808105 0.03148523966471354 0.034461593627929686
12 0.2123641014099121 0.5777736663818359 0.027219136555989582 0.039446258544921876
10 0.32255741755167644 0.4994815826416016 0.031445248921712236 0.028766822814941407
17 0.7793872833251954 0.49704513549804685 0.028484853108723958 0.025544166564941406
10 0.2901654561360677 0.4993874549865723 0.03254013061523438 0.028055763244628905
3 0.4382001558939616 0.5704684257507324 0.03601290384928386 0.026888275146484376
12 0.18369836807250978 0.5779316902160645 0.028205172220865885 0.040574073791503906
4 0.1190710703531901 0.8081377029418946 0.08345991770426432 0.07902469635009765
16 0.8110987345377604 0.4620938301086426 0.028354771931966147 0.02709484100341797
4 0.039099415143330894 0.8140113830566407 0.07774732907613119 0.08044452667236328
28 0.671609369913737 0.7690462589263916 0.04128824869791667 0.02457876205444336
20 0.5798727671305338 0.6040942192077636 0.02271753946940104 0.03146171569824219
17 0.7252003987630208 0.4974541187286377 0.02513885498046875 0.0255828857421875
9 0.31658318837483723 0.6090822696685791 0.0394381841023763 0.025841331481933592
16 0.8092924753824869 0.4966768264770508 0.03003972371419271 0.02546100616455078
7 0.4712148030598958 0.6035201549530029 0.03507512410481771 0.02249755859375
12 0.24135303497314453 0.6101260185241699 0.026593875885009766 0.024680328369140626
2 0.5419358412424723 0.49735002517700194 0.029659811655680338 0.02584991455078125
29 0.7411424001057942 0.7470832824707031 0.03758087158203125 0.022942733764648438
13 0.22423005104064941 0.46680526733398436 0.028247706095377603 0.039975643157958984
28 0.7106399536132812 0.7749294757843017 0.03543586730957031 0.023701190948486328
9 0.27662907441457113 0.6097055435180664 0.03913445472717285 0.026307010650634767
28 0.6970057805379232 0.7501745700836182 0.03873926798502604 0.02378711700439453
25 0.7435885111490885 0.6004521369934082 0.02144902547200521 0.029879379272460937
25 0.6737164815266927 0.6013422012329102 0.023220062255859375 0.028905677795410156
17 0.7515145619710286 0.49716033935546877 0.02630462646484375 0.02542257308959961
17 0.7820261001586915 0.46229257583618166 0.02779566446940104 0.026895523071289062
25 0.6975449879964193 0.6014528274536133 0.023241678873697918 0.02908039093017578
25 0.7447110493977864 0.5661480903625489 0.02171605428059896 0.03203907012939453
25 0.7659496307373047 0.5995129585266114 0.021643575032552084 0.028629302978515625
0 0.7080103556315104 0.4025355339050293 0.048141860961914064 0.026738739013671874
29 0.7791458129882812 0.7469912528991699 0.03836186726888021 0.023182106018066407
20 0.5323663075764974 0.6053439140319824 0.023632303873697916 0.03276634216308594
8 0.47987759908040367 0.49861693382263184 0.028549321492513022 0.02530536651611328
25 0.6519762674967448 0.5669310569763184 0.02229334513346354 0.03162050247192383
1 0.7959741592407227 0.4099000930786133 0.04099871317545573 0.013614463806152343
25 0.6977198282877605 0.5673321723937989 0.023468526204427083 0.03308658599853516
25 0.6744393030802409 0.5666401863098145 0.022307459513346353 0.03169260025024414
25 0.7668917338053386 0.5658405780792236 0.022271092732747397 0.03091773986816406
20 0.6267825444539388 0.6021648406982422 0.02298393249511719 0.03013753890991211
20 0.5562361399332683 0.6050614833831787 0.023670450846354166 0.03322286605834961
20 0.6034207661946615 0.6030600070953369 0.023973592122395835 0.03114633560180664
5 0.6834069569905599 0.4793561458587646 0.053995005289713544 0.02251148223876953
25 0.7221004486083984 0.5672364711761475 0.023360697428385417 0.033130550384521486
20 0.5066558837890625 0.6066205978393555 0.027151044209798178 0.03252334594726562
25 0.6503417332967122 0.6009656429290772 0.022800954182942708 0.027926063537597655
29 0.754223887125651 0.7711185455322266 0.03847783406575521 0.023602104187011717
13 0.19569926261901854 0.4672051429748535 0.02719087600708008 0.03972930908203125
20 0.5574830373128256 0.5701113700866699 0.02349853515625 0.03542823791503906
20 0.6286835352579753 0.5682719230651856 0.023140843709309897 0.032584762573242186
29 0.7930049896240234 0.7704285621643067 0.03893992106119792 0.02309703826904297
14 0.3885219573974609 0.46149511337280275 0.030047607421875 0.028537750244140625
20 0.5818817138671875 0.569720458984375 0.02403704325358073 0.03441333770751953
13 0.16633663177490235 0.467275333404541 0.028911240895589194 0.039770317077636716
8 0.48330195744832355 0.4616420745849609 0.029827117919921875 0.02745819091796875
14 0.3575324058532715 0.4615279197692871 0.030368995666503907 0.028498077392578126
14 0.4207929611206055 0.4978031158447266 0.02786420186360677 0.025252723693847658
20 0.6055465698242187 0.5687010765075684 0.02294642130533854 0.03259334564208984
14 0.41978988647460935 0.46114282608032225 0.031009546915690103 0.027917098999023438
8 0.5134178161621094 0.461621618270874 0.02981707255045573 0.026758384704589844
20 0.5345649719238281 0.5701146125793457 0.02315381368001302 0.03448410034179687
30 0.5803653717041015 0.7855077266693116 0.03819440205891927 0.017075729370117188
16 0.8383392969767253 0.4973200798034668 0.02828051249186198 0.02491302490234375
12 0.21348414421081544 0.612610149383545 0.026745033264160157 0.027994728088378905
14 0.3566706339518229 0.49826769828796386 0.03108037312825521 0.025109195709228517
12 0.18533519109090169 0.6131267547607422 0.027498435974121094 0.02814064025878906
30 0.6194237391153972 0.7587300300598144 0.03012059529622396 0.021399688720703126
25 0.7208187103271484 0.6013987541198731 0.022300211588541667 0.030387115478515626
30 0.5817564646402995 0.7626106262207031 0.04580230712890625 0.03004112243652344
16 0.8476016998291016 0.4624286651611328 0.019658660888671874 0.026977157592773436
13 0.19671168327331542 0.5053836345672608 0.02744919459025065 0.035019302368164064
0 0.7540156682332356 0.4091207504272461 0.04359982808430989 0.015244293212890624
1 0.8387367248535156 0.41081533432006834 0.044329325358072914 0.013971900939941407
20 0.5092902819315592 0.5714489459991455 0.027292251586914062 0.03544673919677734
8 0.5106720606486003 0.49860057830810545 0.030906168619791667 0.026200389862060545
13 0.16820419629414876 0.5054820060729981 0.02742773691813151 0.03512897491455078
1 0.7988478342692057 0.39632630348205566 0.0421532948811849 0.011513423919677735
28 0.4818929672241211 0.7682062149047851 0.041107559204101564 0.02530841827392578
13 0.22483015060424805 0.5023429870605469 0.026080195109049478 0.03047008514404297
14 0.38917853037516276 0.49786930084228515 0.03184585571289063 0.025422191619873045
1 0.8420080820719401 0.39737012386322024 0.04411150614420573 0.012797689437866211
0 0.7140841166178385 0.3812183141708374 0.049292500813802084 0.013597440719604493
14 0.4516866683959961 0.4610879898071289 0.030209986368815105 0.02785186767578125
28 0.6231925328572591 0.7806421279907226 0.041969553629557295 0.022823905944824217
14 0.4505882263183594 0.49822063446044923 0.028120930989583334 0.024897384643554687
0 0.7546031951904297 0.3974478721618652 0.043596903483072914 0.01494302749633789
31 0.5336534976959229 0.7767165184020997 0.042162609100341794 0.02671365737915039
2 0.5719230651855469 0.49206838607788084 0.02821375528971354 0.014864730834960937
