9 0.6585107167561849 0.3795114040374756 0.03604558308919271 0.024209976196289062
9 0.621838633219401 0.3786125183105469 0.03499399820963542 0.024909496307373047
7 0.869825808207194 0.41133866310119627 0.038623936971028644 0.029971218109130858
9 0.6224356333414713 0.4093067169189453 0.03772379557291667 0.03283014297485352
10 0.5892389297485352 0.41015329360961916 0.02780634562174479 0.03200845718383789
43 0.4581906318664551 0.4953345775604248 0.07516543070475261 0.01849365234375
12 0.2929143269856771 0.4069082736968994 0.025603739420572917 0.031371021270751955
16 0.3789749463399251 0.40737204551696776 0.029166221618652344 0.030434894561767577
16 0.4083380381266276 0.4080965518951416 0.028344090779622397 0.030126476287841798
16 0.3482922871907552 0.40720404386520387 0.030234018961588543 0.03010294437408447
3 0.7740711212158203 0.41071691513061526 0.03594767252604167 0.031104564666748047
9 0.6936503092447917 0.3793065547943115 0.03231404622395833 0.02415189743041992
12 0.266886297861735 0.40687575340271 0.02641455332438151 0.03156414031982422
10 0.5600719451904297 0.410413920879364 0.030204137166341145 0.031236863136291503
2 0.7118940353393555 0.410735034942627 0.02891680399576823 0.030418968200683592
14 0.5000190734863281 0.4095425605773926 0.02897326151529948 0.028786945343017577
2 0.7409627914428711 0.410992431640625 0.029486974080403645 0.030627346038818358
2 0.6826769510904948 0.4105305790901184 0.029178365071614584 0.030667853355407716
10 0.32491715749104816 0.3703238725662231 0.02948926289876302 0.027309894561767578
25 0.31925957997639975 0.4069217205047607 0.026681900024414062 0.03081521987915039
17 0.43888505299886066 0.40866430997848513 0.03127625783284505 0.03093588352203369
10 0.2950071970621745 0.36976966857910154 0.029457728068033855 0.027068328857421876
47 0.6764046986897786 0.5680126190185547 0.032158279418945314 0.025431346893310548
58 0.7685281117757161 0.48619709014892576 0.06498819986979167 0.014553070068359375
10 0.3547128995259603 0.3703882932662964 0.03007793426513672 0.02757892608642578
47 0.6433099110921224 0.5691122055053711 0.033903249104817706 0.027031135559082032
6 0.8041481018066406 0.41095571517944335 0.025264485677083334 0.029843235015869142
46 0.17981058756510418 0.41574965715408324 0.06113847096761068 0.06343190670013428
47 0.7100610733032227 0.5683274269104004 0.03460197448730469 0.024752044677734376
46 0.20067365964253744 0.6294940948486328 0.04796311060587565 0.039367294311523436
14 0.47009722391764325 0.4091058611869812 0.028822962443033853 0.02952864170074463
46 0.18890350659688313 0.5225784778594971 0.05139579772949219 0.024808692932128906
46 0.18948462804158528 0.5526546001434326 0.04995012283325195 0.035889816284179685
43 0.3772319475809733 0.49815025329589846 0.07563546498616537 0.014018058776855469
46 0.18857444127400716 0.4808528900146484 0.05573959350585937 0.059393882751464844
9 0.7653032302856445 0.3807334899902344 0.035934829711914064 0.02364835739135742
7 0.9088335673014323 0.4113099932670593 0.039009348551432295 0.03132803440093994
46 0.19463895161946615 0.5898901939392089 0.05122032165527344 0.04064655303955078
43 0.6246292114257812 0.49701852798461915 0.06969350179036458 0.01201019287109375
43 0.37682987848917643 0.4792684555053711 0.07941767374674479 0.015797996520996095
2 0.6548571268717448 0.4099287033081055 0.026856486002604166 0.031008338928222655
61 0.8552579243977865 0.49464964866638184 0.04457143147786458 0.013386917114257813
9 0.5787232081095378 0.3754060506820679 0.037290700276692706 0.027979612350463867
43 0.5448161919911703 0.49618730545043943 0.0785682996114095 0.013296127319335938
14 0.5287765502929688 0.40985827445983886 0.027069981892903647 0.029406261444091798
9 0.7279435475667317 0.38024985790252686 0.03614120483398438 0.02360115051269531
