7 0.7078390757242838 0.3580519676208496 0.04479522705078125 0.03337936401367188
6 0.7871704737345377 0.3917503356933594 0.03733673095703125 0.041147899627685544
6 0.7493996938069661 0.3927049160003662 0.03663075764973958 0.041408634185791014
9 0.3505968729654948 0.36402020454406736 0.04258028666178385 0.02882699966430664
10 0.451638921101888 0.3976337432861328 0.034516334533691406 0.0404022216796875
3 0.6630098978678386 0.3581338167190552 0.04441553751627604 0.03327336311340332
9 0.26355490684509275 0.36520769596099856 0.04170293807983398 0.02844386100769043
10 0.5250164031982422 0.3969698905944824 0.03535296122233073 0.040788459777832034
9 0.17147397994995117 0.36401982307434083 0.045145638783772785 0.03363323211669922
10 0.4156623840332031 0.39807939529418945 0.0356896718343099 0.04119749069213867
6 0.8244534174601237 0.39157829284667967 0.03589642842610677 0.040377044677734376
9 0.5268733978271485 0.3609118938446045 0.042578125 0.03139066696166992
9 0.395600700378418 0.3636958122253418 0.04345219930013021 0.029127216339111327
10 0.561163584391276 0.39674160480499265 0.035918172200520834 0.04075846672058105
13 0.3489463488260905 0.39880828857421874 0.02915643056233724 0.0397700309753418
9 0.2183413823445638 0.365540599822998 0.044284820556640625 0.02959723472595215
12 0.2290045420328776 0.39962332248687743 0.030287742614746094 0.039454317092895506
9 0.48308099110921227 0.3622661352157593 0.041167068481445315 0.030174112319946288
10 0.48813158671061196 0.39732177257537843 0.03577613830566406 0.04000592231750488
12 0.1683935483296712 0.4000296115875244 0.02908954620361328 0.03812217712402344
9 0.43969799677530924 0.36283795833587645 0.04258797963460286 0.029659128189086913
12 0.19875510533650717 0.3999934673309326 0.029758453369140625 0.03864994049072266
13 0.2892439842224121 0.3991945743560791 0.029519144694010416 0.03963756561279297
3 0.5717887878417969 0.3598088979721069 0.044164276123046874 0.0331425666809082
13 0.38050193786621095 0.39902539253234864 0.030257161458333334 0.040760231018066403
2 0.711631965637207 0.3938539266586304 0.036861292521158856 0.040119504928588866
9 0.3067964553833008 0.3648817539215088 0.04306958516438802 0.028897953033447266
13 0.31899585723876955 0.39899277687072754 0.029205322265625 0.03946142196655274
12 0.2592950185139974 0.399229621887207 0.029911041259765625 0.04007654190063477
44 0.2713045040766398 0.5671548843383789 0.07659595807393392 0.046600341796875
44 0.3539284706115723 0.563303279876709 0.07556266784667968 0.045012378692626955
7 0.8106520334879558 0.3555277109146118 0.04612388610839844 0.03042635917663574
7 0.7646101633707683 0.3559593200683594 0.043264007568359374 0.030717802047729493
10 0.5985556920369466 0.3961622714996338 0.03661791483561198 0.0411102294921875
3 0.6174266179402669 0.3589898347854614 0.0443115234375 0.03303604125976563
14 0.4734588940938314 0.4627532958984375 0.03802712758382162 0.04465427398681641
39 0.5106349309285482 0.5596557140350342 0.07276153564453125 0.04299325942993164
14 0.2832034428914388 0.46414890289306643 0.036504872639973956 0.04054384231567383
2 0.6363574981689453 0.3953369617462158 0.03644638061523438 0.04097890853881836
14 0.20559701919555665 0.4661092758178711 0.037242762247721356 0.041933536529541016
39 0.4312572479248047 0.5617255687713623 0.07332750956217447 0.0427128791809082
14 0.24564816157023112 0.46425256729125974 0.03642749786376953 0.040185165405273435
58 0.6016520818074544 0.5431805610656738 0.07950019836425781 0.020582294464111327
2 0.6742817560831705 0.39459986686706544 0.036737314860026044 0.04003229141235352
8 0.8305779774983724 0.4591535568237305 0.03765678405761719 0.04335289001464844
8 0.6698818206787109 0.4604621887207031 0.03721567789713542 0.042423057556152347
44 0.19244961738586425 0.5658468246459961 0.07588755289713542 0.04190053939819336
14 0.35900853474934896 0.4635977268218994 0.0369720458984375 0.0425227165222168
8 0.749997901916504 0.45942392349243166 0.038707605997721356 0.043168830871582034
14 0.43449840545654295 0.46324381828308103 0.03665491739908854 0.043546104431152345
14 0.32040475209554037 0.464387035369873 0.03644517262776693 0.04117908477783203
14 0.5134260813395183 0.4627272605895996 0.037874603271484376 0.043250656127929686
8 0.7097689310709635 0.4594119071960449 0.03776830037434896 0.04312000274658203
8 0.7908470789591472 0.4603414535522461 0.039655176798502605 0.043645191192626956
8 0.593225606282552 0.4605067253112793 0.0363189697265625 0.04237556457519531
14 0.16747015317281086 0.46549139022827146 0.03574285507202148 0.043428802490234376
14 0.39724572499593097 0.4630772590637207 0.036639976501464847 0.04327869415283203
61 0.7011885325113932 0.5619860649108886 0.06766916910807291 0.020116615295410156
8 0.6311939239501954 0.4600234508514404 0.03730901082356771 0.04172029495239258
55 0.7923102060953776 0.5347404479980469 0.1028045654296875 0.016806411743164062
8 0.5534583409627278 0.46207990646362307 0.03964576721191406 0.0433013916015625
55 0.7967166900634766 0.5503069877624511 0.08463363647460938 0.014961433410644532
