9 0.30764315923055013 0.2861222267150879 0.04899787902832031 0.032108497619628903
12 0.3215871175130208 0.3267733812332153 0.03491338094075521 0.04799017906188965
3 0.5740702946980795 0.28831946849823 0.052369181315104166 0.033675003051757815
9 0.46421035130818683 0.287994909286499 0.052263959248860674 0.03282442092895508
10 0.4436924616495768 0.32811799049377444 0.04132855733235677 0.04833693504333496
10 0.48588759104410806 0.3282236814498901 0.04155089060465495 0.04867510795593262
9 0.4110515594482422 0.28796095848083497 0.04980557759602865 0.03289918899536133
44 0.44088128407796223 0.5334877490997314 0.08323008219401042 0.0405980110168457
10 0.40074342091878257 0.32819018363952634 0.040952301025390624 0.04848270416259766
9 0.35897687276204426 0.2877043724060059 0.050382041931152345 0.032901859283447264
3 0.6286212921142578 0.2883594512939453 0.05347226460774739 0.0329096794128418
12 0.2851341883341471 0.32621164321899415 0.03551317850748698 0.04860711097717285
14 0.3252256393432617 0.4027095913887024 0.043009312947591145 0.05171658992767334
10 0.5290046691894531 0.32920022010803224 0.04151077270507812 0.04834303855895996
3 0.519033686319987 0.28858423233032227 0.051905059814453126 0.03373937606811524
7 0.6831408182779948 0.2874013423919678 0.05207468668619792 0.03498554229736328
13 0.35907328923543297 0.32810125350952146 0.035327911376953125 0.04813041687011719
2 0.6155858357747396 0.32915186882019043 0.04234517415364583 0.04840517044067383
2 0.6592494328816731 0.3292567253112793 0.04269676208496094 0.0485633373260498
39 0.34900973637898763 0.5296626567840577 0.09117132822672526 0.049648189544677736
14 0.41287352244059244 0.40341356992721555 0.04344774881998698 0.05073378086090088
6 0.7012138366699219 0.32933697700500486 0.03918100992838542 0.04816083908081055
2 0.5720577239990234 0.3289783954620361 0.042161051432291666 0.04855260848999023
14 0.45629984537760415 0.4042786478996277 0.03986218770345052 0.05018904209136963
14 0.28039776484171547 0.4022483706474304 0.04135589599609375 0.051696610450744626
58 0.5454301198323568 0.5478800296783447 0.10130119323730469 0.014626312255859374
14 0.36888999938964845 0.4031050205230713 0.040714391072591144 0.0496826171875
8 0.6295478185017903 0.4039487361907959 0.042568333943684894 0.048720359802246094
8 0.5856920878092448 0.40480494499206543 0.04203720092773437 0.05026235580444336
58 0.5449261983235677 0.5333211898803711 0.09767265319824218 0.0157745361328125
61 0.6629737218221029 0.5484996795654297 0.08438898722330729 0.013433074951171875
14 0.49788309733072916 0.4047574520111084 0.04152730305989583 0.04990253448486328
8 0.5427120208740235 0.4052000164985657 0.03996849060058594 0.05162522792816162
61 0.6565037409464518 0.5140302658081055 0.0872973124186198 0.013621807098388672
8 0.7167214711507162 0.4060235023498535 0.04200108846028646 0.05267791748046875
8 0.6740583419799805 0.4047819137573242 0.04033521016438802 0.050156688690185545
58 0.5449949264526367 0.5108438014984131 0.09495557149251302 0.012909984588623047
61 0.6610432942708333 0.5359915256500244 0.08792037963867187 0.012103557586669922
