6 0.7326924641927083 0.6273013114929199 0.04293390909830729 0.052011299133300784
10 0.6471216201782226 0.6244019031524658 0.04322268168131511 0.051697826385498045
10 0.6897145589192708 0.6262413501739502 0.041608937581380206 0.05263452529907227
17 0.4824912389119466 0.616534423828125 0.04131647745768229 0.04761714935302734
17 0.5240930557250977 0.6182464599609375 0.04199651082356771 0.04956388473510742
14 0.8204448699951172 0.6298118591308594 0.04395294189453125 0.049462318420410156
12 0.5658576965332032 0.6215882301330566 0.03462066650390625 0.05314350128173828
13 0.6015145619710286 0.6225605487823487 0.036492411295572916 0.0534332275390625
0 0.3472909927368164 0.716494369506836 0.05653826395670573 0.027341079711914063
14 0.7767079035441081 0.6282235145568847 0.042255274454752606 0.05061779022216797
1 0.23622419039408366 0.710894250869751 0.05715640385945638 0.02555084228515625
0 0.2923824389775594 0.7130579948425293 0.05937867164611817 0.028632736206054686
1 0.1263125419616699 0.7058768749237061 0.0590611457824707 0.025914096832275392
1 0.18073285420735677 0.7096446037292481 0.05700543721516927 0.02583656311035156
14 0.8642754236857096 0.6313592910766601 0.04380645751953125 0.04944162368774414
8 0.9086413065592448 0.6322943687438964 0.04390385945638021 0.050675392150878906
24 0.7810141881306966 0.7131299018859864 0.06311327616373698 0.011075210571289063
24 0.7838457107543946 0.7235339164733887 0.06480433146158854 0.011209869384765625
24 0.7874608357747396 0.7336023330688477 0.067230224609375 0.01192941665649414
