6 0.3063779089185927 0.5336370468139648 0.04390786488850911 0.07169770134819878
17 0.48017817603217233 0.48845123714870875 0.04163017272949219 0.06847953796386719
13 0.17728316518995496 0.5622675789727105 0.041892189449734156 0.06403372022840711
10 0.39581915537516277 0.508510250515408 0.038611814710828994 0.0685132344563802
6 0.347325070699056 0.5214278115166558 0.03974198235405816 0.07195642259385851
13 0.13532533645629882 0.574301995171441 0.04515938229031033 0.06932907104492188
14 0.21922788619995118 0.5554077572292752 0.043920707702636716 0.07149827745225694
10 0.4340117348564996 0.4964561886257596 0.03879195319281684 0.06013209025065104
12 0.08967580000559489 0.5843129052056206 0.04679037200080024 0.06402952406141493
51 0.9863941616482205 0.4605619854397244 0.027211676703559028 0.08602383931477865
47 0.9438810136583117 0.4913553873697917 0.03222698635525174 0.0621795654296875
47 0.9198312547471789 0.49863724178738067 0.02066158718532986 0.062144173516167536
12 0.044837286737230087 0.5946920182969835 0.048577303356594506 0.0676483154296875
