13 0.3534813563028971 0.16003975868225098 0.030999374389648438 0.04083647727966309
15 0.2477111339569092 0.5116072654724121 0.042255496978759764 0.026206302642822265
3 0.4320789972941081 0.513612937927246 0.04160385131835938 0.02683677673339844
16 0.26319189071655275 0.24255053997039794 0.031878662109375 0.03267536163330078
16 0.19340147972106933 0.24007148742675782 0.03286956151326497 0.0321772575378418
3 0.4343279202779134 0.4807271957397461 0.04152043660481771 0.0374725341796875
12 0.38735485076904297 0.2503535509109497 0.03066361745198568 0.045071887969970706
16 0.2258633295694987 0.2860567092895508 0.03655382792154948 0.032192564010620116
2 0.48563194274902344 0.41253094673156737 0.03478724161783854 0.03023538589477539
7 0.5611707687377929 0.4780421257019043 0.042091115315755205 0.02968254089355469
20 0.28724625905354817 0.10513125658035279 0.03131421407063802 0.02991812229156494
7 0.5169200579325358 0.5203397750854493 0.04188747406005859 0.03701515197753906
3 0.4766124725341797 0.4813286781311035 0.0427154541015625 0.03754844665527344
7 0.5596682866414388 0.5211479187011718 0.041323343912760414 0.03716964721679687
20 0.31936801274617516 0.10503284633159637 0.03331820170084635 0.029762274026870726
13 0.3856821060180664 0.1162741869688034 0.032236480712890626 0.046616369485855104
12 0.4183116277058919 0.25055522918701173 0.03065770467122396 0.04518523216247559
15 0.25500561396280924 0.47349958419799804 0.03806349436442057 0.02957305908203125
7 0.5191123962402344 0.477736234664917 0.04152412414550781 0.029266357421875
20 0.2548672199249268 0.10508890450000763 0.03316183090209961 0.030939000844955444
17 0.2276530106862386 0.36470224857330324 0.03469991683959961 0.031459379196166995
2 0.306348991394043 0.36655306816101074 0.0359643300374349 0.03163223266601563
17 0.19269814491271972 0.3640121936798096 0.03444811503092448 0.03135747909545898
12 0.47806262969970703 0.11650564670562744 0.032582600911458336 0.04813880920410156
13 0.3525773366292318 0.11524791717529297 0.031819788614908855 0.046092772483825685
12 0.4461343765258789 0.11661266982555389 0.031889851888020834 0.048342806100845334
25 0.1579568862915039 0.1096035122871399 0.03319956461588542 0.03727245330810547
15 0.21354567209879557 0.4723986625671387 0.04429893493652344 0.02951221466064453
16 0.261492919921875 0.2872058868408203 0.03311576843261719 0.032216548919677734
12 0.4166723251342773 0.29564194679260253 0.028981781005859374 0.04052133560180664
17 0.26460601488749186 0.36523947715759275 0.03654165267944336 0.031320381164550784
12 0.3865737279256185 0.2949376583099365 0.030000686645507812 0.040520668029785156
25 0.2249118169148763 0.15747605562210082 0.030972862243652345 0.03686940670013428
12 0.5105452219645182 0.11665087044239045 0.03279240926106771 0.047626012563705446
2 0.5208463033040365 0.37126979827880857 0.034585825602213544 0.031215476989746093
13 0.3851228396097819 0.16058123111724854 0.030402437845865885 0.0414217472076416
2 0.521072514851888 0.41298789978027345 0.034615580240885416 0.030065345764160156
2 0.48543415069580076 0.37081112861633303 0.034881210327148436 0.031427764892578126
13 0.3553217569986979 0.29233741760253906 0.029496256510416666 0.039109325408935545
3 0.47423102060953776 0.513584566116333 0.04160575866699219 0.026642990112304688
2 0.37652772267659507 0.3689320802688599 0.03577143351236979 0.03168959617614746
13 0.35573616027832033 0.24976391792297364 0.029413986206054687 0.043503952026367185
15 0.20400498708089193 0.5106558799743652 0.04333629608154297 0.02764101028442383
25 0.19365873336791992 0.15858972072601318 0.03160718282063802 0.03812675476074219
2 0.3415731430053711 0.3679503440856934 0.033567555745442706 0.030951499938964844
14 0.395014222462972 0.475526237487793 0.03467642466227214 0.02881622314453125
2 0.4497874577840169 0.3698972225189209 0.035330581665039065 0.03139348030090332
2 0.3799523671468099 0.41124142408370973 0.031957054138183595 0.030213189125061036
20 0.28955631256103515 0.15888493061065673 0.0319366455078125 0.04143984317779541
20 0.2573095798492432 0.15732845067977905 0.032106177012125654 0.038874244689941405
14 0.390442943572998 0.5127406597137452 0.033902549743652345 0.027515602111816407
25 0.16262000401814777 0.15909479856491088 0.030610148111979166 0.03821251392364502
13 0.32466214497884116 0.24875383377075194 0.029907862345377605 0.04299077987670898
20 0.32126522064208984 0.15841567516326904 0.031059137980143228 0.03890810012817383
2 0.41372884114583336 0.3695559024810791 0.03587023417154948 0.0319094181060791
17 0.23062535921732585 0.4077245831489563 0.03555002212524414 0.030282759666442872
2 0.344032351175944 0.4110273480415344 0.033983866373697914 0.03124501705169678
12 0.44685446421305336 0.2932169437408447 0.03023948669433594 0.03696317672729492
16 0.18743486404418946 0.28422131538391116 0.03796819051106771 0.03259410858154297
25 0.19029491742451984 0.10908288657665252 0.03196627298990885 0.03714776635169983
13 0.29363479614257815 0.28993122577667235 0.02948341369628906 0.036083316802978514
2 0.4141238530476888 0.41111207008361816 0.03509038289388021 0.02965230941772461
16 0.2280300776163737 0.24124693870544434 0.035164928436279295 0.03207864761352539
13 0.3241013526916504 0.2921765804290771 0.02958844502766927 0.039490127563476564
13 0.2948407491048177 0.2483696460723877 0.029053497314453124 0.041819286346435544
2 0.30774593353271484 0.4068902969360352 0.036066436767578126 0.025458908081054686
13 0.4166199048360189 0.16031279563903808 0.03140074412027995 0.03797478675842285
8 0.28607107798258463 0.5118776321411133 0.03245697021484375 0.02794933319091797
14 0.3588656743367513 0.47408351898193357 0.030590311686197916 0.026740074157714844
2 0.4499013900756836 0.40918521881103515 0.03414789835611979 0.025280094146728514
14 0.35639286041259766 0.5123126029968261 0.03309764862060547 0.02787361145019531
8 0.3204628626505534 0.5121166229248046 0.03304011027018229 0.028069686889648438
12 0.4805821100870768 0.16221837997436522 0.031243387858072916 0.04078793525695801
25 0.22193066279093424 0.10778166949748993 0.03159828186035156 0.03577476143836975
17 0.26787147521972654 0.40869293212890623 0.03665211995442708 0.029262065887451172
12 0.5117663065592448 0.1554180860519409 0.031109174092610676 0.0276822566986084
28 0.2651632308959961 0.7842575073242187 0.043253389994303386 0.03114147186279297
12 0.44901046752929685 0.157446026802063 0.03163363138834636 0.0316068172454834
8 0.32487837473551434 0.47374849319458007 0.03342005411783854 0.026726150512695314
17 0.19510857264200845 0.4068049430847168 0.03479607899983724 0.030221843719482423
