10 0.5483081181844075 0.5738786697387696 0.03233528137207031 0.03714809417724609
6 0.5504217783610026 0.6310982227325439 0.03350346883138021 0.041151905059814455
10 0.5153132438659668 0.5734655380249023 0.033216031392415364 0.036172103881835935
20 0.5155946095784505 0.38573565483093264 0.027605692545572918 0.03597564697265625
10 0.5823507944742838 0.5726272583007812 0.03346176147460937 0.038201904296875
20 0.5160516103108724 0.4235365867614746 0.02734553019205729 0.03738059997558594
6 0.5839248657226562 0.6309933185577392 0.032190704345703126 0.040506839752197266
12 0.5488199869791667 0.3530001640319824 0.028148142496744792 0.028327178955078126
25 0.4831857681274414 0.4235276222229004 0.026427014668782552 0.03662557601928711
20 0.5170845031738281 0.4963921070098877 0.028964487711588542 0.027633094787597658
12 0.5480791727701823 0.42478337287902834 0.028145599365234374 0.03763151168823242
2 0.4830266316731771 0.6283645629882812 0.031487655639648435 0.031538772583007815
20 0.5160777409871419 0.46263322830200193 0.02758000691731771 0.037404632568359374
12 0.5487617492675781 0.3865527868270874 0.027963892618815104 0.03827357292175293
12 0.5476882298787434 0.463596248626709 0.028208287556966145 0.03794116973876953
25 0.48347304662068685 0.35203726291656495 0.026419639587402344 0.026447439193725587
25 0.48316516876220705 0.3854325294494629 0.026464462280273438 0.03747358322143555
25 0.4831915219624837 0.46193695068359375 0.026088460286458334 0.03753948211669922
2 0.5161393165588379 0.629699993133545 0.033910369873046874 0.03687553405761719
25 0.48496373494466144 0.49683475494384766 0.02891400655110677 0.02779808044433594
12 0.5500654856363932 0.4964485168457031 0.030428059895833335 0.02772178649902344
13 0.5818323771158854 0.38550891876220705 0.02696253458658854 0.04015302658081055
10 0.4816398620605469 0.5696586608886719 0.033060455322265626 0.029164981842041016
13 0.5810998280843099 0.46381616592407227 0.02763214111328125 0.037633323669433595
13 0.5817586263020833 0.4251102447509766 0.02751922607421875 0.038123798370361325
8 0.5637235641479492 0.7497413158416748 0.03233121236165364 0.04458169937133789
13 0.5833730061848958 0.49677333831787107 0.027942403157552084 0.026966667175292967
8 0.5333336512247722 0.745522403717041 0.02733154296875 0.037317943572998044
20 0.5160591761271159 0.3525428295135498 0.027833175659179688 0.026751041412353516
13 0.581615702311198 0.35197739601135253 0.026937103271484374 0.026456546783447266
8 0.5054403940836588 0.7445403099060058 0.027880477905273437 0.03650379180908203
14 0.5053255716959636 0.6881575584411621 0.030725479125976562 0.035106658935546875
8 0.5664512634277343 0.6940152168273925 0.03163897196451823 0.04347991943359375
