10 0.6105100843641493 0.5573563575744629 0.04167904324001736 0.03733558654785156
12 0.6041958279079861 0.41389942169189453 0.03462422688802083 0.03684520721435547
13 0.6451113382975261 0.45157594680786134 0.03447129991319445 0.03650932312011719
13 0.6432308620876737 0.41419477462768556 0.03578559027777778 0.03610811233520508
10 0.6523228963216146 0.556216812133789 0.04101189507378472 0.038569068908691405
12 0.6117881774902344 0.4851698875427246 0.03980034722222222 0.027707672119140624
13 0.6432566324869792 0.3758749485015869 0.03431328667534722 0.037667274475097656
25 0.5176439073350695 0.3444854736328125 0.035140313042534725 0.026301860809326172
2 0.5722009446885851 0.61144118309021 0.040183173285590276 0.03940095901489258
10 0.5686799791124132 0.5549041748046875 0.04097510443793403 0.028923416137695314
2 0.6127997504340278 0.610275411605835 0.040902031792534724 0.039377689361572266
12 0.6062895033094619 0.34410231113433837 0.030575731065538195 0.02488555908203125
25 0.5213055928548177 0.41561585664749146 0.03248630099826389 0.03645856380462646
12 0.6048309326171875 0.3761667966842651 0.03248799641927083 0.03783040046691895
25 0.5232073465983073 0.45384063720703127 0.03503960503472222 0.03824539184570312
20 0.5600798712836371 0.3446018218994141 0.035414971245659725 0.024551010131835936
25 0.519234127468533 0.37805402278900146 0.03400285508897569 0.03752584457397461
2 0.654392327202691 0.6096873760223389 0.041413201226128474 0.03799142837524414
10 0.5268795013427734 0.5578890323638916 0.04258990817599827 0.031169891357421875
14 0.5591233571370443 0.6641128540039063 0.039538998074001734 0.03448772430419922
12 0.6060309939914279 0.45177812576293946 0.03564283582899305 0.03844947814941406
20 0.563106197781033 0.4526604175567627 0.03386722140842014 0.03844232559204101
20 0.5690424177381728 0.4865242004394531 0.037690989176432294 0.027741050720214842
14 0.6332656012641059 0.6642684936523438 0.040512763129340275 0.038688278198242186
20 0.5606011284722222 0.3768167495727539 0.0343170166015625 0.03781766891479492
2 0.5307657029893663 0.6124439239501953 0.04093170166015625 0.03796195983886719
13 0.6437653435601128 0.34352574348449705 0.033907911512586805 0.024946260452270507
20 0.5613457573784723 0.41492395401000975 0.033100721571180554 0.03614110946655273
25 0.5288586934407552 0.4874855995178223 0.03679775661892361 0.027806949615478516
14 0.5956670549180773 0.6629335880279541 0.03385552300347222 0.035186767578125
13 0.651731914944119 0.4833425998687744 0.036630333794487845 0.026488304138183594
8 0.5622305128309462 0.7109866142272949 0.03685184054904514 0.02907419204711914
8 0.6250655280219184 0.7114014625549316 0.04019894070095486 0.035680198669433595
