15 0.4531415303548177 0.5365813255310059 0.0409942626953125 0.022674942016601564
15 0.4113175710042318 0.5377962589263916 0.04115922715928819 0.02236204147338867
10 0.5383538987901476 0.30113730430603025 0.03520321316189236 0.024579238891601563
6 0.4671714358859592 0.2976360559463501 0.03791842990451389 0.02544569969177246
17 0.3133341047498915 0.2136228084564209 0.04115108913845486 0.026245880126953124
10 0.506283696492513 0.33472528457641604 0.03466067843967014 0.024022960662841798
9 0.4942152235243056 0.2256772518157959 0.04788826836480035 0.023808956146240234
16 0.1365006340874566 0.20336658954620362 0.045089170667860244 0.029962158203125
6 0.4325299580891927 0.332395601272583 0.037108696831597225 0.02436485290527344
16 0.13227483961317274 0.16172413825988768 0.044427914089626735 0.02954998016357422
10 0.5416483985053169 0.33557844161987305 0.034941948784722225 0.02376279830932617
15 0.44872508578830295 0.505211591720581 0.04430813259548611 0.024192142486572265
2 0.3553123474121094 0.3307787418365479 0.03887312147352431 0.025661611557006837
6 0.42893553839789494 0.29651708602905275 0.03796717325846354 0.026125526428222655
17 0.353790283203125 0.21597905158996583 0.03855489095052083 0.026189088821411133
2 0.393833499484592 0.33138513565063477 0.036977132161458336 0.025059986114501952
9 0.4943133884006076 0.19260478019714355 0.047301228841145834 0.025803899765014647
30 0.7909346686469184 0.7656417846679687 0.04258677164713542 0.021050643920898438
2 0.3510766771104601 0.2946664094924927 0.038808949788411456 0.026411724090576173
28 0.6155921088324653 0.7907690048217774 0.046391805013020836 0.02380504608154297
10 0.5035956064860027 0.29990084171295167 0.03323720296223958 0.024768686294555663
28 0.5960478888617622 0.7678706169128418 0.04580934312608507 0.023223114013671876
2 0.3899897257486979 0.29546422958374025 0.037918938530815974 0.02611241340637207
9 0.5403868781195746 0.19576956033706666 0.04520178900824653 0.0236860990524292
11 0.5909834967719184 0.5988125324249267 0.07524871826171875 0.0639298439025879
3 0.44481447007921004 0.18947547674179077 0.04911770290798611 0.025417113304138185
17 0.31122777726915146 0.1752858877182007 0.04012921651204427 0.025731658935546874
16 0.18231093088785807 0.20569391250610353 0.044318940904405385 0.02883009910583496
31 0.6825564914279514 0.7576571941375733 0.04319051106770833 0.021142578125
30 0.7662516276041667 0.7447960853576661 0.038983662923177086 0.01967029571533203
31 0.7054724799262153 0.7786280155181885 0.04422641330295139 0.02269735336303711
9 0.5413430955674913 0.2286999225616455 0.04445444742838542 0.023639106750488283
6 0.4700635274251302 0.3332261562347412 0.03631930881076389 0.023807811737060546
3 0.4455433315700955 0.22351200580596925 0.04818081325954861 0.023309040069580077
16 0.17606463962131078 0.16467430591583251 0.04263992309570312 0.026173973083496095
14 0.4690699259440104 0.5957541465759277 0.03392291598849827 0.022392940521240235
29 0.8519254896375869 0.7357869148254395 0.0420806884765625 0.02052021026611328
17 0.26808272467719185 0.1721298575401306 0.04356070624457465 0.02684636116027832
16 0.22666888766818577 0.20870051980018617 0.04219487508138021 0.027921569347381592
28 0.5695388370090061 0.794130802154541 0.049033270941840276 0.02345409393310547
11 0.6617297702365451 0.5943972587585449 0.06850636800130208 0.0626943588256836
15 0.40403230455186634 0.506150484085083 0.045206705729166664 0.02449941635131836
25 0.5203813340928819 0.49897217750549316 0.02808770073784722 0.0210845947265625
20 0.5785212198893229 0.5284824371337891 0.026176791720920137 0.01892433166503906
17 0.2715233696831597 0.21179416179656982 0.04228083292643229 0.02664637565612793
16 0.22132434844970703 0.16835803985595704 0.04405623541937934 0.02872333526611328
31 0.6237923940022786 0.7423463821411133 0.040924750434027775 0.017578697204589842
7 0.3974464840359158 0.18562225103378296 0.04411527845594618 0.024663519859313966
30 0.7290752834743923 0.7504597663879394 0.04251505533854167 0.02077007293701172
17 0.3520990159776476 0.17784388065338136 0.04056922064887153 0.02521669864654541
20 0.5511083390977648 0.5289336204528808 0.028949737548828125 0.01929130554199219
7 0.39730936686197915 0.22040960788726807 0.04625718858506944 0.024559879302978517
29 0.8760841369628907 0.7558597087860107 0.04281650119357639 0.02102937698364258
25 0.5210085974799262 0.5307218551635742 0.027111731635199653 0.019964027404785156
30 0.7515413920084636 0.7707906246185303 0.041827223036024305 0.019316959381103515
14 0.4707442389594184 0.6257093906402588 0.030611504448784722 0.02073326110839844
20 0.5766170077853733 0.4969593048095703 0.028510030110677084 0.021781158447265626
12 0.4469293382432726 0.43453612327575686 0.030168067084418403 0.02000007629394531
31 0.6647743225097656 0.7383321762084961 0.04079793294270833 0.01810455322265625
31 0.6413830227322048 0.7611442565917969 0.04290008544921875 0.021121406555175783
28 0.5503377278645833 0.7721014022827148 0.04629558987087674 0.022115325927734374
29 0.8121839735243056 0.7389595985412598 0.04228481716579861 0.019588756561279296
12 0.47663455539279515 0.43437728881835935 0.028035481770833332 0.019881343841552733
29 0.8274180942111545 0.7180991172790527 0.03965810139973958 0.01684436798095703
30 0.7118221706814236 0.7320095062255859 0.0395050048828125 0.01749000549316406
13 0.5643275790744358 0.4078552722930908 0.027282545301649305 0.03250284194946289
13 0.5917777167426215 0.40759962797164917 0.02600216335720486 0.03120443820953369
22 0.23946459028455946 0.525586462020874 0.049363962809244794 0.023612117767333983
20 0.548545413547092 0.49773073196411133 0.027996656629774304 0.021690940856933592
25 0.49048296610514325 0.49989094734191897 0.03192011515299479 0.021847343444824217
13 0.5358683268229166 0.4068938732147217 0.028888956705729166 0.03065347671508789
14 0.5043125576443143 0.6232304573059082 0.03326534695095486 0.02154674530029297
29 0.8352832370334201 0.758299446105957 0.0423829820421007 0.019203376770019532
22 0.1882611592610677 0.5275630474090576 0.05048514472113715 0.023652362823486327
28 0.5790889316134983 0.7477474212646484 0.042344156901041666 0.017396068572998045
12 0.5054686652289496 0.43382110595703127 0.028010389539930555 0.0199615478515625
13 0.5629365709092882 0.4384152889251709 0.02531823052300347 0.027567100524902344
13 0.5353957706027561 0.43677663803100586 0.02643491956922743 0.024888896942138673
31 0.6626121520996093 0.7809306621551514 0.045193311903211804 0.022761440277099608
1 0.352765146891276 0.5127132892608642 0.06030222574869792 0.016640472412109374
12 0.44555753072102866 0.4048136234283447 0.03298297458224826 0.027659511566162108
12 0.5060857984754774 0.40213699340820314 0.029016028510199653 0.021921634674072266
13 0.5900952233208551 0.4368903160095215 0.026486036512586804 0.0262786865234375
29 0.7898913913302952 0.7217138290405274 0.03787858751085069 0.017154884338378907
1 0.34167018466525606 0.49924411773681643 0.0522706773546007 0.014196395874023438
12 0.4767003377278646 0.4043675422668457 0.029104783799913193 0.026523017883300783
30 0.7498921712239583 0.7271954536437988 0.03743608262803819 0.018281936645507812
1 0.35937105814615883 0.5312026500701904 0.057881927490234374 0.020474720001220702
0 0.2869228786892361 0.5039816856384277 0.05765313042534722 0.01507415771484375
25 0.4921760559082031 0.5316346645355224 0.03010949028862847 0.020008659362792967
0 0.29315533108181424 0.5170270442962647 0.057706790500217015 0.015383529663085937
8 0.5364800347222223 0.591270637512207 0.03069881863064236 0.02357826232910156
14 0.5377957661946614 0.620241928100586 0.03334435356987847 0.01999034881591797
