14 0.40531768798828127 0.47765698432922366 0.04378725687662761 0.03973827362060547
15 0.573932139078776 0.3443275213241577 0.05918401082356771 0.053997039794921875
15 0.570117696126302 0.3895410537719727 0.056697845458984375 0.03422250747680664
10 0.4222521464029948 0.6046670913696289 0.04111194610595703 0.035321807861328124
10 0.3786375681559245 0.6069272041320801 0.04156443277994792 0.03752193450927734
14 0.5892734527587891 0.5249807357788085 0.04151484171549479 0.032738113403320314
3 0.6429032643636068 0.603156566619873 0.05201314290364583 0.037285137176513675
2 0.5036846796671549 0.6029966354370118 0.038867251078287764 0.03433170318603516
14 0.3299381256103516 0.527253532409668 0.04135475158691406 0.03465194702148437
10 0.33605098724365234 0.6077180862426758 0.04191500345865885 0.03815908432006836
3 0.5893639882405599 0.6453548908233643 0.04885508219401042 0.028992557525634767
8 0.6717213948567708 0.4778186798095703 0.044357045491536455 0.040192794799804685
3 0.6394476572672526 0.6453001022338867 0.04975814819335937 0.028349685668945312
3 0.5907675425211588 0.60340895652771 0.051898193359375 0.037154102325439455
20 0.4237116495768229 0.32956933975219727 0.04054209391276042 0.03998012542724609
17 0.4704548517862956 0.3330057621002197 0.046516100565592446 0.044622039794921874
10 0.4227577209472656 0.6472761631011963 0.04003092447916667 0.030896472930908202
10 0.4636529286702474 0.6043915748596191 0.04027779897054037 0.03474998474121094
47 0.36883703867594403 0.8056281089782715 0.04428812662760417 0.0311431884765625
20 0.3881453196207682 0.39013047218322755 0.03967552185058594 0.03471956253051758
14 0.3168280283610026 0.47864990234375 0.04326286315917969 0.03924102783203125
30 0.6356726328531901 0.8210735321044922 0.05359662373860677 0.038634872436523436
7 0.6942210515340169 0.6021976947784424 0.04982897440592448 0.03688592910766601
29 0.5223514874776204 0.8215123176574707 0.052319272359212236 0.036004257202148435
8 0.7176976521809896 0.4776897430419922 0.04491755167643229 0.04099712371826172
14 0.3610577901204427 0.4782285690307617 0.04289995829264323 0.03946132659912109
20 0.382395076751709 0.32994871139526366 0.041286468505859375 0.04005222320556641
17 0.5188681284586588 0.3330334186553955 0.047992833455403644 0.044500541687011716
10 0.4628249168395996 0.6465977191925049 0.03913720448811849 0.031220245361328124
58 0.46502389907836916 0.7148176193237304 0.0841366449991862 0.016602516174316406
16 0.6231858571370442 0.38793721199035647 0.04692980448404948 0.04084320068359375
14 0.5799948374430338 0.47827901840209963 0.04142888387044271 0.0382965087890625
17 0.5181830088297527 0.38744044303894043 0.04602139790852865 0.03693513870239258
20 0.4278244654337565 0.3889286756515503 0.03915697733561198 0.033646249771118165
25 0.34018430709838865 0.3296653270721436 0.041004880269368486 0.04023733139038086
14 0.49398555755615237 0.4774025917053223 0.040958531697591144 0.0397003173828125
47 0.4588533719380697 0.8051622152328491 0.04717858632405599 0.033755159378051756
47 0.4130073547363281 0.8058541297912598 0.04447771708170573 0.03352165222167969
8 0.7638534545898438 0.4769073486328125 0.04520289103190104 0.041722679138183595
58 0.37586580912272133 0.7352293968200684 0.08947168986002604 0.017206192016601562
7 0.7440155029296875 0.6022807598114014 0.05126635233561198 0.03762731552124023
2 0.543755578994751 0.6028037071228027 0.039824453989664714 0.03491230010986328
14 0.5458425521850586 0.5243035316467285 0.04126269022623698 0.03397674560546875
58 0.4684185028076172 0.7347013473510742 0.08035202026367187 0.01775970458984375
47 0.4121191660563151 0.8395404815673828 0.04247900644938151 0.022756195068359374
28 0.5769222259521485 0.822482681274414 0.05111262003580729 0.03803329467773438
14 0.5368221282958985 0.47818408012390134 0.042182668050130205 0.039470577239990236
31 0.6893282572428385 0.8191213607788086 0.051746495564778644 0.03840579986572266
58 0.37264684041341145 0.7184643745422363 0.09074109395345052 0.01771516799926758
2 0.5039512316385905 0.6451141357421875 0.039080047607421876 0.032581138610839847
14 0.4594374974568685 0.5246623992919922 0.040399424235026044 0.03571395874023438
14 0.45021241505940757 0.4775670051574707 0.04408531188964844 0.03976497650146484
17 0.47205190658569335 0.3882313251495361 0.04498716990152995 0.036907005310058597
47 0.4564769426981608 0.8395827293395997 0.04255053202311198 0.023597145080566408
16 0.6279242197672527 0.33956127166748046 0.04647343953450521 0.05420255661010742
25 0.2996813456217448 0.32993919849395753 0.03975995381673177 0.03958306312561035
8 0.6752064387003581 0.5249503135681153 0.04472910563151042 0.030384635925292967
7 0.7396556854248046 0.6447662353515625 0.050638580322265626 0.028983879089355468
14 0.5017357508341471 0.5245419979095459 0.042261505126953126 0.03524179458618164
47 0.3674299240112305 0.8391915321350097 0.04201978047688802 0.0222991943359375
25 0.30245418548583985 0.38812894821166993 0.038768768310546875 0.034132766723632815
14 0.37180589040120443 0.5266291618347168 0.04114329020182292 0.03609142303466797
10 0.3817652384440104 0.6490619659423829 0.03925959269205729 0.027890968322753906
25 0.3421820004781087 0.3881089210510254 0.039114888509114584 0.033518218994140626
8 0.7211366653442383 0.525144100189209 0.04333661397298177 0.03166894912719727
7 0.6891559600830078 0.6442459106445313 0.04884834289550781 0.030372428894042968
14 0.41459064483642577 0.5249080657958984 0.04365043640136719 0.03618679046630859
55 0.7135490417480469 0.7303033351898194 0.0851959228515625 0.019107723236083986
55 0.7132868448893229 0.747165584564209 0.08393427530924479 0.015381336212158203
55 0.6331540425618489 0.7046603202819824 0.08939069112141927 0.01657247543334961
8 0.6259679158528646 0.47797513008117676 0.0459625244140625 0.04011449813842773
55 0.6239368438720703 0.7321276664733887 0.09014867146809896 0.017103958129882812
10 0.3407520929972331 0.6500981330871582 0.039792505900065105 0.027222156524658203
61 0.5458619435628255 0.711665678024292 0.07189966837565104 0.014503097534179688
55 0.718381118774414 0.7064069747924805 0.07724800109863281 0.01728687286376953
24 0.7492357889811198 0.33106887340545654 0.06742719014485678 0.012150287628173828
29 0.5219298044840495 0.7952237129211426 0.049703089396158855 0.016057395935058595
61 0.5451521555582682 0.732884693145752 0.06523551940917968 0.0154205322265625
24 0.7736469268798828 0.38328137397766116 0.0746978759765625 0.016547775268554686
14 0.6317522684733073 0.5254922866821289 0.040049235026041664 0.03214550018310547
55 0.6228667577107747 0.7467761993408203 0.08907890319824219 0.013076400756835938
24 0.767093276977539 0.36801939010620116 0.0702685038248698 0.013377904891967773
31 0.6812540690104166 0.7921957015991211 0.0462554931640625 0.015513992309570313
28 0.5727213541666667 0.7949344635009765 0.049767684936523435 0.01571941375732422
27 0.6953066507975261 0.3818859577178955 0.07997334798177083 0.015256404876708984
2 0.5440128326416016 0.6446784019470215 0.038997522989908856 0.03213176727294922
24 0.7601312001546224 0.3549771308898926 0.07025349934895833 0.013865947723388672
27 0.6905031204223633 0.36817111968994143 0.07614250183105468 0.01338210105895996
24 0.7541526794433594 0.3423655033111572 0.06917470296223958 0.012901973724365235
27 0.6836313247680664 0.3443398952484131 0.06615409851074219 0.012741851806640624
8 0.7625593821207682 0.5249077796936035 0.039998372395833336 0.02971029281616211
27 0.686367925008138 0.3559903144836426 0.0705078125 0.013159370422363282
