6 0.45991528828938805 0.39177870750427246 0.02565453847249349 0.023346328735351564
10 0.43198747634887696 0.3504080295562744 0.024632835388183595 0.02270193099975586
6 0.4611396789550781 0.4222984313964844 0.024617767333984374 0.02170982360839844
10 0.4111126581827799 0.42386655807495116 0.02464434305826823 0.02262115478515625
6 0.5092474301656087 0.4203191757202148 0.02391478220621745 0.02151069641113281
10 0.43595873514811195 0.42322654724121095 0.024625015258789063 0.022086143493652344
2 0.6063631057739258 0.41673932075500486 0.024213536580403646 0.021128463745117187
6 0.5092878977457682 0.3909952163696289 0.02453333536783854 0.022290134429931642
51 0.4909581502278646 0.5460847854614258 0.040088780721028644 0.03930950164794922
10 0.4067480723063151 0.35089545249938964 0.025530115763346354 0.022744083404541017
10 0.3869391759236654 0.4245771884918213 0.02355372111002604 0.02247896194458008
10 0.4089213371276855 0.3934272289276123 0.024996312459309895 0.023644161224365235
14 0.45738630294799804 0.3496826410293579 0.024323781331380207 0.022486305236816405
10 0.4301345189412435 0.31936538219451904 0.025123087565104167 0.0228057861328125
2 0.5572384516398112 0.41794562339782715 0.023859532674153645 0.02161550521850586
6 0.4854181925455729 0.42119903564453126 0.023509089152018228 0.02138805389404297
10 0.3820681889851888 0.3513690233230591 0.023835372924804688 0.02363424301147461
10 0.4344604174296061 0.3930017948150635 0.025332323710123696 0.02395286560058594
10 0.3795509656270345 0.3200458765029907 0.023969395955403646 0.022714757919311525
2 0.5822106043497721 0.41742496490478515 0.02447662353515625 0.021553230285644532
53 0.5702800750732422 0.5424032211303711 0.03804435729980469 0.03793792724609375
41 0.44596869150797525 0.6094833850860596 0.1040686289469401 0.05147991180419922
54 0.4501447041829427 0.48289031982421876 0.053797149658203126 0.039130783081054686
51 0.5303452809651693 0.5433286190032959 0.03729324340820313 0.04043493270874023
54 0.6047747294108073 0.4759082317352295 0.04058914184570313 0.037127208709716794
6 0.4851130803426107 0.3916239976882935 0.024470011393229168 0.02291264533996582
25 0.5055172284444173 0.27178595066070554 0.021226247151692707 0.022238445281982423
2 0.533642323811849 0.4191568374633789 0.023600387573242187 0.02138862609863281
25 0.4624955495198568 0.2724720239639282 0.020311609903971354 0.022468042373657227
14 0.45520172119140623 0.3200144529342651 0.023876698811848958 0.020871067047119142
2 0.5347855885823568 0.3892816066741943 0.024351755777994793 0.022635173797607423
8 0.5852409362792969 0.34662432670593263 0.02389500935872396 0.021685171127319335
54 0.505115826924642 0.47919206619262694 0.0507571538289388 0.04172496795654297
14 0.5085391044616699 0.3485816240310669 0.023973973592122395 0.022581005096435548
10 0.4046058019002279 0.31952800750732424 0.02510350545247396 0.023036479949951172
53 0.6095522562662761 0.5405985832214355 0.038800811767578124 0.0372589111328125
25 0.48351481755574544 0.27212209701538087 0.02163995107014974 0.022464275360107422
25 0.5474194844563802 0.27165541648864744 0.021762847900390625 0.02190399169921875
2 0.5586706797281901 0.3882572174072266 0.023656209309895832 0.022819995880126953
25 0.4188279469807943 0.27234811782836915 0.022947947184244793 0.022684764862060548
10 0.38493391672770183 0.39330813884735105 0.02320124308268229 0.022901010513305665
8 0.5852256774902344 0.3163865089416504 0.02309417724609375 0.02153353691101074
8 0.558546765645345 0.3475056171417236 0.025157674153645834 0.022275161743164063
8 0.6088150024414063 0.3461543083190918 0.023268890380859376 0.021756649017333984
54 0.5559827168782552 0.4779844284057617 0.044599660237630206 0.03813505172729492
25 0.5263262748718261 0.27167224884033203 0.0203128178914388 0.022081947326660155
25 0.39686946868896483 0.2725581407546997 0.02195879618326823 0.02300291061401367
2 0.6098628997802734 0.38711938858032224 0.02400385538736979 0.022428321838378906
2 0.585019302368164 0.38780059814453127 0.025605138142903647 0.0231264591217041
25 0.4408592224121094 0.27231109142303467 0.021548716227213542 0.022661209106445312
25 0.5690919876098632 0.27188611030578613 0.020967483520507812 0.02007122039794922
8 0.6081205368041992 0.31618380546569824 0.022132237752278645 0.02109222412109375
46 0.44448744455973305 0.5504483222961426 0.04265314737955729 0.03833503723144531
14 0.4822546005249023 0.3489995002746582 0.024497350056966145 0.022852516174316405
8 0.5335141499837239 0.3480696201324463 0.024093755086263022 0.02216930389404297
46 0.40464143753051757 0.553244686126709 0.03803386688232422 0.03665447235107422
14 0.5075706164042155 0.3184675931930542 0.02418664296468099 0.021518659591674805
8 0.5592520395914714 0.3174710750579834 0.02530186971028646 0.021364212036132812
54 0.40087528228759767 0.48337650299072266 0.04131793975830078 0.040032958984375
25 0.590945307413737 0.27089557647705076 0.02061309814453125 0.019775247573852538
14 0.481500498453776 0.31940925121307373 0.02542572021484375 0.020901060104370116
25 0.374039363861084 0.27323117256164553 0.023044013977050783 0.02227029800415039
25 0.611068598429362 0.2700337886810303 0.018003336588541665 0.01988668441772461
8 0.5329575856526693 0.31772961616516116 0.02439422607421875 0.021932029724121095
