9 0.6001239776611328 0.47230920791625974 0.06592178344726562 0.06308135986328126
17 0.5406808376312255 0.464598560333252 0.052553017934163414 0.06313076019287109
10 0.4880550384521484 0.46322221755981446 0.05145530700683594 0.06419868469238281
28 0.8234591801961263 0.26106765270233157 0.08513387044270833 0.039065313339233396
9 0.6664032618204753 0.47292237281799315 0.0667083740234375 0.0618255615234375
10 0.4878027280171712 0.5142612457275391 0.05173498789469401 0.038779258728027344
47 0.7553009033203125 0.6001874923706054 0.06291402180989583 0.05849800109863281
10 0.436276117960612 0.46181578636169435 0.052570343017578125 0.06250276565551757
9 0.598048718770345 0.5195680618286133 0.06456820170084636 0.03352222442626953
47 0.7736157735188802 0.6567531108856202 0.06357167561848959 0.05461101531982422
47 0.709494145711263 0.6550910949707032 0.062157694498697916 0.051950836181640626
47 0.6955001831054688 0.5955965995788575 0.05887730916341146 0.05172748565673828
23 0.5688836415608723 0.6582480907440186 0.0289886474609375 0.03700933456420898
10 0.43676751454671225 0.5133506298065186 0.05014228820800781 0.039528942108154295
2 0.38545637130737304 0.5114147663116455 0.051878801981608075 0.039435291290283205
2 0.33351236979166665 0.5106029510498047 0.05212949117024739 0.04032478332519531
47 0.6473098754882812 0.6526355743408203 0.058958943684895834 0.05231170654296875
12 0.12175618807474772 0.5984888553619385 0.042621739705403644 0.05715312957763672
2 0.3836416244506836 0.4607109069824219 0.05196660359700521 0.06242666244506836
9 0.6642773946126302 0.5208695888519287 0.06615549723307292 0.0349090576171875
17 0.5395203749338786 0.5159092903137207 0.05106000900268555 0.037500953674316405
24 0.5387810389200847 0.6577462196350098 0.028320439656575522 0.03699779510498047
3 0.7333821614583333 0.4731231689453125 0.06843007405598958 0.05802478790283203
13 0.07831945220629374 0.6002407073974609 0.04495265086491903 0.05809230804443359
12 0.16962982813517252 0.5997051239013672 0.05438143412272135 0.06032428741455078
12 0.1699170748392741 0.6496607303619385 0.04524100621541341 0.03553619384765625
40 0.9607885360717774 0.781584358215332 0.03092219034830729 0.05148334503173828
2 0.33194147745768227 0.46018252372741697 0.05136591593424479 0.06081962585449219
31 0.6499654134114583 0.25967726707458494 0.08207346598307291 0.039727401733398435
31 0.7350283940633138 0.26090240478515625 0.08589083353678385 0.039852142333984375
24 0.5431222915649414 0.608881950378418 0.02922795613606771 0.056094932556152347
23 0.5736886342366536 0.6085956573486329 0.027800496419270834 0.05745143890380859
29 0.9163051605224609 0.26069116592407227 0.09814198811848958 0.039572715759277344
27 0.6035831451416016 0.6103203773498536 0.030684407552083334 0.05571126937866211
27 0.6001213073730469 0.6587669849395752 0.031217193603515624 0.03698749542236328
40 0.988267199198405 0.7821123600006104 0.023465601603190105 0.05269460678100586
