23 0.10534149010976156 0.6257453918457031 0.026804669698079427 0.033001136779785153
23 0.13163263003031414 0.6252144813537598 0.02705682118733724 0.03258304595947266
9 0.45369682312011717 0.6020665168762207 0.04740708669026693 0.04395084381103516
31 0.2011752764383952 0.7137877941131592 0.055993270874023435 0.032339859008789065
10 0.5885090510050456 0.5951709747314453 0.03699976603190104 0.03977832794189453
17 0.6614985148111979 0.5904971599578858 0.0363189697265625 0.03966827392578125
24 0.15697917938232422 0.6236357688903809 0.026837984720865887 0.03319110870361328
12 0.30336151123046873 0.6122961044311523 0.03306872049967448 0.041290283203125
10 0.6248867034912109 0.5926678657531739 0.036415354410807295 0.0402099609375
13 0.36768264770507814 0.6077774047851563 0.0320733388264974 0.04163818359375
3 0.5002923011779785 0.5988880157470703 0.04569988250732422 0.04328136444091797
9 0.40660107930501305 0.6050411224365234 0.04637311299641927 0.043178749084472653
3 0.5463600794474284 0.5965127944946289 0.04590873718261719 0.04303760528564453
27 0.18381112416585285 0.6224823474884034 0.029077625274658202 0.03262615203857422
29 0.14346102078755696 0.7173349380493164 0.053504021962483723 0.036993980407714844
13 0.3360573450724284 0.6100715637207031 0.032065327962239584 0.04169197082519531
3 0.46246248881022134 0.5623400211334229 0.04555943806966146 0.02846841812133789
12 0.2707125027974447 0.6140307426452637 0.03212051391601563 0.04060707092285156
1 0.22856388092041016 0.6239522933959961 0.05126132965087891 0.02702484130859375
9 0.38899847666422527 0.5749987125396728 0.04364344278971354 0.018676567077636718
17 0.6407398223876953 0.5643927574157714 0.033102162679036456 0.014467811584472657
10 0.5678024291992188 0.5688566207885742 0.03225224812825521 0.014859962463378906
10 0.6030497233072917 0.5666094779968261 0.032274119059244794 0.013508033752441407
12 0.2872633934020996 0.5852829933166503 0.028468831380208334 0.012749290466308594
