28 0.4210045536359151 0.5546128153800964 0.034449378649393715 0.02480030059814453
44 0.40138397614161175 0.6682424545288086 0.04983238379160563 0.05651235580444336
47 0.4621572097142537 0.3852372318506241 0.04139828681945801 0.03643354773521423
20 0.43890609343846637 0.3321041613817215 0.02386319637298584 0.029843896627426147
6 0.46454123655955 0.27604594826698303 0.03240680694580078 0.03373163938522339
30 0.4197352131207784 0.47417040169239044 0.03683316707611084 0.023976892232894897
31 0.4205469290415446 0.5141453742980957 0.035628318786621094 0.02455449104309082
44 0.44670629501342773 0.6737709641456604 0.03896792729695638 0.05458629131317139
29 0.4216296474138896 0.43327727913856506 0.03551193078358968 0.02414083480834961
58 0.46747511625289917 0.4693453758955002 0.05006460348765055 0.036928385496139526
47 0.4232117335001628 0.38373056054115295 0.03244988123575846 0.03582078218460083
58 0.47987715403238934 0.4202156066894531 0.04786952336629232 0.032401442527770996
20 0.46611471970876056 0.33274827897548676 0.029156923294067383 0.0320834219455719
39 0.44956080118815106 0.6143081486225128 0.0473168690999349 0.05448037385940552
61 0.3806140025456746 0.5449919700622559 0.041905482610066734 0.04101872444152832
58 0.37438193957010907 0.46130694448947906 0.042271931966145836 0.04754868149757385
25 0.3777901728947957 0.33165375888347626 0.018426020940144856 0.029470115900039673
20 0.4159524242083232 0.3330981284379959 0.021198630332946777 0.030851751565933228
10 0.40871328115463257 0.2751813530921936 0.021570722262064617 0.02884054183959961
25 0.3960223396619161 0.3322000503540039 0.018830736478169758 0.02948075532913208
6 0.4340946674346924 0.2746521532535553 0.028543472290039062 0.0303918719291687
58 0.37664057811101276 0.4202621281147003 0.04194160302480062 0.043878376483917236
10 0.38762734333674115 0.27566657960414886 0.02613222599029541 0.027787357568740845
47 0.39229069153467816 0.3785809129476547 0.027524034182230633 0.0297030508518219
61 0.47332604726155597 0.5537044107913971 0.0580450693766276 0.04210919141769409
61 0.37892939647038776 0.504276841878891 0.042972842852274575 0.040630877017974854
39 0.4098762671152751 0.611417680978775 0.03469022115071615 0.047557175159454346
61 0.47784652312596637 0.5084123760461807 0.05150004227956136 0.03396722674369812
