6 0.6946137348810831 0.24431900680065155 0.033902247746785484 0.03404912352561951
9 0.5807008147239685 0.023305364651605487 0.04571457703908285 0.03379285195842385
6 0.6966536045074463 0.1962677538394928 0.031855265299479164 0.03479647636413574
11 0.5509721040725708 0.6224040985107422 0.07188733418782552 0.09241306781768799
9 0.5835264921188354 0.07781149074435234 0.04530994097391764 0.03668699413537979
15 0.6910977363586426 0.6860904395580292 0.030935923258463543 0.030772387981414795
6 0.6608502666155497 0.24360277503728867 0.03319267431894938 0.03444875776767731
9 0.5313457449277242 0.017627045512199402 0.04988571008046468 0.035254091024398804
28 0.22281261285146078 0.9481731653213501 0.05480416615804037 0.041210174560546875
10 0.5574881235758463 0.24236762523651123 0.038592020670572914 0.036723315715789795
25 0.6127677162488302 0.38590720295906067 0.025591413180033367 0.027876436710357666
9 0.5348676641782125 0.07399431429803371 0.05276668071746826 0.038179922848939896
10 0.5938159823417664 0.24297723919153214 0.03406639893849691 0.035602375864982605
15 0.6915114323298136 0.716814249753952 0.026276667912801106 0.024302303791046143
0 0.5467992226282755 0.49694710969924927 0.03736114501953125 0.034671783447265625
10 0.595121443271637 0.19276823848485947 0.03412973880767822 0.03716067969799042
10 0.6274255116780599 0.24318869411945343 0.03337756792704264 0.03568229079246521
10 0.6287911732991537 0.19356735795736313 0.033593972524007164 0.03635255992412567
6 0.6634174187978109 0.19473857432603836 0.03500239054361979 0.036283060908317566
10 0.5583535631497701 0.1910923346877098 0.03951887289683024 0.03819321095943451
11 0.4725891947746277 0.6364873945713043 0.0845729907353719 0.0913742184638977
28 0.16678638259569803 0.9653844833374023 0.0563545823097229 0.03984332084655762
25 0.6431863109270731 0.3401143550872803 0.02561493714650472 0.03012096881866455
28 0.15449402729670206 0.9286167025566101 0.05316265424092611 0.03989064693450928
30 0.4352748990058899 0.885999858379364 0.04641711711883545 0.033916473388671875
31 0.2696276009082794 0.8965598940849304 0.0508910616238912 0.03595256805419922
30 0.4176797866821289 0.8538158535957336 0.0459294319152832 0.03338277339935303
30 0.38903921842575073 0.8989289104938507 0.04766857624053955 0.03363591432571411
15 0.7215963204701742 0.680791825056076 0.028955618540445965 0.03250759840011597
30 0.3709436058998108 0.8646574914455414 0.04641234874725342 0.036271512508392334
29 0.5286201238632202 0.8619109988212585 0.04689502716064453 0.034513115882873535
15 0.7186955610911051 0.7122263610363007 0.027240753173828125 0.020202934741973877
28 0.21022052566210428 0.9098292589187622 0.05532151460647583 0.03995704650878906
0 0.5848721861839294 0.49262484908103943 0.03577601909637451 0.031564533710479736
29 0.46474577983220416 0.8431059718132019 0.04493621985117594 0.03201615810394287
31 0.2843005160490672 0.9317131042480469 0.05313446124394735 0.03695869445800781
29 0.4855114022890727 0.8738402426242828 0.045211195945739746 0.032772839069366455
25 0.6173013051350912 0.341054305434227 0.026839415232340496 0.02988371253013611
31 0.33568572998046875 0.9164287447929382 0.05185548464457194 0.03946113586425781
2 0.7369133631388346 0.46060724556446075 0.02893511454264323 0.0325300395488739
12 0.5593970616658529 0.38873663544654846 0.02644046147664388 0.027122020721435547
2 0.7333961327870687 0.49955010414123535 0.028253714243570965 0.027974605560302734
12 0.5314711928367615 0.38996902108192444 0.028565605481465656 0.028145968914031982
31 0.3198548952738444 0.8835302293300629 0.05018909772237142 0.03515547513961792
29 0.5070223013559977 0.8314487636089325 0.04474322001139323 0.03184431791305542
22 0.505714992682139 0.5009459555149078 0.04171121120452881 0.03371793031692505
22 0.46463706096013385 0.5043524205684662 0.040874600410461426 0.032339274883270264
20 0.6621536016464233 0.384097158908844 0.024235645929972332 0.026032447814941406
25 0.6373706857363383 0.38470250368118286 0.023831804593404133 0.026813507080078125
2 0.7091567913691202 0.5010158121585846 0.01980312665303548 0.026533305644989014
17 0.7479355335235596 0.04549830686300993 0.03762960433959961 0.04562791623175144
7 0.6301912864049276 0.02907614642754197 0.050037781397501625 0.038111607544124126
12 0.5339861313501993 0.3428613841533661 0.03172381718953451 0.031432390213012695
12 0.5633869171142578 0.3418811857700348 0.026629130045572918 0.02985161542892456
17 0.7129034598668417 0.04411735665053129 0.02637505531311035 0.049292007461190224
20 0.6685123642285665 0.3392692059278488 0.02534639835357666 0.029900819063186646
3 0.6782224575678507 0.03894394636154175 0.04183777173360189 0.04281874746084213
13 0.5863491098086039 0.38766637444496155 0.025286078453063965 0.02636021375656128
7 0.626944104830424 0.08340027555823326 0.041119893391927086 0.03618767112493515
3 0.6666809320449829 0.08906921744346619 0.04161938031514486 0.034135013818740845
13 0.5898347894350687 0.341235876083374 0.025832851727803547 0.02931433916091919
17 0.739596406618754 0.09401753172278404 0.02739103635152181 0.03479490429162979
2 0.7146724859873453 0.46393337845802307 0.017017364501953125 0.031866252422332764
