44 0.4376513163248698 0.9137410163879395 0.08955942789713542 0.09749164581298828
10 0.4335200309753418 0.4484750270843506 0.049335670471191403 0.0579319953918457
9 0.4809178670247396 0.29989137649536135 0.0627953847249349 0.06645498275756836
12 0.4629325866699219 0.37296674251556394 0.038945643107096355 0.059531450271606445
17 0.48055683771769203 0.6071331977844239 0.04456024169921875 0.058762550354003906
12 0.5443673610687256 0.3728217124938965 0.03931754430135091 0.05942754745483399
10 0.4822306315104167 0.4471126556396484 0.04648431142171224 0.05861167907714844
9 0.43175106048583983 0.28356008529663085 0.03577893575032552 0.05605721473693848
10 0.5405525207519531 0.44574785232543945 0.0495843251546224 0.05649585723876953
12 0.5034626324971517 0.3729830265045166 0.04088592529296875 0.05892620086669922
12 0.4210553487141927 0.37279343605041504 0.04301719665527344 0.06071348190307617
7 0.4793630917867025 0.1976609706878662 0.06469707489013672 0.060837078094482425
16 0.4297087987263997 0.533510684967041 0.04695040384928385 0.04753856658935547
16 0.47670726776123046 0.5321320533752442 0.046113204956054685 0.04825515747070312
39 0.5473173141479493 0.9140764236450195 0.09402440388997396 0.09531135559082031
16 0.5232979456583658 0.5318145275115966 0.04525845845540365 0.051975154876708986
7 0.4284445444742839 0.1908809185028076 0.03813527425130208 0.060871553421020505
17 0.5264349619547526 0.6065249443054199 0.04596379597981771 0.05581207275390625
7 0.527981694539388 0.1895069122314453 0.03254623413085937 0.06169438362121582
17 0.4337120056152344 0.6040881156921387 0.046974436442057295 0.04905271530151367
9 0.527515188852946 0.28345885276794436 0.030797386169433595 0.0487156867980957
27 0.5234389623006185 0.6733211517333985 0.06763178507486979 0.04384346008300781
27 0.5250130335489909 0.735753059387207 0.06602897644042968 0.044715499877929686
27 0.5258179346720377 0.7914642333984375 0.06638755798339843 0.043285560607910153
27 0.4588720957438151 0.766663932800293 0.06737162272135416 0.042722129821777345
