9 0.26009542677137587 0.27599730491638186 0.038675689697265626 0.022055435180664062
17 0.36520962185329864 0.26639556884765625 0.029964701334635416 0.024237442016601562
29 0.06815000904930962 0.7935920715332031 0.03589673042297363 0.01711578369140625
17 0.3952437506781684 0.26385276317596434 0.029056972927517362 0.025716495513916016
9 0.22392760382758248 0.27826972007751466 0.03453369140625 0.021044540405273437
9 0.2704016155666775 0.24353737831115724 0.04594001770019531 0.022303152084350585
9 0.2281252966986762 0.2445596694946289 0.03792928059895833 0.02231173515319824
11 0.10018141004774306 0.6108890533447265 0.057099702623155384 0.05605449676513672
2 0.3417954338921441 0.3397505521774292 0.03238677978515625 0.023807430267333986
16 0.4263456132676866 0.26218342781066895 0.033648512098524305 0.025699901580810546
6 0.36231791178385414 0.44000997543334963 0.030876329210069445 0.022855186462402345
28 0.1830296410454644 0.8036577224731445 0.041176986694335935 0.020787811279296874
0 0.3521751403808594 0.5443630695343018 0.05187488132052952 0.016802883148193358
0 0.33283403184678817 0.5599301815032959 0.056497446695963544 0.01744985580444336
17 0.4103393130832248 0.22764148712158203 0.028601752387152776 0.026561641693115236
11 0.15726111200120713 0.6184295654296875 0.04805500242445204 0.058152389526367185
31 0.13086990780300564 0.8074116706848145 0.03641306559244792 0.018370437622070312
10 0.28083886040581596 0.3748022079467773 0.028569708930121528 0.023143672943115236
17 0.37944073147243923 0.23021650314331055 0.034167310926649305 0.02557535171508789
17 0.43949974907769096 0.2238069772720337 0.03032311333550347 0.02684497833251953
10 0.25438931783040364 0.3754307270050049 0.025397915310329863 0.02291707992553711
23 0.7735165066189236 0.5843964576721191 0.06102803548177083 0.013796710968017578
29 0.09948847028944227 0.7756569862365723 0.03640704684787326 0.018374252319335937
12 0.2651741875542535 0.4693807601928711 0.019517474704318576 0.020474720001220702
12 0.2865716298421224 0.4702813148498535 0.022642940945095485 0.02134227752685547
6 0.3956690470377604 0.44103307723999025 0.03572455512152778 0.02357311248779297
29 0.1303205172220866 0.7575407981872558 0.0374919679429796 0.01860332489013672
13 0.33267874187893337 0.4720463752746582 0.02471107906765408 0.02177257537841797
13 0.33055958218044706 0.4394343376159668 0.03103485107421875 0.02069711685180664
7 0.31081051296657985 0.24062671661376953 0.03340420193142361 0.021673297882080077
12 0.2667863633897569 0.43674287796020506 0.020058695475260416 0.016845321655273436
13 0.3095226711697049 0.47105998992919923 0.021791500515407985 0.021176528930664063
21 0.7081592347886827 0.5606794357299805 0.06577585008409288 0.011511993408203126
29 0.07193450927734375 0.7718068599700928 0.030351681179470485 0.015428447723388672
23 0.7814522637261285 0.5722728729248047 0.06276584201388889 0.014333152770996093
29 0.03948192596435547 0.785498046875 0.03531042734781901 0.016274166107177735
10 0.22903872595893013 0.37605440616607666 0.027117411295572918 0.022650718688964844
21 0.6827056884765625 0.5949177742004395 0.057568189832899304 0.013360404968261718
21 0.6906399197048612 0.5830418109893799 0.06473642985026042 0.011694049835205078
22 0.22866770426432292 0.5299185752868653 0.03992411295572917 0.027662181854248048
1 0.2760510762532552 0.5557340145111084 0.050944942898220484 0.01633033752441406
0 0.35387852986653645 0.5618351936340332 0.06107669406467014 0.018607139587402344
3 0.34353086683485246 0.23833656311035156 0.035132514105902776 0.021926689147949218
2 0.33693021138509116 0.3735917091369629 0.028791639539930556 0.02300882339477539
13 0.3045825534396701 0.4387115478515625 0.020548121134440104 0.018788528442382813
7 0.29671251508924695 0.2738236427307129 0.03523250155978733 0.023591041564941406
21 0.6988313674926758 0.5711639404296875 0.06260507371690538 0.011817359924316406
31 0.1263087060716417 0.7853634357452393 0.03551438649495443 0.01646585464477539
17 0.4725836859809028 0.22046365737915039 0.03706453111436632 0.025741195678710936
12 0.28583280775282116 0.43758411407470704 0.01902075873480903 0.018115997314453125
28 0.21293604109022352 0.7830731868743896 0.036157989501953126 0.020087528228759765
31 0.1577171113755968 0.790993595123291 0.034414588080512155 0.01662864685058594
29 0.0995261722140842 0.7565080642700195 0.0290458255343967 0.016542434692382812
24 0.5586662292480469 0.5859938621520996 0.05325580173068577 0.0110382080078125
0 0.35081812540690105 0.5791587829589844 0.05541805691189236 0.018667984008789062
23 0.7535746256510417 0.6064831733703613 0.07796359592013889 0.012816047668457032
31 0.09846228493584527 0.8004696846008301 0.03599281311035156 0.016194725036621095
