51 0.19514907201131185 0.525111198425293 0.031560230255126956 0.05042533874511719
53 0.3950267473856608 0.5554413795471191 0.04532330830891927 0.053188514709472653
47 0.22894522349039714 0.4014893531799316 0.02749347686767578 0.026042366027832033
51 0.30639254252115883 0.5457313060760498 0.040972391764322914 0.04958286285400391
53 0.3527435302734375 0.5504685401916504 0.03435312906901042 0.05212059020996094
46 0.49005126953125 0.5747925758361816 0.04792086283365885 0.05925540924072266
47 0.2801546414693197 0.44294018745422364 0.035067176818847655 0.02887239456176758
47 0.25757598876953125 0.403193998336792 0.029314676920572918 0.026434803009033205
51 0.2688303073247274 0.5364170551300049 0.03440346717834473 0.05009670257568359
19 0.35950056711832684 0.31473464965820314 0.03255818684895833 0.02580232620239258
11 0.05689960718154907 0.4953329563140869 0.05077396233876546 0.059958362579345705
47 0.2896538734436035 0.4057548403739929 0.0303314208984375 0.027329850196838378
19 0.3541557312011719 0.3521408557891846 0.03609161376953125 0.02643113136291504
19 0.3921051979064941 0.31648054122924807 0.032550875345865884 0.026312255859375
19 0.29869248072306315 0.31194467544555665 0.03367945353190104 0.023401355743408202
51 0.23083257675170898 0.5305685043334961 0.037525049845377606 0.048494720458984376
19 0.42207419077555336 0.35551085472106936 0.028264236450195313 0.02607736587524414
19 0.3904799779256185 0.35481767654418944 0.03525759379069011 0.02754631042480469
47 0.22152779897054037 0.43670063018798827 0.028334999084472658 0.02674522399902344
19 0.1812612533569336 0.30719575881958006 0.026918570200602215 0.0231781005859375
19 0.426333745320638 0.3163236141204834 0.03510691324869792 0.025585365295410157
47 0.24884408315022785 0.44011287689208983 0.02704906463623047 0.02852153778076172
16 0.0348967323700587 0.14830141067504882 0.023969680070877075 0.02181897163391113
46 0.44356505076090497 0.5673656463623047 0.04254080454508464 0.05418968200683594
19 0.32963953018188474 0.31198549270629883 0.02787481943766276 0.02200937271118164
3 0.01124910314877828 0.1497485637664795 0.02239303191502889 0.023553180694580077
19 0.2905736923217773 0.3484798908233643 0.030280431111653645 0.026051759719848633
17 0.0646683136622111 0.1170767068862915 0.024166568120320638 0.025474166870117186
11 0.01808693806330363 0.48931636810302737 0.036136905352274575 0.055536651611328126
19 0.320919672648112 0.3496178865432739 0.02977409362792969 0.025300979614257812
19 0.2680639346440633 0.3101329803466797 0.026648696263631186 0.02235889434814453
21 0.8180995941162109 0.371700382232666 0.061805979410807295 0.013345718383789062
18 0.20807943344116211 0.30878801345825196 0.027044232686360678 0.023319053649902343
23 0.8891230901082356 0.375533390045166 0.06584370930989583 0.01409916877746582
18 0.20500691731770834 0.34191174507141114 0.02643280029296875 0.022534561157226563
16 0.05908312797546387 0.14816206693649292 0.02466928164164225 0.02213740348815918
21 0.8242691040039063 0.36175150871276857 0.06240208943684896 0.010171461105346679
19 0.26015524864196776 0.3461061954498291 0.03095420201619466 0.02457284927368164
17 0.0401296466588974 0.11647258996963501 0.025024205446243286 0.023832178115844725
