32 0.551830800374349 0.691955280303955 0.028386433919270832 0.024047279357910158
41 0.7372854232788086 0.7670546531677246 0.1083356221516927 0.06748790740966797
44 0.6066033681233723 0.7699766159057617 0.04444122314453125 0.046424484252929686
39 0.559953244527181 0.7683658599853516 0.04615516662597656 0.04386196136474609
32 0.46540902455647787 0.661752986907959 0.026747894287109376 0.027366256713867186
42 0.8151440938313802 0.7772688865661621 0.04375267028808594 0.054530906677246097
44 0.6548418680826823 0.77275710105896 0.04910354614257813 0.04634370803833008
32 0.4934251149495443 0.6626749992370605 0.027349344889322915 0.027840614318847656
38 0.8028788248697917 0.6838894844055176 0.05927581787109375 0.020383071899414063
32 0.4934562047322591 0.689872932434082 0.02745647430419922 0.023052024841308593
32 0.5514949798583985 0.6651185035705567 0.02867279052734375 0.027118110656738283
32 0.5221405029296875 0.6638511657714844 0.027600860595703124 0.028221511840820314
32 0.5222343762715658 0.691017484664917 0.02812506357828776 0.02375202178955078
34 0.866523551940918 0.6618474960327149 0.06118214925130208 0.018530845642089844
45 0.9029478708902995 0.5230001926422119 0.01903508504231771 0.049083614349365236
32 0.46575838724772134 0.688850212097168 0.025823211669921874 0.022563362121582033
39 0.5143457094828288 0.7675460338592529 0.04468758900960287 0.04118204116821289
40 0.8214667638142904 0.5291972637176514 0.01620826721191406 0.03615007400512695
40 0.7551010131835938 0.49523305892944336 0.015384165445963542 0.03460979461669922
33 0.5981117248535156 0.6526868343353271 0.052744547526041664 0.00928192138671875
40 0.7682532628377279 0.5300801277160645 0.015390268961588542 0.03464927673339844
38 0.7398211161295573 0.6809868812561035 0.05546353658040364 0.02035865783691406
40 0.8042868296305339 0.5300498008728027 0.015180460611979167 0.034546184539794925
40 0.771763292948405 0.4950686454772949 0.015793482462565105 0.03466796875
40 0.7895766576131185 0.49506525993347167 0.015535990397135416 0.03412151336669922
45 0.8426525751749675 0.522389030456543 0.018219375610351564 0.04940662384033203
40 0.8060314178466796 0.4945784091949463 0.014403025309244791 0.033442211151123044
40 0.787489382425944 0.5300483226776123 0.015807723999023436 0.03465547561645508
67 0.8738126118977865 0.7827693939208984 0.06337254842122396 0.051881599426269534
45 0.8620566050211589 0.5224739074707031 0.018857320149739582 0.050224685668945314
40 0.7518228530883789 0.5298640727996826 0.014902877807617187 0.034062671661376956
40 0.7371089935302735 0.5299505710601806 0.013175710042317709 0.03377542495727539
33 0.5982908248901367 0.6640237331390381 0.05119641621907552 0.010653972625732422
38 0.7354278564453125 0.6975014686584473 0.05046526590983073 0.013521385192871094
45 0.881690788269043 0.522458267211914 0.01934674580891927 0.050580596923828124
40 0.7387977600097656 0.49529247283935546 0.014323170979817708 0.034298133850097653
58 0.5271568934122721 0.6010324478149414 0.04037144978841146 0.011545944213867187
34 0.8702471415201823 0.7003661632537842 0.05434290568033854 0.014098644256591797
40 0.8223570505777995 0.49404544830322267 0.015362040201822916 0.031108665466308593
58 0.649700419108073 0.6037777900695801 0.04477335611979167 0.008158302307128907
34 0.8687458038330078 0.6774833679199219 0.0544579823811849 0.011311054229736328
