44 0.11325817689340861 0.6068879124531493 0.08848190307617188 0.04196109949985397
32 0.5764444620655514 0.7152922443140333 0.05254078703904086 0.03893852828076324
44 0.2215307663682425 0.6025357588057949 0.08066076981393915 0.03891613921643789
39 0.2854518837545717 0.6463379429136853 0.09896861152965937 0.042984864422094045
38 0.4871097892275147 0.7266375342633494 0.10224589086305402 0.02440203610238999
39 0.39401921407007445 0.6266471411208869 0.09530343771641274 0.06860513182072625
32 0.6313221474433539 0.7177662596895688 0.054147862991797954 0.040776618173189255
32 0.6297242014031661 0.7504324274271077 0.0504888814572152 0.023309440256279207
32 0.5771762076507315 0.7503715348763629 0.0502637192152874 0.025085639359423675
44 0.1106303180684013 0.6527490348459404 0.07018067103673876 0.0343417824243088
39 0.303652491265717 0.6035309550918151 0.08087637946216024 0.04130402086679809
45 0.8535970756551896 0.7265441751925745 0.031773701929319595 0.04994448843032029
58 0.5948184956473987 0.5217217418635003 0.09099394991127077 0.01731682417920074
43 0.3692789051341218 0.7325092446395541 0.10077491823656076 0.02831983714831581
44 0.19084442223208103 0.6492982668297314 0.08831563088372144 0.04014164339344821
43 0.3751359870889511 0.711186061395663 0.1032461023726952 0.018930595611857476
45 0.7937368461630021 0.7273892078815591 0.028933876439144735 0.05550106440749124
55 0.3345739200835083 0.5208545577860324 0.10296641426403437 0.016565673447843654
58 0.5846740849460591 0.5034360796491676 0.10518838560151922 0.016117369274484036
45 0.8227160340200831 0.7277401362624124 0.02761206798606302 0.05486566181123442
39 0.029128237980884857 0.6202208141671535 0.05660003266836468 0.03787440600053544
58 0.4628671450628138 0.5061272594416253 0.10899395295457497 0.018930643147025895
45 0.762091301154562 0.7278337092414452 0.02810339254025277 0.05390968203915985
55 0.3322030698823797 0.5382953536844699 0.09201387949597473 0.012334663177205024
61 0.21355344185868788 0.5206092763169904 0.09350719082058302 0.013926901178567952
58 0.5887476532743248 0.4904612365912797 0.09761668704553324 0.010202045381254868
58 0.45906808699927504 0.5244793758214077 0.0843524034663911 0.016558305496738708
60 0.7028071649186829 0.5068076540747907 0.09605289364125259 0.014309511749172507
33 0.8304867731237016 0.6415506761022075 0.09754347867252423 0.01610467738451616
60 0.7083764327199835 0.521498896993952 0.09299483787980437 0.015332325968044198
