43 0.42337669438239833 0.8124364472970637 0.0729669900193277 0.09452098332180583
3 0.24123081471728802 0.5696266834404867 0.03257586224672208 0.08167044257733903
17 0.4909360718824337 0.6013077058542662 0.03175581468410172 0.09573511626399019
3 0.27119075911694324 0.5725058357960262 0.028302557823827595 0.07987966863682093
17 0.5218389983840479 0.6045761875943159 0.029752799597162437 0.0989037250848843
6 0.42801094141598467 0.5940511231451208 0.03016372908819948 0.09230762995944417
10 0.3980988337003002 0.5902452986964757 0.02919526957903829 0.0919611295703911
2 0.4588025416731564 0.5962089676732268 0.03165913189921273 0.0933830522195674
13 0.29604491357842233 0.5741063507509904 0.02222960125984085 0.07980309837540871
12 0.34188553775982666 0.5810841612173038 0.023294632932855688 0.08058040626571931
12 0.3669681799698049 0.5826137857417946 0.026676677501628342 0.07809945611167002
7 0.2098508626560199 0.5666715134557344 0.03242962123799983 0.07997766874685613
38 0.5024032834756952 0.8334289489377672 0.08073358228966074 0.08959893393564512
44 0.3662121681590182 0.7686552972620881 0.046411691448728476 0.07729721836880658
58 0.6749348884585976 0.8732628313828282 0.08752911545650204 0.05872883787097585
37 0.30568253621290215 0.7640717965016662 0.07325800630805392 0.09484629947654678
58 0.6748252630125736 0.8213036765514965 0.0875421687386724 0.05403613084758551
34 0.586247211243699 0.8492188482457244 0.07827218128752265 0.0866205533985161
13 0.31834821610305986 0.5739969909790776 0.022703501775246375 0.07516442650040871
42 0.23464636722732357 0.7582796277174767 0.07376141498463695 0.10548403949085136
21 0.6835146559597304 0.621632904114138 0.05862793189992071 0.025208563392071177
24 0.5666027682692852 0.6113676689040493 0.05314411531490711 0.03796153385154678
21 0.6850641801122848 0.6004541961240096 0.058971299593622566 0.021181593958280936
