13 0.20725226402282715 0.2668278932571411 0.02178492546081543 0.046476252873738605
3 0.4233975410461426 0.6402353922526042 0.02848825454711914 0.050094858805338545
17 0.255497407913208 0.2659368832906087 0.02277688980102539 0.04710445404052734
38 0.24502601623535156 0.39802172978719075 0.05966405868530274 0.030416552225748697
43 0.8234204292297364 0.6242806116739908 0.025354385375976562 0.07170995076497395
9 0.39400758743286135 0.6423076629638672 0.029235267639160158 0.04853006998697917
17 0.2316838264465332 0.26630215644836425 0.025232982635498048 0.04765399297078451
39 0.8571781158447266 0.6262242635091145 0.0424102783203125 0.06615473429361979
29 0.37770125865936277 0.7613560994466145 0.03367166519165039 0.03822199503580729
17 0.21304869651794434 0.6511890411376953 0.02389497756958008 0.04341112772623698
3 0.15238287448883056 0.26701443990071616 0.03268642425537109 0.04735215504964193
44 0.9005973815917969 0.6224372863769532 0.04490585327148437 0.07406107584635417
17 0.18872566223144532 0.6520669301350911 0.024967765808105467 0.043482462565104164
24 0.15576934814453125 0.1997266451517741 0.017281150817871092 0.04782231648763021
54 0.13171979188919067 0.8541032791137695 0.04687809944152832 0.06853446960449219
3 0.1824586272239685 0.267866317431132 0.0279740571975708 0.046112839380900064
48 0.18248659372329712 0.8519620259602865 0.052937102317810056 0.06691576639811198
31 0.3424238681793213 0.762017822265625 0.03454432487487793 0.03855412801106771
24 0.13970355987548827 0.19983628590901692 0.01947653293609619 0.04854901631673177
10 0.16266555786132814 0.6536532084147135 0.02623124122619629 0.04374122619628906
47 0.39910593032836916 0.8521118799845377 0.02793874740600586 0.04791806538899739
47 0.4267153739929199 0.8514909108479818 0.02659435272216797 0.048097991943359376
3 0.4255113124847412 0.6027814229329427 0.026620101928710938 0.027553812662760416
23 0.24532065391540528 0.1986334482828776 0.016088581085205077 0.04646110534667969
58 0.6924084663391114 0.6118557612101237 0.05038995742797851 0.013788986206054687
58 0.183302640914917 0.40865008036295575 0.05812315940856934 0.01483446756998698
23 0.21493849754333497 0.195077387491862 0.015806150436401368 0.04064947764078776
58 0.6945679664611817 0.6248387018839519 0.052448463439941403 0.015580113728841145
27 0.1710730791091919 0.19962576230367024 0.01642022132873535 0.04716618855794271
9 0.3975616216659546 0.604672622680664 0.02873368263244629 0.027867635091145832
23 0.22995433807373047 0.19410861333211263 0.01525115966796875 0.0377953847249349
58 0.6891393661499023 0.5875432968139649 0.049270248413085936 0.011444346110026041
38 0.7994674682617188 0.626117451985677 0.021670722961425783 0.06915982564290364
23 0.1997217059135437 0.19789748191833495 0.017452597618103027 0.04779316584269206
46 0.23307766914367675 0.8500086466471354 0.04204845428466797 0.06633224487304687
58 0.6989147186279296 0.6570489247639973 0.050714111328125 0.011063130696614583
58 0.6983088493347168 0.6438730875651042 0.05263957977294922 0.016740926106770835
55 0.759000587463379 0.6557631174723307 0.06117725372314453 0.013529459635416666
57 0.7245765686035156 0.8359999338785807 0.09506492614746094 0.06528447469075521
27 0.1853081464767456 0.19875637690226236 0.01594240665435791 0.04780575434366862
10 0.17052481174468995 0.6218531290690105 0.024568867683410645 0.020566177368164063
60 0.6431496620178223 0.6297284444173177 0.043281173706054686 0.014762624104817709
58 0.18520939350128174 0.3942284901936849 0.05801200866699219 0.016096878051757812
40 0.2505772113800049 0.3308534622192383 0.04360976219177246 0.018213526407877604
55 0.7422770977020263 0.5858431498209635 0.05437793731689453 0.011098734537760417
60 0.6420397758483887 0.6164644241333008 0.04253444671630859 0.01118939717610677
60 0.6397034645080566 0.5914784749348958 0.04058208465576172 0.013550313313802083
17 0.19576213359832764 0.6196905771891276 0.02315807342529297 0.01976318359375
60 0.6414955139160157 0.6031346638997396 0.04167118072509766 0.011539967854817708
17 0.21912693977355957 0.619434102376302 0.022314453125 0.019914754231770835
55 0.7497692108154297 0.6128939946492513 0.05874786376953125 0.01488024393717448
