43 0.4869421147244797 0.48932388091335804 0.12971932547433035 0.03484789386398392
2 0.407087606203628 0.39654846606235133 0.05711355535557092 0.03768147933953047
13 0.6824476829237142 0.4060651937328316 0.05591133470746353 0.03675580251578783
51 0.6903827751666247 0.5795402855261668 0.09792961872799295 0.06709121545083824
6 0.4644598548321177 0.3994136476711175 0.05841138137418259 0.03826447985104214
51 0.5960494411783199 0.5722734514382505 0.10368092343121227 0.06521480613884799
17 0.2950105878189056 0.3919528257700994 0.05627462897502201 0.03509316835459617
47 0.27618970813405824 0.5495492082188774 0.06463019756723937 0.045693677963581786
47 0.33561207638899804 0.5525980345739409 0.0563808571644712 0.04359619251246035
13 0.741140169876682 0.40776509335530414 0.06213102590150277 0.03808350383722248
47 0.21358266634720433 0.5459080891853336 0.06020220136738399 0.046094070801002494
44 0.6068758743869467 0.48381733170558167 0.10945580710827464 0.038287876200016994
47 0.09645940600266639 0.53772376423029 0.06181891919141804 0.043871307027356136
3 0.8190175292477522 0.411871456808238 0.09153155014068788 0.03808704371035342
17 0.35064958230830295 0.3931159921290921 0.057256073059450456 0.03605554370681355
54 0.8024300281670492 0.5880139397991476 0.13342929893816022 0.0690249264591357
54 0.9335577675034582 0.6015626382762942 0.1327940789266851 0.0776881022209164
38 0.3585184047399632 0.4820837894607357 0.12391109965456804 0.0315980690877039
47 0.15519026251625967 0.5416344667269625 0.058080884292571834 0.04538808735344925
10 0.5213255699971312 0.40123816188990286 0.05699691925969882 0.03794663796124547
37 0.7511284442494812 0.4927436472551824 0.18370421503631162 0.04338114521975532
12 0.6280543367627641 0.4030991257398335 0.05267248019366197 0.03242136614323743
34 0.2290690631214042 0.4734321459418894 0.12848733944192497 0.03145608698884232
42 0.9164364544198786 0.509512911244761 0.1630539462360098 0.05511704148023335
12 0.5761698793837242 0.40253831857353733 0.05169082119671152 0.03417258009847927
7 0.90971340739751 0.41506290133311624 0.09102331272793009 0.03904928078627662
46 0.47892144124512703 0.5571644985681213 0.09414666711204728 0.04727992829986973
46 0.4006754761970259 0.5486321321806327 0.07048743879291373 0.04870649717164137
7 0.9769720004597899 0.41646810651743743 0.045974332322057346 0.038195479980247506
21 0.22059340448206818 0.3856483670344005 0.08311359551351075 0.012337093932303466
21 0.13051681595309159 0.38376706274159633 0.07578804891114263 0.011395598300506909
