44 0.7772109033596107 0.41677315785002267 0.06302174619985539 0.02871451055944155
44 0.9249537139831174 0.42335227478884657 0.0933672100965166 0.02892831336549898
47 0.8031981562224912 0.3317001335859623 0.0439622598874497 0.01931238628157567
47 0.847688271965779 0.33323797339165867 0.043462127746950456 0.01893862545841357
39 0.7118551764689701 0.41170195772683504 0.06536545935770875 0.03011856805052107
44 0.8438929782307124 0.41786914958530386 0.07155524700940015 0.031185480281136723
47 0.711737220196177 0.3299094002658445 0.0407273966061997 0.01932947723153602
47 0.9413868157676528 0.3380833268435659 0.05132804885956363 0.0273500553990145
47 0.8930672966018769 0.33399600403634033 0.04447688327228999 0.019495381129290328
13 0.8143921205455389 0.37006273429535286 0.028212426413952465 0.012814617286616448
12 0.7870722872390593 0.36941243471146495 0.026775766906124245 0.012381784830581673
47 0.7556198396433287 0.33077451207273734 0.0462088939889336 0.01935326075413457
12 0.2650052767164511 0.33155022825544433 0.0238970597265232 0.01697548925471511
47 0.4305597838741433 0.3013752987874165 0.039063390351876885 0.02713641852451008
12 0.6802782331194196 0.36639743073795733 0.024105141100509306 0.012043782257093906
12 0.24280274082237566 0.3311259136191309 0.022253992092201646 0.017172726560730062
12 0.2887109184648909 0.33215890667478476 0.02474297076403735 0.016560798648476437
47 0.4664321223974708 0.30085820075770986 0.03152358364051496 0.02690284220838525
13 0.35586681404344034 0.33438558366755633 0.022299661003128145 0.01736952138260365
47 0.3138548238896268 0.2959355508573573 0.038229161345023265 0.02045338695061169
13 0.8980324512995944 0.3720781389382505 0.0294716909857583 0.01368824691323063
13 0.8705165563694668 0.3713136784458895 0.027072100572183098 0.013820577326758609
13 0.4019622342207542 0.33560432326917905 0.026369735748475228 0.018933758132858518
47 0.35261881039655907 0.2967091790680222 0.03785601180324132 0.020270143205567512
13 0.843117573851311 0.37062721961107414 0.028522268867108902 0.013155081178140576
39 0.26817352479132606 0.3716798340728718 0.06650105712399397 0.023602352997918553
13 0.37789913922008617 0.3348788152088879 0.022848394075389838 0.017854594622578726
12 0.7598375285895058 0.36885657783650033 0.02844004947654678 0.012242872465450838
12 0.3177486089633504 0.33289615439245157 0.022654266664439763 0.015804731527172065
12 0.21966368523641852 0.3312581195839941 0.025362010932784205 0.01713210098550068
12 0.7052762436435016 0.3670171436055732 0.026946039027131538 0.011750111063519484
12 0.6565140353841801 0.3658494832670197 0.0232434646944165 0.012407144702933847
39 0.6485303115077182 0.4095938526563208 0.06448511626399019 0.02776709670225419
47 0.27130234409386006 0.2953781314602685 0.03720221720950704 0.019797846695174447
44 0.44816597030915967 0.3791615910048284 0.06782894019389776 0.02019243192823969
47 0.3911550049810582 0.29712454722810233 0.03884814011019241 0.020401478029777414
12 0.7317570584640657 0.3679024990619336 0.027701610050930584 0.011973620865428183
