51 0.35698471069335935 0.5990699291229248 0.07852198282877604 0.07274961471557617
10 0.6383583068847656 0.2016305685043335 0.05565516153971354 0.05932035446166992
10 0.6942365010579427 0.20257394313812255 0.056740061442057295 0.060994863510131836
30 0.64193115234375 0.5955607891082764 0.06631622314453126 0.026871299743652342
12 0.8061678568522136 0.20541713237762452 0.05322481791178386 0.06376581192016602
23 0.7982687632242839 0.3183736324310303 0.03679606119791667 0.06339998245239258
22 0.5212032953898112 0.20288920402526855 0.06676076253255209 0.055719614028930664
53 0.4280052820841471 0.60518479347229 0.07718575795491536 0.07141551971435547
47 0.720535405476888 0.6388810634613037 0.05813433329264323 0.055828285217285153
30 0.5087519645690918 0.5835620880126953 0.06405709584554037 0.021579170227050783
0 0.42927640279134116 0.31317572593688964 0.06383196512858073 0.04489016532897949
31 0.5750778198242188 0.5882287979125976 0.06313883463541667 0.024379920959472657
31 0.5688836415608723 0.623909854888916 0.06498438517252604 0.03834209442138672
16 0.5866339365641277 0.19929835796356202 0.04887186686197917 0.06156878471374512
31 0.49802659352620443 0.6124750137329101 0.06404101053873698 0.036784934997558597
2 0.7510229746500651 0.20410680770874023 0.057070159912109376 0.06267566680908203
30 0.6425957997639974 0.6268546104431152 0.06743621826171875 0.03756427764892578
47 0.7253206888834636 0.5997402667999268 0.058696746826171875 0.02524881362915039
27 0.7639002482096354 0.3205605983734131 0.04020207722981771 0.05973825454711914
1 0.36606559753417967 0.3104063034057617 0.061060333251953126 0.04428157806396484
46 0.2838505744934082 0.5934733867645263 0.076348876953125 0.07194948196411133
