15 0.49484405517578123 0.49431734085083007 0.034902699788411456 0.02959022521972656
28 0.5041596094767252 0.8252715110778809 0.0464776357014974 0.02955760955810547
28 0.48664604822794594 0.7962013244628906 0.04410235087076823 0.02877655029296875
26 0.5998408635457356 0.6008814811706543 0.07119890848795572 0.06756057739257812
11 0.37800159454345705 0.6210747718811035 0.0854424794514974 0.07413215637207031
26 0.5239375432332357 0.6060822486877442 0.07868855794270833 0.06859664916992188
29 0.5753601710001628 0.780191707611084 0.04125340779622396 0.02830162048339844
30 0.44242324829101565 0.8033522605895996 0.043371963500976565 0.02886791229248047
10 0.4927342096964518 0.3746842861175537 0.0313995361328125 0.030208492279052736
15 0.530933125813802 0.4931046009063721 0.0357140858968099 0.029373359680175782
17 0.13495811223983764 0.37418618202209475 0.04092978636423747 0.03381471633911133
29 0.5506437301635743 0.8134037256240845 0.041652806599934894 0.029451704025268553
29 0.5928954442342123 0.8086489677429199 0.04431699117024739 0.029061126708984374
10 0.46267916361490885 0.41594667434692384 0.032188161214192705 0.030617904663085938
10 0.4941031138102214 0.4149808406829834 0.0312896728515625 0.029520130157470702
11 0.2872997601826986 0.6307460308074951 0.0887383778889974 0.07655706405639648
5 0.7763692220052083 0.2004849910736084 0.05338160196940104 0.025124168395996092
10 0.461001714070638 0.37453632354736327 0.03167241414388021 0.030795192718505858
12 0.5434665044148763 0.37971248626708987 0.02797393798828125 0.03896398544311523
10 0.43015689849853517 0.3745082139968872 0.030046590169270835 0.03089752197265625
16 0.25962950388590494 0.41919717788696287 0.03709208170572917 0.032504940032958986
2 0.36100956598917644 0.4170539855957031 0.03301245371500651 0.03029804229736328
17 0.17572369575500488 0.37414095401763914 0.03821102778116862 0.03293170928955078
9 0.6052791595458984 0.49109454154968263 0.03444366455078125 0.029011058807373046
25 0.2942735036214193 0.3735915184020996 0.030196571350097658 0.028553342819213866
29 0.5343913873036702 0.7856059074401855 0.04305219650268555 0.027332878112792967
10 0.4298559824625651 0.41608471870422364 0.0329833984375 0.030887794494628907
31 0.635270627339681 0.801297950744629 0.04095598856608073 0.022323036193847658
16 0.25872039794921875 0.37467012405395506 0.03702125549316406 0.03136749267578125
7 0.5682996114095052 0.49206151962280276 0.038010660807291666 0.02804145812988281
30 0.4576232592264811 0.8312723159790039 0.04438997904459636 0.027405929565429688
17 0.17716875076293945 0.4195267200469971 0.03948084513346354 0.03142070770263672
15 0.5304538408915201 0.5278455734252929 0.033266639709472655 0.022783470153808594
16 0.22034982045491536 0.4198030948638916 0.039614423116048174 0.031969642639160155
4 0.18462732632954915 0.6416639804840087 0.09417816797892252 0.08257770538330078
6 0.395207945505778 0.41720056533813477 0.03351383209228516 0.030078315734863283
16 0.21920175552368165 0.3746556997299194 0.03929468790690104 0.03213424682617187
6 0.3975879669189453 0.37978291511535645 0.0338717778523763 0.041724205017089844
7 0.5661188761393229 0.5261917114257812 0.034964497884114584 0.02090930938720703
20 0.3290607770284017 0.4155369758605957 0.029493204752604165 0.02622528076171875
12 0.5255181948343913 0.4121981620788574 0.027089373270670573 0.024087905883789062
17 0.13734089533487956 0.42042956352233884 0.03898420333862305 0.03090381622314453
2 0.3564884821573893 0.379376745223999 0.03162091573079427 0.040674781799316405
9 0.6018047332763672 0.5254972457885743 0.03177846272786458 0.021406173706054688
20 0.32426840464274087 0.3732884407043457 0.029599761962890624 0.02772102355957031
25 0.29864095052083334 0.4163800239562988 0.030407079060872397 0.027411270141601562
22 0.2501492500305176 0.30478754043579104 0.049185689290364584 0.042639732360839844
13 0.5526165008544922 0.41186962127685545 0.025044631958007813 0.02356376647949219
22 0.1468835234642029 0.295855712890625 0.05149726072947184 0.032437705993652345
31 0.6137264251708985 0.7789057731628418 0.0350067138671875 0.026221656799316408
3 0.6395398457845052 0.48938260078430174 0.0346832275390625 0.027933216094970702
22 0.19892991383870443 0.3002948760986328 0.04928919474283854 0.03682022094726563
5 0.7746534983317057 0.2327878952026367 0.04813092549641927 0.020868206024169923
5 0.8368775685628255 0.23421978950500488 0.04850298563639323 0.019519901275634764
5 0.8357343037923177 0.20481228828430176 0.05005162556966146 0.023777198791503907
15 0.49480438232421875 0.5304728507995605 0.033220163981119794 0.025783538818359375
11 0.4492582639058431 0.6144022941589355 0.0600592295328776 0.06387672424316407
