51 0.42310390472412107 0.5406004905700683 0.061122894287109375 0.07101259231567383
53 0.4893455187479655 0.5415975093841553 0.06299158732096354 0.0750204086303711
47 0.23511099815368652 0.5623682975769043 0.05614557266235352 0.04584083557128906
47 0.29051078160603844 0.5608096122741699 0.05094579060872396 0.047548770904541016
18 0.815872065226237 0.33558073043823244 0.040095011393229164 0.030447959899902344
18 0.8567820231119792 0.3376774787902832 0.039979044596354166 0.032384204864501956
46 0.3558618227640788 0.5431402206420899 0.06855233510335286 0.07033443450927734
18 0.8963249206542969 0.3370572328567505 0.03909098307291667 0.02810535430908203
23 0.5302477518717448 0.3230036020278931 0.04989153544108073 0.013397932052612305
18 0.8580926259358724 0.29423842430114744 0.034889475504557295 0.032773590087890624
