17 0.7816755574953628 0.10538475752200917 0.1441669425734092 0.08572160230808577
17 0.8947548511282539 0.11036419403947313 0.08605385977977238 0.08073992917156349
17 0.6475513542681872 0.10623379816661122 0.12487307880486041 0.08079125733196223
17 0.531039953711527 0.10719689255555831 0.11310388576576648 0.07727367433963667
44 0.4522940100318709 0.6600972060223862 0.1776222827688789 0.12362315528361463
40 0.7505847769723811 0.2860531930098125 0.2629925672197246 0.09968985180321137
23 0.48098862339073506 0.5311463757451433 0.12599836077008927 0.07272188146026846
21 0.5134232058611434 0.4323854226033289 0.13632647324375943 0.06823340529600419
21 0.5391099342637858 0.32850595119045933 0.1683831627460073 0.0840659580135648
24 0.7199920408682564 0.48521840242870695 0.04314553090024522 0.0356945872684923
40 0.6533744397537569 0.40782022411379276 0.12964610170790367 0.047170938924798934
24 0.8099980191205829 0.4691706779697766 0.04426147952166122 0.032240417784676595
40 0.7136757618464694 0.3969519148058734 0.24969992071570046 0.07269074163881967
24 0.6298151150555678 0.5032142877686764 0.14888678997815016 0.04615933721185433
39 0.6685039128815864 0.7181587029108377 0.24601324990961393 0.15377070604539533
