31 0.5237966855367024 0.5505202293395997 0.11470444997151692 0.06571292877197266
31 0.39801820119222003 0.5444849014282227 0.12499198913574219 0.06886425018310546
29 0.09383581479390463 0.6116394996643066 0.15643412272135418 0.06895523071289063
28 0.6081617991129558 0.49536886215209963 0.09957275390625 0.05427074432373047
31 0.4993091901143392 0.4908450126647949 0.10566234588623047 0.055672645568847656
28 0.6446247736612956 0.5545206069946289 0.11246121724446614 0.060853004455566406
31 0.5455458323160808 0.6086037158966064 0.11797815958658854 0.05127162933349609
29 0.2555901368459066 0.49576992988586427 0.11620569229125977 0.039877891540527344
29 0.11661128203074138 0.5388630390167236 0.1369637966156006 0.06944894790649414
28 0.7623704274495443 0.5567424774169922 0.10197410583496094 0.058828544616699216
29 0.2609196345011393 0.5470757007598877 0.13296890258789062 0.07057027816772461
31 0.38117717107137045 0.48432493209838867 0.11339295705159505 0.05723762512207031
29 0.11744921803474426 0.4855916976928711 0.13045546611150105 0.042328834533691406
31 0.4138400395711263 0.6069126129150391 0.1345251719156901 0.05456609725952148
28 0.799502944946289 0.6087382316589356 0.0975250244140625 0.045745468139648436
28 0.6735515594482422 0.6069982051849365 0.11833165486653646 0.043206405639648435
