6 0.7122453689575196 0.3588522434234619 0.031651814778645836 0.025888347625732423
28 0.47252413431803386 0.8493852615356445 0.03580538431803385 0.02773704528808594
31 0.30423062642415366 0.8451838493347168 0.039017740885416666 0.02892723083496094
29 0.5141104062398275 0.8826997756958008 0.03931903839111328 0.02946338653564453
3 0.7404656092325846 0.22934608459472655 0.04224688212076823 0.03700094223022461
15 0.6265318552652995 0.6552184581756592 0.034722518920898435 0.029615211486816406
28 0.4696140925089518 0.8789475440979004 0.037873331705729166 0.02971019744873047
29 0.5145110766092936 0.8532312393188477 0.03772398630777995 0.029093170166015626
6 0.655828348795573 0.3214595317840576 0.029799397786458334 0.027118110656738283
3 0.7821784973144531 0.22924211025238037 0.040970102945963545 0.036739349365234375
6 0.7185662587483724 0.3208777666091919 0.030678558349609374 0.027099800109863282
16 0.48258152008056643 0.5953636646270752 0.026454035441080728 0.021563720703125
15 0.6298061370849609 0.6865676879882813 0.031746164957682295 0.016962814331054687
6 0.680886713663737 0.35901052951812745 0.03030052185058594 0.025689458847045897
11 0.5228352864583333 0.6676092147827148 0.06478017171223958 0.06685504913330079
29 0.553014628092448 0.8536620140075684 0.03844757080078125 0.029207229614257812
29 0.5543108622233073 0.8838127136230469 0.03986434936523438 0.030986976623535157
9 0.6194714228312175 0.22829775810241698 0.04036661783854167 0.039583587646484376
29 0.5147272109985351 0.8252717971801757 0.03691158294677734 0.023760986328125
30 0.25729525883992516 0.8761541366577148 0.040096092224121097 0.028813552856445313
3 0.7792189915974935 0.260530948638916 0.03965492248535156 0.026468944549560548
31 0.34304631551106773 0.878199291229248 0.039028167724609375 0.029718399047851562
31 0.3489077885945638 0.8481521606445312 0.03914947509765625 0.027336502075195314
31 0.4341663042704264 0.847533893585205 0.038754971822102864 0.027809715270996092
29 0.5526603698730469 0.8257551193237305 0.03778839111328125 0.023352432250976562
9 0.5810341517130534 0.2287679672241211 0.0377648671468099 0.0401580810546875
16 0.4903694152832031 0.5613538742065429 0.027259190877278645 0.03492259979248047
30 0.2650069077809652 0.8463255882263183 0.038475322723388675 0.02997417449951172
12 0.5552209854125977 0.45119619369506836 0.023452885945638022 0.03400897979736328
6 0.687090810139974 0.32119183540344237 0.03142890930175781 0.02714824676513672
31 0.43041353225708007 0.8766826629638672 0.03987592061360677 0.030536079406738283
31 0.3881194750467936 0.849326229095459 0.03936951955159505 0.02821178436279297
16 0.510222053527832 0.5954401016235351 0.027439435323079426 0.0216583251953125
6 0.6505777994791667 0.3585712432861328 0.02963078816731771 0.025460052490234374
31 0.2979689280192057 0.8753589630126953 0.04030685424804688 0.029753494262695312
28 0.4729276339213053 0.8237745285034179 0.03620993296305339 0.020574188232421874
9 0.5790486653645833 0.2628518581390381 0.039197540283203124 0.02658834457397461
9 0.6180826187133789 0.25753440856933596 0.03959019978841146 0.019991970062255858
12 0.5797571182250977 0.45136404037475586 0.025073877970377603 0.03386049270629883
17 0.5596876780192057 0.5622565746307373 0.026929728190104165 0.03454875946044922
17 0.5942623138427734 0.5613900184631347 0.028155517578125 0.037057685852050784
12 0.569680658976237 0.41694955825805663 0.019095484415690103 0.03039131164550781
17 0.5936382293701172 0.5953710079193115 0.02602526346842448 0.021570205688476562
15 0.6623106002807617 0.6558199405670166 0.0346062978108724 0.028973770141601563
15 0.6630947113037109 0.6873961448669433 0.03320363362630208 0.017699813842773436
13 0.6279788970947265 0.4518716812133789 0.023399861653645833 0.033542823791503903
7 0.6596659342447917 0.22981677055358887 0.03919677734375 0.03718881607055664
13 0.6047609329223633 0.4793073654174805 0.023788960774739583 0.021045112609863283
3 0.7386517842610677 0.260178804397583 0.04067713419596354 0.0262087345123291
12 0.5897710800170899 0.4170823574066162 0.020526123046875 0.029842185974121093
13 0.6528218587239584 0.4523329734802246 0.024982706705729166 0.03424758911132812
31 0.3941619555155436 0.8227773666381836 0.037299855550130205 0.022562789916992187
12 0.5799251556396484 0.47954702377319336 0.02372423807779948 0.021369552612304686
12 0.555486551920573 0.4801040172576904 0.023700968424479166 0.021708965301513672
12 0.5499432881673177 0.41685190200805666 0.019838460286458335 0.030290985107421876
7 0.6993245442708333 0.23018860816955566 0.04031982421875 0.037278270721435545
13 0.6039638519287109 0.45175971984863283 0.023294830322265626 0.03336315155029297
13 0.6787756601969401 0.45242795944213865 0.0260772705078125 0.034515762329101564
31 0.38306007385253904 0.8787636756896973 0.038225046793619794 0.028915023803710936
7 0.6980581919352213 0.2606053829193115 0.03913167317708333 0.02695918083190918
17 0.5249619166056315 0.5618528366088867 0.025786972045898436 0.03484077453613281
13 0.6287465413411458 0.4797666549682617 0.022240447998046874 0.020960426330566405
31 0.35613028208414715 0.8222431182861328 0.03850059509277344 0.022304534912109375
31 0.3130029678344727 0.8203752517700196 0.0389258066813151 0.019957351684570312
17 0.5666116078694662 0.5953938484191894 0.027088292439778647 0.02191314697265625
13 0.7049139022827149 0.4525758743286133 0.02561505635579427 0.03425722122192383
31 0.43575496673583985 0.8227529525756836 0.03720169067382813 0.019742202758789063
30 0.274834410349528 0.8204545974731445 0.03741372426350911 0.020106124877929687
13 0.7039833704630534 0.48038973808288576 0.024927393595377604 0.02094554901123047
13 0.6528145472208658 0.48016810417175293 0.023240152994791666 0.021283721923828124
7 0.6581372578938802 0.2589174032211304 0.03889948527018229 0.023967170715332033
13 0.6782252629597981 0.4801485061645508 0.025320816040039062 0.021520614624023438
17 0.5389594395955404 0.5954934120178222 0.02736523946126302 0.021338462829589844
1 0.7266672770182292 0.5900909423828125 0.045954259236653645 0.016930103302001953
