15 0.0848926084523716 0.15137498920951678 0.05842104777074587 0.028516834770036265
15 0.15265488030177404 0.1926528657336844 0.05296453544637833 0.027219718861802716
16 0.29299247297884023 0.18991264153121046 0.04551593220465071 0.03056945087753724
15 0.14512647486129296 0.15124136785109096 0.05978597498336327 0.02788996473651066
13 0.5344173822376537 0.13773211066225235 0.04113511695756146 0.026545860314294928
15 0.09816312129477715 0.1928583067896953 0.05604170167875422 0.027240741290036022
7 0.21945933291786596 0.41566103641117846 0.05271854559140192 0.02483603219005549
20 0.49154407363849334 0.13787043800235166 0.040282400030838814 0.02771679411796023
4 0.7306790972680597 0.8420624539859569 0.0837713014386037 0.07731243383104557
25 0.4106859540014716 0.13924691387426072 0.040510013823363916 0.028185229435145297
7 0.21422374017350893 0.3799200444206642 0.05434069012670966 0.028200262432157806
10 0.22809762505613204 0.26499556306737976 0.04266431391074056 0.029785821742357867
25 0.37062397161679256 0.1398084765282747 0.03902819942569469 0.026527238412066785
13 0.5398450729919603 0.18191582391566577 0.03974559498625779 0.025729134818103825
30 0.32866333726370434 0.6515701626691491 0.05380306085391058 0.01805632879429517
17 0.20126823573231367 0.19125967530818 0.044384541603997144 0.02985612625644957
7 0.3764758651606594 0.37971033114139163 0.04928819228407419 0.028124229930271614
7 0.32461398856461543 0.3790438048936125 0.05307232970346044 0.027704613231052864
16 0.33786713449578537 0.18840010218159803 0.043257420082831975 0.030545433733693537
20 0.4983348899270689 0.18278126107569423 0.039618748376904434 0.026098863358066833
4 0.8208414431754242 0.8441379345094675 0.09378821037482687 0.07931100245205412
7 0.26942496682798434 0.37970632630345236 0.055246242195615476 0.028025523153049552
31 0.15631690514054655 0.6520484853013654 0.056173277033332976 0.01982126206252434
10 0.18328716880396792 0.2653331459496994 0.04608355070415296 0.02944197610159901
20 0.45832820480219877 0.18361562806126486 0.04005377180358379 0.026802871086144372
7 0.378273802781039 0.41606577460268207 0.04867746030855047 0.025910184390819706
12 0.618529280136827 0.13665151150427132 0.04098641773340114 0.02748352716273608
2 0.3169313679111301 0.26453558901017327 0.04444931748831371 0.030001441266306463
25 0.3789166902240954 0.18554043398467923 0.037932757855782546 0.027333601241542542
7 0.2727180861370055 0.41561250300422264 0.0509830168409691 0.02537099297544295
10 0.18487644988083773 0.3053969267372773 0.04435749001119936 0.029334641691308897
2 0.27209612141025363 0.26452284958503697 0.04439436894044321 0.02972825665340245
20 0.45201897026759436 0.1386340607735227 0.03969829696697542 0.027986187801182828
28 0.4472419759903588 0.6516377339110567 0.055572467497511255 0.02067318735092971
13 0.5803382852401099 0.18174981328185846 0.0415258856691482 0.026093860281590733
13 0.5753679354765409 0.13746171874049296 0.0415417784799169 0.026831617979245766
12 0.6238896166518785 0.18082716160474166 0.042636776234634695 0.025921913693627095
17 0.1978805309517562 0.1481579991515923 0.04467175343690487 0.02958226426739559
10 0.22992524545939014 0.3057224119192343 0.0452111579704813 0.029772084078684775
16 0.3294378581799959 0.14350809709305332 0.04187187131422048 0.02960610315435772
5 0.2932348700441482 0.493325278023693 0.07755353510214681 0.02588655941211546
17 0.24627591500321913 0.190694476213782 0.0456363540607146 0.030305868368653864
5 0.3801304719454694 0.49344223830558803 0.0817617273726952 0.025948307595891746
29 0.2703542418757304 0.6544357965297045 0.05634443119292114 0.0182037353515625
12 0.6598527860773568 0.13557996185397805 0.041305964673324966 0.027437964703806463
7 0.3263585098562478 0.41575040252780615 0.05372898598456977 0.026502995476173092
28 0.3852158226795144 0.6517762989269982 0.054301930266404085 0.018162569895711644
25 0.41767158402630494 0.18463491873577748 0.03857164039506146 0.027382907094985153
2 0.322514848365678 0.3058544527333102 0.043906742846206284 0.029192178791557145
12 0.6645153605706804 0.1799034047349591 0.03893814720935769 0.02658829733590099
16 0.285794118104549 0.14542994989412966 0.04519763217408241 0.029877944898753894
31 0.21394912423849766 0.6504506856852974 0.0538269212041205 0.017045398367528233
31 0.17254628104846564 0.634329988949024 0.04948260447325138 0.016127779476367794
5 0.3858140115922838 0.5185966848212982 0.07374946826712907 0.018808477764189056
28 0.3984919624645624 0.6360150155991409 0.04452637225967365 0.014055816555320289
2 0.2773441198459953 0.30559062066479264 0.044813013473045796 0.029634374695774922
5 0.29811835883396814 0.5197435658297435 0.0759521653447455 0.016981225890162578
29 0.2813353393216543 0.6383493251146929 0.052466014745823235 0.013612788785655179
30 0.343637852127202 0.6348930192513629 0.04962278667249178 0.0158318730529595
31 0.2267670354024195 0.6348321742357866 0.05204536247781769 0.014504976361711448
17 0.24190087992068474 0.1471576215322144 0.04278911051657722 0.02959795087297386
43 0.7676461343950182 0.5965608258113683 0.07841014069533414 0.01686343374282029
