30 0.2349352518717448 0.8255251884460449 0.0386172612508138 0.023938560485839845
9 0.6134363810221354 0.5671635627746582 0.034207661946614586 0.022412109375
51 0.42987095514933266 0.7370189189910888 0.04161090850830078 0.04506101608276367
9 0.6483565012613932 0.5684248447418213 0.034958140055338545 0.023216438293457032
9 0.6826964696248372 0.5691471099853516 0.03420321146647135 0.02324399948120117
29 0.4020329475402832 0.8304399490356446 0.038825734456380205 0.024403762817382813
10 0.4588740348815918 0.5296907424926758 0.028951327006022137 0.025374984741210936
10 0.4875848134358724 0.5300399780273437 0.027686373392740885 0.025442123413085938
9 0.579546864827474 0.5348073005676269 0.034189605712890626 0.024544334411621092
2 0.4007916768391927 0.5276649475097657 0.02916437784830729 0.02478313446044922
10 0.48810990651448566 0.5632850646972656 0.027825546264648438 0.025136566162109374
9 0.615245501200358 0.5353815078735351 0.03580411275227865 0.023305320739746095
2 0.4296878814697266 0.5284878730773925 0.027623875935872396 0.024630355834960937
29 0.4010435104370117 0.8532235145568847 0.03850123087565104 0.021603775024414063
16 0.34076178868611656 0.5265745162963867 0.02838274637858073 0.024962615966796876
10 0.45865017573038735 0.562888240814209 0.028649648030598957 0.025351810455322265
16 0.36964070002237953 0.5615829467773438 0.02799962361653646 0.02642345428466797
10 0.5455647786458333 0.5310046195983886 0.028166961669921876 0.024829006195068358
3 0.7178438822428386 0.5731523036956787 0.034885406494140625 0.02978992462158203
47 0.5193071047465007 0.7491998672485352 0.032126299540201825 0.035518836975097653
9 0.6862013498942058 0.537639045715332 0.03407084147135417 0.022989273071289062
29 0.4420859654744466 0.8303728103637695 0.039504623413085936 0.024343109130859374
9 0.6513919830322266 0.5366993904113769 0.03541717529296875 0.02300853729248047
10 0.5453137556711832 0.5643549919128418 0.02881650924682617 0.024830055236816407
9 0.5789279937744141 0.5661354064941406 0.03398615519205729 0.02250843048095703
10 0.5168049176534016 0.5636523246765137 0.027293268839518228 0.02524394989013672
17 0.31025994618733727 0.5265367507934571 0.02955207824707031 0.025000572204589844
10 0.5169846852620442 0.530512523651123 0.028218714396158855 0.025134468078613283
4 0.3942878723144531 0.6407810688018799 0.07216873168945312 0.07068195343017578
30 0.31426159540812176 0.8518007278442383 0.04056682586669922 0.021014404296875
4 0.2515459696451823 0.6388492584228516 0.07394752502441407 0.07264213562011719
7 0.8270108540852864 0.540493106842041 0.03564580281575521 0.024632072448730467
3 0.7565542856852213 0.5383885383605957 0.03367818196614583 0.02336406707763672
30 0.22775904337565103 0.8504720687866211 0.04003213246663411 0.02301788330078125
11 0.46864407857259116 0.6427783966064453 0.061685434977213544 0.06718330383300782
3 0.7525890350341797 0.5740001201629639 0.034042612711588545 0.030741119384765626
11 0.5320943832397461 0.6450127601623535 0.06548817952473958 0.06812973022460937
47 0.5529530843098959 0.7491900444030761 0.032076263427734376 0.03640270233154297
7 0.8247776667277018 0.5719790935516358 0.034701029459635414 0.022736644744873045
47 0.51876220703125 0.7102692127227783 0.03202362060546875 0.024425029754638672
17 0.27937405904134116 0.5597210884094238 0.02946936289469401 0.024668312072753905
17 0.2812609354654948 0.526404857635498 0.02824408213297526 0.02494649887084961
53 0.3798523902893066 0.7359362602233886 0.04740816752115885 0.04430465698242188
3 0.7212451934814453 0.5382222175598145 0.03539606730143229 0.023331451416015624
16 0.3695440928141276 0.5275524139404297 0.02799669901529948 0.024761295318603514
30 0.2689287821451823 0.8515296936035156 0.040872955322265626 0.021474647521972656
30 0.3186059315999349 0.827454662322998 0.03983090718587239 0.024659347534179688
30 0.35684248606363933 0.8518779754638672 0.04103870391845703 0.020958900451660156
29 0.44207671483357747 0.8536507606506347 0.04053656260172526 0.0215362548828125
7 0.7917030334472657 0.5393512725830079 0.03502108256022136 0.024068450927734374
47 0.5526570638020833 0.7108181953430176 0.03131434122721354 0.023343849182128906
30 0.27427466710408527 0.8275196075439453 0.0399386723836263 0.024552154541015624
16 0.3403903961181641 0.560741662979126 0.02880255381266276 0.02609539031982422
48 0.274075190226237 0.7366241455078125 0.06193250020345052 0.049859046936035156
17 0.30931116739908854 0.5597807407379151 0.029694239298502605 0.02464752197265625
2 0.42897411982218425 0.561866283416748 0.028155199686686196 0.02494354248046875
7 0.7886182785034179 0.5710323333740235 0.03604558308919271 0.023428916931152344
30 0.3586019515991211 0.8291940689086914 0.04009170532226562 0.0238433837890625
54 0.2108585516611735 0.7382474899291992 0.061124102274576826 0.04796333312988281
46 0.4743379910786947 0.7388779640197753 0.047277005513509114 0.04328575134277344
2 0.3999703725179036 0.5613245964050293 0.02882868448893229 0.02503490447998047
53 0.3317673365275065 0.7364264488220215 0.049395751953125 0.043155670166015625
4 0.324099858601888 0.6398030281066894 0.07046000162760417 0.0754465103149414
18 0.5858473459879557 0.7500712394714355 0.03223114013671875 0.025979137420654295
22 0.21742019653320313 0.527099609375 0.03506914774576823 0.020750045776367188
22 0.2508175214131673 0.529542350769043 0.03130289713541667 0.016634368896484376
18 0.6215821584065755 0.7133797645568848 0.03370997111002604 0.023583984375
18 0.5874741872151693 0.7128352165222168 0.033039093017578125 0.024407196044921874
18 0.618636957804362 0.7487077713012695 0.03191808064778646 0.022092056274414063
19 0.6885454813639323 0.716455602645874 0.032137298583984376 0.02358112335205078
19 0.6850886027018229 0.7505228996276856 0.033521779378255206 0.02343921661376953
