44 0.30993312199910483 0.8211177825927735 0.08191153208414713 0.0779031753540039
44 0.6488850911458334 0.8203943252563477 0.08238194783528646 0.08431453704833984
44 0.3940940221150716 0.8227825164794922 0.0773858388264974 0.07890281677246094
44 0.1336942195892334 0.7997430801391602 0.08456538518269857 0.07785263061523437
44 0.5655118942260742 0.8134799003601074 0.08052800496419271 0.08091526031494141
43 0.5972335815429688 0.6291306972503662 0.1048315684000651 0.03344182968139649
44 0.21979414621988932 0.802951979637146 0.08408095041910807 0.07597012519836426
38 0.3355820337931315 0.5915205955505372 0.1034406026204427 0.03165702819824219
38 0.3286612828572591 0.6480916500091553 0.10858338673909505 0.031986236572265625
38 0.21049601236979168 0.6147737503051758 0.11208826700846354 0.0374481201171875
44 0.4751986821492513 0.8264437675476074 0.0817888895670573 0.07385330200195313
38 0.33083114624023435 0.6195854663848877 0.1020849863688151 0.025220489501953124
43 0.48157148361206054 0.5999874114990235 0.10466899871826171 0.031888580322265624
43 0.4742759704589844 0.6548951148986817 0.10556767781575521 0.034581756591796874
43 0.6023045857747396 0.6608844757080078 0.11598345438639322 0.031943893432617186
34 0.36224495569864906 0.4544985294342041 0.09910926818847657 0.030609703063964842
43 0.47977911631266273 0.6266932010650634 0.10100237528483073 0.02420663833618164
34 0.3287389119466146 0.3828524112701416 0.1056362787882487 0.034940242767333984
34 0.5712579091389974 0.46370573043823243 0.1004931131998698 0.030755233764648438
34 0.355526606241862 0.4142265319824219 0.07770919799804688 0.028874874114990234
34 0.43156439463297525 0.3871964931488037 0.09588508605957032 0.02763080596923828
34 0.5569924672444662 0.42643327713012696 0.09627647399902343 0.03116188049316406
38 0.22290115356445311 0.5778546333312988 0.1073693593343099 0.024593925476074217
34 0.46891988118489586 0.46063575744628904 0.08793284098307291 0.02767791748046875
34 0.2651094436645508 0.41194868087768555 0.09875354766845704 0.031457042694091795
34 0.24700724283854167 0.449015474319458 0.10152448018391927 0.030370521545410156
34 0.45157814025878906 0.4221649169921875 0.08669115702311198 0.025440406799316407
38 0.2137187639872233 0.6457889556884766 0.09554634094238282 0.027768516540527345
34 0.5449945449829101 0.3940664529800415 0.1005346934000651 0.025618696212768556
43 0.590436045328776 0.6005237579345704 0.09743970235188802 0.02017078399658203
40 0.2756408373514811 0.25188231468200684 0.030698458353678387 0.015364360809326173
40 0.572445805867513 0.26759610176086424 0.025373077392578124 0.017853832244873045
40 0.3080071131388346 0.2532944679260254 0.028274027506510417 0.016868019104003908
40 0.45463622411092125 0.2606760025024414 0.025935999552408853 0.01730833053588867
40 0.6011301676432291 0.26942076683044436 0.026575215657552085 0.016590023040771486
