12 0.6809050242106119 0.28269152641296386 0.05614814758300781 0.07288608551025391
51 0.17915852864583334 0.675059700012207 0.07153526941935222 0.06575088500976563
6 0.6306603749593099 0.14131510257720947 0.06711476643880208 0.07166261672973633
48 0.454559326171875 0.6828239440917969 0.09826202392578125 0.07180557250976563
10 0.572381591796875 0.1433722496032715 0.05041707356770833 0.06464710235595703
13 0.6256953557332356 0.2826127529144287 0.0548675537109375 0.07208814620971679
2 0.6973924001057943 0.1428837776184082 0.06893056233723958 0.07244925498962403
9 0.8680360158284505 0.14797371625900269 0.09722824096679687 0.0679896593093872
54 0.34102706909179686 0.6803350448608398 0.10019671122233073 0.06838054656982422
46 0.2505760669708252 0.6777981758117676 0.0789356549580892 0.06574840545654297
53 0.12035228411356608 0.6734031677246094 0.04988571802775065 0.06498203277587891
23 0.8503982543945312 0.4143284797668457 0.050820414225260416 0.0623046875
21 0.7317874908447266 0.4131017565727234 0.04693285624186198 0.06036875247955322
21 0.7684000651041667 0.41430169343948364 0.04625231424967448 0.05921323299407959
22 0.480299441019694 0.2852283000946045 0.08020947774251302 0.06713633537292481
23 0.8049938837687175 0.41409101486206057 0.05359446207682292 0.05938405990600586
30 0.7159470876057943 0.7095479011535645 0.06831690470377604 0.03276538848876953
27 0.6898191452026368 0.41276164054870607 0.04355138142903646 0.06057662963867187
3 0.7751845041910808 0.14701832532882692 0.08835601806640625 0.06843371391296386
47 0.5437157313028972 0.8488601684570313 0.04838485717773437 0.04986114501953125
0 0.5601344426472982 0.2860663890838623 0.07896308898925782 0.06406955718994141
37 0.02267112930615743 0.7433683395385742 0.04522095123926798 0.04751167297363281
