9 0.3225547790527344 0.7262328147888184 0.04118677775065104 0.037635517120361325
17 0.4043033281962077 0.7615482330322265 0.03226807912190755 0.027846336364746094
17 0.43692455291748045 0.7610961437225342 0.031251144409179685 0.027953147888183594
29 0.7549486796061198 0.8342123031616211 0.04261856079101563 0.033478164672851564
9 0.36415462493896483 0.7261492729187011 0.041532135009765624 0.037011337280273435
17 0.4019779205322266 0.722049331665039 0.031888326009114586 0.03484210968017578
28 0.8219931920369467 0.9049720764160156 0.0485687255859375 0.033045196533203126
17 0.43390445709228515 0.7222633361816406 0.031212997436523438 0.034714889526367185
6 0.3200561841328939 0.6560982227325439 0.03496386210123698 0.029250335693359376
47 0.12230612436930338 0.7232961654663086 0.04173609415690104 0.03755054473876953
31 0.6670323053995768 0.8938085556030273 0.04914143880208333 0.0346221923828125
10 0.2826625506083171 0.6567393779754639 0.035189374287923174 0.031267833709716794
10 0.24111417134602864 0.6167549133300781 0.035192012786865234 0.035816001892089847
2 0.42090705235799153 0.6144534111022949 0.03398412068684896 0.034836769104003906
31 0.7095845540364584 0.861369514465332 0.04782320658365886 0.0330413818359375
47 0.20254966417948406 0.7218298435211181 0.037639554341634116 0.03533182144165039
2 0.38636767069498695 0.6143034934997559 0.03499768575032552 0.035239219665527344
6 0.3473069190979004 0.6138079643249512 0.03597863515218099 0.03651885986328125
28 0.8106719334920247 0.8704103469848633 0.05096346537272135 0.03545875549316406
6 0.35470625559488933 0.655823040008545 0.03340492248535156 0.029211997985839844
0 0.5667873382568359 0.2691809177398682 0.05714963277180989 0.02105865478515625
28 0.8007404327392578 0.8352832794189453 0.045980072021484374 0.03305816650390625
10 0.24776236216227213 0.6574036598205566 0.03394044240315755 0.03177633285522461
29 0.7647774378458659 0.869624137878418 0.04215723673502604 0.036347389221191406
7 0.2848341623942057 0.7653368949890137 0.039164034525553386 0.024778366088867188
9 0.3263148625691732 0.7643820762634277 0.04015630086263021 0.023714828491210937
47 0.16396490732828775 0.7224674224853516 0.0403357187906901 0.03626327514648438
1 0.507083797454834 0.29014315605163576 0.05630474090576172 0.025563621520996095
9 0.3666971206665039 0.7642930030822754 0.0387179692586263 0.02396240234375
6 0.31101535161336263 0.6147770881652832 0.03579565684000651 0.03642349243164063
7 0.28250057697296144 0.7256847858428955 0.03804806073506673 0.03660907745361328
12 0.5232408523559571 0.1702930212020874 0.030808385213216147 0.030783414840698242
2 0.39000701904296875 0.6557428359985351 0.03366241455078125 0.029572296142578124
10 0.2754502296447754 0.6161617279052735 0.03396008809407552 0.03670501708984375
2 0.4243363380432129 0.6554237365722656 0.03410422007242839 0.02973594665527344
1 0.5083495140075683 0.2637340068817139 0.054320971171061196 0.024329090118408205
4 0.15742959976196289 0.8737637519836425 0.07548878987630209 0.09646034240722656
31 0.6575518290201823 0.835198974609375 0.04318695068359375 0.03417472839355469
31 0.7166556040445964 0.8958045959472656 0.04853248596191406 0.0361663818359375
31 0.7033508936564128 0.8318014144897461 0.04694010416666667 0.027508926391601563
29 0.7721388498942058 0.9033799171447754 0.04844334920247396 0.03065910339355469
4 0.23432405789693198 0.8851025581359864 0.08491519292195639 0.06841182708740234
12 0.5553595860799153 0.16974666118621826 0.03240890502929687 0.03154842853546143
1 0.5660503387451172 0.29127423763275145 0.05638834635416667 0.0219851016998291
31 0.6626180013020834 0.8653623580932617 0.042546590169270836 0.026788330078125
13 0.5888069788614909 0.16814725399017333 0.033014806111653645 0.03155326843261719
23 0.5344778855641683 0.39253034591674807 0.05437949498494466 0.009131193161010742
23 0.5345456441243489 0.37786915302276614 0.05366363525390625 0.010171890258789062
4 0.23687559763590496 0.8288625717163086 0.07812538146972656 0.04262809753417969
