16 0.6517868041992188 0.16034979820251466 0.037264506022135414 0.03245787620544434
6 0.619204584757487 0.243741774559021 0.0387603759765625 0.031941699981689456
6 0.6180981953938802 0.290223217010498 0.03674532572428386 0.03135128021240234
29 0.5351888020833333 0.8867335319519043 0.04663976033528646 0.033892059326171876
16 0.6133813222249349 0.15995633602142334 0.03837801615397136 0.03278021812438965
28 0.2791121085484823 0.8862529754638672 0.04449146588643392 0.030040740966796875
6 0.6559901555379232 0.29066052436828616 0.03734041849772136 0.03128738403320312
9 0.5661333084106446 0.1712029218673706 0.04832445780436198 0.04407267570495606
29 0.4861361821492513 0.8877111434936523 0.04748751322428386 0.03343009948730469
28 0.38803691864013673 0.8530906677246094 0.04335301717122396 0.030230140686035155
28 0.327557373046875 0.8864492416381836 0.046927261352539065 0.03173980712890625
29 0.5309296290079752 0.8539119720458984 0.045997365315755205 0.031237030029296876
10 0.5057046254475911 0.29044189453125 0.03678805033365885 0.03141660690307617
16 0.6123321533203125 0.11246942281723023 0.03623835245768229 0.03353679180145264
9 0.562497075398763 0.12623922824859618 0.04756660461425781 0.04797525405883789
30 0.17429534594217935 0.8880673408508301 0.04541861216227214 0.03058490753173828
30 0.22417254447937013 0.8887582778930664 0.04624458948771159 0.030463027954101562
31 0.4325218200683594 0.8862009048461914 0.04831409454345703 0.03335418701171875
29 0.48558470408121746 0.9203483581542968 0.04870592753092448 0.03150386810302734
29 0.4837109883626302 0.8547878265380859 0.04478136698404948 0.031195449829101562
7 0.5181534449259441 0.17148547172546386 0.04463946024576823 0.04398126602172851
2 0.4524756113688151 0.6114678382873535 0.034647432963053386 0.03429403305053711
10 0.5047730445861817 0.24531214237213134 0.03685919443766276 0.03302922248840332
31 0.4341562271118164 0.8535020828247071 0.045418039957682295 0.03130645751953125
28 0.33457056681315106 0.854390811920166 0.043756993611653645 0.030686378479003906
30 0.21243683497111002 0.9197641372680664 0.04768800735473633 0.029481124877929688
6 0.6581499735514323 0.24467778205871582 0.037383778889973955 0.031762886047363284
25 0.5870970408121745 0.3728463172912598 0.029146957397460937 0.037475967407226564
10 0.5796062469482421 0.2905482053756714 0.0367919921875 0.031164026260375975
16 0.6511041005452474 0.11203474998474121 0.038111368815104164 0.033158278465270995
31 0.3791098912556966 0.9185609817504883 0.04713490804036458 0.030115890502929687
7 0.514494800567627 0.12759146690368653 0.04718914031982422 0.04456186294555664
10 0.5425606409708659 0.29074556827545167 0.03561731974283854 0.030800867080688476
0 0.595966084798177 0.518834400177002 0.05281194051106771 0.017192840576171875
2 0.4870184898376465 0.6117997646331788 0.033953221638997395 0.03406305313110351
10 0.5422559102376302 0.24507684707641603 0.0364654541015625 0.03287138938903809
17 0.6903384526570638 0.16099069118499756 0.03712336222330729 0.03153872489929199
12 0.5569911956787109 0.4164297103881836 0.02740478515625 0.03910646438598633
30 0.16070141792297363 0.9199333190917969 0.04823783238728841 0.02951393127441406
25 0.6170427958170573 0.3719120979309082 0.029988861083984374 0.0360407829284668
28 0.28830890655517577 0.8545986175537109 0.043964576721191403 0.030156326293945313
3 0.5340431849161784 0.6585996150970459 0.04266789754231771 0.03519992828369141
3 0.5803454081217448 0.6209826469421387 0.044797261555989586 0.04425945281982422
10 0.5797323862711589 0.24501380920410157 0.036879475911458334 0.032763195037841794
28 0.270690123240153 0.9185516357421875 0.04804223378499349 0.030298805236816405
30 0.18787342707316082 0.855892562866211 0.04474938710530599 0.029666900634765625
30 0.23526620864868164 0.8574636459350586 0.044414520263671875 0.029354095458984375
12 0.5569363276163737 0.37439043521881105 0.028902180989583335 0.03987836837768555
31 0.42902921040852865 0.9190668106079102 0.049864705403645834 0.031505584716796875
12 0.5277721722920735 0.4094832420349121 0.02936267852783203 0.026189708709716798
29 0.5360568841298421 0.9196731567382812 0.04852170944213867 0.03183422088623047
3 0.5787270863850912 0.6590426445007325 0.043036397298177084 0.03493919372558594
2 0.4588056246439616 0.6520698070526123 0.03483416239420573 0.027819347381591798
3 0.5369211991628011 0.6195621490478516 0.0401860237121582 0.04259634017944336
25 0.6469502766927083 0.3714229345321655 0.0299041748046875 0.03416118621826172
25 0.5867361704508464 0.4157077789306641 0.027448527018229165 0.03672342300415039
28 0.3212118148803711 0.9195713043212891 0.048642603556315105 0.030995559692382813
13 0.4976234436035156 0.4103694438934326 0.030318832397460936 0.026563644409179688
1 0.48933436075846354 0.5048945426940918 0.04939435323079427 0.015437126159667969
11 0.39121907552083335 0.6324665069580078 0.08022206624348958 0.08751201629638672
31 0.382272211710612 0.8859115600585937 0.04672037760416667 0.033562850952148435
0 0.6492815653483073 0.518380880355835 0.05129852294921875 0.016564273834228517
22 0.4371925989786784 0.506397819519043 0.04891268412272135 0.014906501770019532
2 0.4931351979573568 0.6523069381713867 0.034714762369791666 0.027846336364746094
25 0.6152699788411459 0.4152841567993164 0.028374481201171874 0.035737037658691406
1 0.5421967665354411 0.519972848892212 0.05151573816935221 0.016704750061035157
1 0.4887837409973145 0.5204441547393799 0.04970111846923828 0.015243721008300782
13 0.4973570187886556 0.3678715705871582 0.030057525634765624 0.02754526138305664
0 0.5926150004069011 0.5037984848022461 0.05139490763346354 0.012858390808105469
0 0.6942831675211588 0.5026856422424316 0.04944890340169271 0.013206100463867188
12 0.5274439493815104 0.36743242740631105 0.029425811767578126 0.027205896377563477
0 0.7013509114583333 0.5182412147521973 0.050933837890625 0.016354751586914063
16 0.7322892506917318 0.11385035216808319 0.03688532511393229 0.034031730890274045
17 0.6927560806274414 0.11368272304534913 0.03862215677897136 0.03299643993377686
0 0.6439584096272787 0.5026697158813477 0.049490102132161456 0.013816928863525391
17 0.7281298319498698 0.16198627948760985 0.037750244140625 0.031208133697509764
0 0.6408856709798177 0.4888455390930176 0.05032145182291667 0.013709449768066406
1 0.539770778020223 0.5040070533752441 0.04916048049926758 0.015576362609863281
22 0.43495378494262693 0.5218738555908203 0.04711971282958984 0.017303276062011718
