43 0.719033686319987 0.38195664882659913 0.08687693277994792 0.033085060119628903
35 0.42351112365722654 0.3845324993133545 0.020410728454589844 0.039127159118652347
51 0.11352593104044596 0.4773984432220459 0.036325867970784506 0.037625789642333984
44 0.5670469284057618 0.3868416309356689 0.05331268310546875 0.036502742767333986
53 0.1498168150583903 0.48122873306274416 0.03677221934000651 0.033677101135253906
38 0.631602668762207 0.3974808692932129 0.07709833780924479 0.015728855133056642
35 0.4484551747639974 0.3850547790527344 0.02687689463297526 0.039171028137207034
39 0.5156623204549153 0.3875771999359131 0.0480798085530599 0.03525600433349609
46 0.18672038714090983 0.48151559829711915 0.03624887466430664 0.0372955322265625
34 0.8135833740234375 0.38487539291381834 0.08605194091796875 0.03282766342163086
57 0.6047943115234375 0.6056728363037109 0.10560150146484375 0.056639671325683594
