10 0.7663736343383789 0.3881506443023682 0.05865275065104167 0.07558259963989258
58 0.5153196970621745 0.5758662223815918 0.16105372111002605 0.038257408142089847
23 0.8465827306111654 0.5975210666656494 0.04105949401855469 0.07424125671386719
25 0.5087603251139323 0.25813190937042235 0.06918258666992187 0.08351140022277832
25 0.574087651570638 0.26090660095214846 0.06417363484700521 0.08205590248107911
10 0.7087869008382162 0.3929002046585083 0.055787277221679685 0.07637677192687989
25 0.4227731704711914 0.2577950477600098 0.10195973714192709 0.0911102294921875
20 0.7431002298990885 0.26288394927978515 0.052656300862630206 0.07275228500366211
38 0.4651206334431966 0.6793463706970215 0.07142982482910157 0.08038082122802734
2 0.822622807820638 0.3825944423675537 0.05618642171223958 0.06956796646118164
13 0.6557297388712565 0.39848761558532714 0.052505874633789064 0.07836894989013672
27 0.8804644266764323 0.3918969392776489 0.04286600748697917 0.08096585273742676
12 0.5335571924845378 0.4097397804260254 0.06296501159667969 0.09095745086669922
20 0.6906163533528645 0.25780229568481444 0.055006790161132815 0.06784172058105468
44 0.7634668986002604 0.6101712703704834 0.10398457845052084 0.07702121734619141
24 0.8583764394124349 0.27303893566131593 0.041312154134114584 0.08644781112670899
13 0.5974295298258464 0.40573945045471194 0.061384328206380206 0.08681259155273438
25 0.634479268391927 0.2619116544723511 0.06003926595052083 0.08023524284362793
23 0.8653476715087891 0.4953258514404297 0.035427093505859375 0.07449550628662109
20 0.7909904479980469 0.26442885398864746 0.049035898844401044 0.07093744277954102
61 0.6632936477661133 0.550015640258789 0.13342870076497396 0.03720664978027344
38 0.670599365234375 0.6331194877624512 0.07653884887695313 0.06954269409179688
55 0.7837374369303386 0.5240076541900635 0.12825088500976561 0.028961372375488282
38 0.9702994028727213 0.9453741073608398 0.046185302734375 0.042480087280273436
58 0.4799441655476888 0.5261887073516845 0.1048266092936198 0.02030601501464844
58 0.5721270243326823 0.5197923183441162 0.08440259297688803 0.021639537811279298
58 0.620115089416504 0.5256608963012696 0.1135339101155599 0.024648666381835938
39 0.573296594619751 0.6567217350006104 0.14021024703979493 0.08915624618530274
