13 0.7718353032318402 0.757686375574088 0.02064906392351587 0.033639373140853815
10 0.20147428243511523 0.2253680129430284 0.02344341935782597 0.04312036426496306
43 0.4100330914823239 0.4876988782044734 0.02530612766182161 0.06668560075959401
51 0.14254147281467355 0.7165791020732545 0.04271310549170993 0.073149996322568
43 0.18226703655757126 0.35122956790684656 0.025809619867689558 0.04267733266662853
38 0.3840648686997943 0.4882287540196375 0.025281230484056623 0.06398607198164553
17 0.883599212550818 0.7204922153361173 0.02927783738856779 0.05724580517373823
23 0.2646293400970746 0.22482190471313987 0.01760101318359375 0.04272392304871372
9 0.16023796105459567 0.15631125063078175 0.032568928590015186 0.04293349198217671
39 0.34853766031773487 0.48788385111916516 0.045449259886547314 0.06500901736973719
10 0.17753099423590873 0.22491463856717034 0.024244840615969092 0.04118971246056976
10 0.793989916953921 0.7602580561298705 0.024207183933557013 0.030258625621077406
17 0.8551437712762049 0.7190786066414422 0.027533934781543888 0.05962279251928609
3 0.22007006462838583 0.15639540540623365 0.026821961597215418 0.042845722022914486
12 0.7691794368540605 0.7090286510260035 0.02396165614591497 0.05545969687745162
38 0.15513730422830133 0.35040902492890297 0.02881863872085619 0.036930164033897754
9 0.12822086011354453 0.15460219443093784 0.03094482421875 0.03705603308258695
39 0.6508283226467599 0.35571110298444036 0.053778430137514696 0.07536801134692077
12 0.24331611226718627 0.15100716147961477 0.01907121425138372 0.034772433995202995
29 0.49749076628012345 0.8412923134520462 0.03430596713362069 0.032705522481367676
28 0.4606782680021184 0.8402625686453975 0.03723158881208366 0.029107257412068516
9 0.8221164332661883 0.7625181445516802 0.031280517578125 0.02761444985617155
3 0.8243567965994808 0.7199364187328386 0.03331849866526254 0.060293285417756276
44 0.2598680358695386 0.3510174292400791 0.04026383068120592 0.040143320251209466
17 0.878983452776009 0.7624062893280923 0.0263381049177116 0.029648018681354603
31 0.5335936112837358 0.8434099333056845 0.035566132644127155 0.028356512221332373
39 0.21660683969718908 0.35117794978568745 0.043025898709192545 0.04294292497834401
48 0.0657483806430733 0.7153656452769515 0.04900872221561061 0.06938886442942599
24 0.23389103569580844 0.22443814457211037 0.01570834934150911 0.03923404964941815
2 0.15267140140354074 0.2269280086501373 0.024470469794676968 0.04619189785115389
23 0.24858163815680717 0.2238363641076507 0.015835681305409972 0.038257806370946654
2 0.7940777386991208 0.7168269456679851 0.026942285998114223 0.059662375988820605
54 0.021085278736135474 0.7141774069814004 0.04214575598133161 0.07407931403634938
2 0.12818507490486936 0.22321490363595875 0.02423266706795528 0.0391733017925438
3 0.19150265182447285 0.1542688912427575 0.03054102834862975 0.0417812858166555
17 0.8520837383210472 0.7627490055610944 0.02625994547781152 0.029301088724176257
12 0.26344941477043127 0.15135645766637315 0.02069299871271307 0.03652654831379527
46 0.1054296672904753 0.7159073961329759 0.03763774644618498 0.07206962298149842
58 0.25047084605058534 0.2949883050000817 0.05352778419805545 0.014704237423182531
60 0.1968893332167479 0.2902720463325788 0.04591692502969485 0.017317608310587734
27 0.21971737852664577 0.22588564661257438 0.014737550741452781 0.04231771365369214
