38 0.6062945683797201 0.5314560890197754 0.07800369262695313 0.024380302429199217
43 0.5175188064575196 0.5303455829620362 0.07702420552571615 0.022936153411865234
40 0.17793997128804526 0.382581901550293 0.021309407552083333 0.05272350311279297
45 0.2548959732055664 0.42860779762268064 0.022388807932535806 0.07391729354858398
45 0.2774942954381307 0.4278640866279602 0.021941391626993816 0.07473962306976319
45 0.23014459609985352 0.4305266499519348 0.022583738962809245 0.06944596767425537
40 0.1548109213511149 0.3817854404449463 0.021048291524251302 0.05214691162109375
40 0.15424445470174153 0.43707003593444826 0.021577962239583335 0.05443277359008789
40 0.20426534016927084 0.38214740753173826 0.023179340362548827 0.051901721954345705
58 0.46288108825683594 0.3851626873016357 0.07315470377604166 0.01674361228942871
39 0.38137709299723305 0.5900723457336425 0.04073282877604167 0.042550849914550784
40 0.177624781926473 0.437703800201416 0.019493770599365235 0.05390167236328125
40 0.20193990071614584 0.4369687080383301 0.022440687815348307 0.05564947128295898
58 0.46212565104166664 0.3711328268051147 0.07741190592447916 0.013456583023071289
39 0.44996124903361 0.5891441822052002 0.03995437622070312 0.04280538558959961
38 0.6119119008382161 0.5519647598266602 0.06362851460774739 0.014815902709960938
