9 0.1611882209777832 0.3468006134033203 0.053577550252278644 0.05003089904785156
6 0.3273089090983073 0.3855452060699463 0.036294047037760416 0.0413238525390625
17 0.5931991577148438 0.3837080955505371 0.0396484375 0.04153223037719726
9 0.20937744776407877 0.34715776443481444 0.04571940104166667 0.0498772144317627
31 0.6423225402832031 0.38105556964874265 0.05365346272786458 0.040381765365600585
28 0.6987631479899089 0.37837378978729247 0.05373827616373698 0.04305529594421387
9 0.1723056475321452 0.3900302410125732 0.050338363647460936 0.03916463851928711
10 0.46598409016927084 0.3391646146774292 0.037960179646809894 0.04787182807922363
17 0.6020971934000651 0.338924503326416 0.03956871032714844 0.04855165481567383
10 0.5645236968994141 0.3378037929534912 0.03542734781901042 0.047306156158447264
6 0.317575200398763 0.3403626918792725 0.03788299560546875 0.05144157409667969
10 0.46364622116088866 0.38368682861328124 0.03613115946451823 0.04274930953979492
10 0.5525825500488282 0.3827373027801514 0.03443222045898438 0.04206533432006836
2 0.37328354517618817 0.33973054885864257 0.037569554646809895 0.04665813446044922
10 0.5059190114339193 0.3830965280532837 0.033968544006347655 0.0415708065032959
10 0.5128142356872558 0.3385533571243286 0.03703447977701823 0.04721169471740723
10 0.42065566380818686 0.3392007350921631 0.03691539764404297 0.047992372512817384
9 0.2181393305460612 0.3905320167541504 0.043491554260253903 0.03743419647216797
29 0.7537768046061198 0.3787100315093994 0.05337804158528646 0.042801856994628906
2 0.3744498252868652 0.38437461853027344 0.037568283081054685 0.04302082061767578
10 0.4198145548502604 0.3839900016784668 0.036812909444173175 0.04237146377563476
13 0.25519609451293945 0.3820998191833496 0.030393600463867188 0.025021934509277345
12 0.28084932963053383 0.34362454414367677 0.03417924245198568 0.04850988388061524
12 0.28653593063354493 0.38147854804992676 0.03146902720133463 0.024855899810791015
13 0.2479700247446696 0.3441912651062012 0.03321075439453125 0.048838043212890626
