43 0.2608564217885335 0.422594690322876 0.06536188125610351 0.029621601104736328
31 0.6298766454060872 0.3813082456588745 0.05646158854166667 0.04424586296081543
44 0.3970547993977865 0.43222341537475584 0.056655629475911455 0.05986175537109375
10 0.503508981068929 0.3235858201980591 0.04031594594319662 0.05031089782714844
17 0.5875024795532227 0.3313116550445557 0.042283248901367185 0.051090240478515625
17 0.5824232737223307 0.37699155807495116 0.038057835896809895 0.04274406433105469
10 0.5432747522989909 0.37260634899139405 0.03851941426595052 0.04205718040466309
28 0.756869125366211 0.39478092193603515 0.06425946553548177 0.050160694122314456
10 0.5469131469726562 0.3273418426513672 0.03953539530436198 0.050141525268554685
38 0.3319014231363932 0.4353456974029541 0.07225227355957031 0.029621315002441407
2 0.38095423380533855 0.35348966121673586 0.026311620076497396 0.03987927436828613
12 0.3081242879231771 0.30729498863220217 0.0265045166015625 0.042639541625976565
29 0.691482671101888 0.3889753818511963 0.05933837890625 0.045662879943847656
6 0.3480098088582357 0.35055296421051024 0.026624679565429688 0.03689684867858887
9 0.22416531244913737 0.30406875610351564 0.03622783025105794 0.04278054237365723
12 0.31762269337972004 0.34785799980163573 0.02901293436686198 0.035545730590820314
13 0.2913828214009603 0.3461475849151611 0.022599474589029948 0.03379950523376465
39 0.4564301172892253 0.436094856262207 0.061089579264322916 0.05820417404174805
10 0.45888519287109375 0.31791415214538576 0.03103802998860677 0.04619779586791992
9 0.2357016881306966 0.3419642925262451 0.036650689442952473 0.03395347595214844
10 0.4213720957438151 0.3572465658187866 0.02901592254638672 0.04207067489624024
6 0.3370344161987305 0.3082888126373291 0.030864588419596353 0.0461883544921875
10 0.4973525365193685 0.3680201292037964 0.033200836181640624 0.041971445083618164
10 0.45878702799479165 0.36296958923339845 0.029697418212890625 0.043702220916748045
13 0.2830252011617025 0.3071903705596924 0.02531744639078776 0.04239320755004883
10 0.4202349344889323 0.31415677070617676 0.026916376749674478 0.04501190185546875
9 0.25591344833374025 0.3063181400299072 0.030407842000325522 0.04203252792358399
55 0.7121184666951498 0.4850717544555664 0.10894915262858072 0.02716693878173828
2 0.3804011027018229 0.30963084697723386 0.02853991190592448 0.046981000900268556
58 0.5994046529134115 0.48628621101379393 0.07731781005859376 0.021017742156982423
58 0.6044451395670573 0.4688230514526367 0.08265889485677083 0.02246551513671875
