29 0.7085728327433268 0.6834800720214844 0.04150835673014323 0.02046794891357422
6 0.5678259531656901 0.49833984375 0.030656941731770835 0.02628326416015625
16 0.8017642974853516 0.5666888236999512 0.029190572102864583 0.02972126007080078
16 0.7091923395792643 0.6019722938537597 0.03104082743326823 0.02740192413330078
3 0.49336872100830076 0.5680865287780762 0.0377508799235026 0.026291084289550782
16 0.7065415700276693 0.565252685546875 0.030322519938151042 0.029246711730957033
16 0.8323644002278646 0.5663974285125732 0.03068695068359375 0.02926015853881836
6 0.5966011047363281 0.4610746383666992 0.031649271647135414 0.029587745666503906
9 0.26002852121988934 0.6061698913574218 0.03868853251139323 0.024755096435546874
9 0.2612683455149333 0.5754959106445312 0.03704957962036133 0.0360504150390625
16 0.7711203257242839 0.5668188095092773 0.030958938598632812 0.029732131958007814
17 0.8826025644938151 0.4983680725097656 0.03241017659505208 0.028193092346191405
7 0.34080702463785806 0.5683627605438233 0.037568155924479166 0.026144123077392577
29 0.7520603815714518 0.6830474853515625 0.042949676513671875 0.022367286682128906
6 0.537294578552246 0.4979820251464844 0.029692713419596353 0.02637786865234375
16 0.7375567118326823 0.5654812812805176 0.030835978190104165 0.029281997680664064
16 0.6770366668701172 0.564427375793457 0.02694676717122396 0.029173851013183594
6 0.5654984792073567 0.46127495765686033 0.029931131998697916 0.02864351272583008
3 0.4555290857950846 0.5676899909973144 0.037432289123535155 0.026900100708007812
6 0.5989477793375652 0.4979428291320801 0.03055292765299479 0.025855255126953126
3 0.45608612696329753 0.6028859615325928 0.03824774424235026 0.024674129486083985
7 0.4146505991617839 0.5680513381958008 0.039170455932617185 0.028251075744628908
17 0.8843132019042969 0.4614983558654785 0.032402292887369795 0.027832412719726564
17 0.8525957743326823 0.4614237308502197 0.029873148600260416 0.02767019271850586
17 0.8214364369710286 0.46150732040405273 0.030747222900390624 0.028159141540527344
17 0.8201033274332682 0.49779343605041504 0.030454508463541665 0.027610301971435547
9 0.300268300374349 0.5753688335418701 0.04040095011393229 0.03557767868041992
17 0.8507072448730468 0.49812841415405273 0.030038070678710938 0.028207015991210938
12 0.6521152496337891 0.5997544288635254 0.025091552734375 0.022711467742919923
10 0.2951878865559896 0.5036330699920655 0.02562853495279948 0.03849248886108399
10 0.38896109263102213 0.46154632568359377 0.03114293416341146 0.037323951721191406
29 0.8007280985514323 0.6837177276611328 0.04108632405598958 0.022011184692382814
17 0.9190212885538737 0.4980015754699707 0.03335011800130208 0.02734794616699219
6 0.5347503662109375 0.46123476028442384 0.030077616373697918 0.028439712524414063
16 0.7733677546183269 0.6025205612182617 0.03115870157877604 0.02605724334716797
29 0.615206782023112 0.6837735652923584 0.04182866414388021 0.02109842300415039
10 0.4670677820841471 0.4610858917236328 0.028873316446940103 0.03780355453491211
17 0.9515886942545573 0.4984869956970215 0.031097412109375 0.027325248718261717
10 0.33369401295979817 0.5036645889282226 0.03171323140462239 0.038116836547851564
7 0.37750231424967445 0.5681399345397949 0.0357269287109375 0.027272796630859374
7 0.37783514658610023 0.6033334255218505 0.03658459981282552 0.02506389617919922
7 0.41608947118123374 0.6029778480529785 0.0377017339070638 0.02497577667236328
10 0.2614054044087728 0.5039965629577636 0.027398109436035156 0.03766078948974609
0 0.45534321467081706 0.38498945236206056 0.04833081563313802 0.015718555450439452
9 0.29931341807047523 0.6059136867523194 0.03861707051595052 0.024138259887695312
17 0.922608757019043 0.4614847183227539 0.03344713846842448 0.02815237045288086
10 0.31518948872884117 0.46152338981628416 0.03229967753092448 0.03602142333984375
10 0.3530816396077474 0.4620038986206055 0.028036753336588543 0.0367828369140625
10 0.42608890533447263 0.46115837097167967 0.027898279825846355 0.03822546005249024
16 0.740776252746582 0.6019975662231445 0.030986531575520834 0.027156829833984375
10 0.4741961161295573 0.5026405334472657 0.02871246337890625 0.03641595840454102
29 0.8427461624145508 0.6842077255249024 0.04279136657714844 0.022188758850097655
16 0.8041970570882161 0.6025946140289307 0.02948150634765625 0.02556467056274414
10 0.4030517578125 0.5029849052429199 0.028186225891113283 0.037755393981933595
7 0.34073572158813475 0.6032289505004883 0.037596511840820315 0.026018619537353516
2 0.7888940175374349 0.4614208221435547 0.03158556620279948 0.03803443908691406
22 0.8776853561401368 0.5832003593444824 0.04003334045410156 0.02718486785888672
10 0.5039311091105143 0.46068515777587893 0.029279136657714845 0.03629322052001953
12 0.6267114003499349 0.5994121551513671 0.024284871419270833 0.022651100158691408
2 0.7097203572591145 0.5022604942321778 0.03188196818033854 0.03612728118896484
26 0.2123548984527588 0.7883914947509766 0.0662824312845866 0.07192916870117187
10 0.27624696095784507 0.4616405487060547 0.030313682556152344 0.0375091552734375
2 0.6741957982381185 0.501979923248291 0.029840977986653645 0.036080455780029295
10 0.3694857915242513 0.503175163269043 0.024941062927246092 0.03729934692382812
12 0.6015547434488933 0.5993677139282226 0.0250946044921875 0.022140312194824218
2 0.7890520731608073 0.5029184341430664 0.03018035888671875 0.037348175048828126
3 0.4914550463358561 0.6029735565185547 0.031996663411458334 0.02379751205444336
10 0.4389553705851237 0.5028154373168945 0.029052098592122395 0.03754730224609375
2 0.7480776468912761 0.5025049209594726 0.03134028116861979 0.036910629272460936
2 0.6401864369710286 0.46194210052490237 0.028852335611979165 0.037124252319335936
2 0.7146016438802083 0.46134052276611326 0.032094319661458336 0.038675689697265626
2 0.6767726898193359 0.4614877700805664 0.03203595479329427 0.03826847076416016
26 0.1358980337778727 0.7888788700103759 0.07791045506795248 0.0681340217590332
29 0.6187736511230468 0.702234411239624 0.041357930501302084 0.01583099365234375
29 0.7146707534790039 0.7014437675476074 0.04140917460123698 0.015142059326171875
28 0.8941933949788411 0.6850987434387207 0.042566172281901044 0.022235012054443358
17 0.9559205373128256 0.4615791320800781 0.03213043212890625 0.028531455993652345
29 0.7556203206380209 0.7024783134460449 0.03682022094726563 0.016991043090820314
29 0.7003955841064453 0.6630080699920654 0.04054819742838542 0.02059345245361328
31 0.6544668197631835 0.6631131172180176 0.04228528340657552 0.021929550170898437
5 0.23385076522827147 0.39673795700073244 0.06288560231526692 0.024347591400146484
22 0.9158860524495442 0.5863028526306152 0.03564580281575521 0.03052978515625
2 0.7527182261149089 0.46151933670043943 0.02872912089029948 0.03804445266723633
29 0.8503029505411784 0.7033099174499512 0.03710009256998698 0.016740798950195312
16 0.8353469848632813 0.602506685256958 0.03152949015299479 0.0257415771484375
2 0.6383246739705404 0.5014029502868652 0.027969868977864583 0.03608245849609375
11 0.012593336900075277 0.9002210617065429 0.025186673800150553 0.08545799255371093
13 0.574938710530599 0.60296630859375 0.02436065673828125 0.0291656494140625
5 0.30089308420817057 0.3965749740600586 0.06163953145345052 0.024063873291015624
29 0.661469841003418 0.7022879123687744 0.038222249348958334 0.016489791870117187
10 0.5080633799235026 0.502011775970459 0.02604020436604818 0.035569190979003906
4 0.062482035160064696 0.8987547874450683 0.07382689317067465 0.08592185974121094
12 0.6256067911783855 0.5641268730163574 0.02400690714518229 0.0252960205078125
12 0.6008599599202474 0.5649044036865234 0.024052174886067708 0.027335071563720705
12 0.6497536977132161 0.564886474609375 0.023922220865885416 0.026018333435058594
13 0.5756095886230469 0.5649974822998047 0.02398846944173177 0.025953960418701173
13 0.5394304911295573 0.5640708923339843 0.023815409342447916 0.024436378479003908
29 0.6588755289713542 0.6841315269470215 0.04304453531901042 0.020452880859375
1 0.3578592300415039 0.3849943161010742 0.04568430582682292 0.01527400016784668
16 0.6795032501220704 0.6014264106750489 0.027881113688151042 0.027043914794921874
1 0.40581836700439455 0.3845865488052368 0.04692624409993489 0.014773321151733399
0 0.4957940419514974 0.38463616371154785 0.031221516927083335 0.015822553634643556
29 0.8081796010335286 0.7016653060913086 0.035276031494140624 0.014281272888183594
5 0.31171722412109376 0.3728361129760742 0.05780779520670573 0.018010902404785156
