57 0.40687421162923176 0.8908795356750489 0.16003367106119792 0.09263038635253906
58 0.2964154879252116 0.4712548732757568 0.06839790344238281 0.016379165649414062
43 0.11180097460746766 0.7521358489990234 0.09736178318659465 0.03398609161376953
45 0.8947564442952474 0.9086029052734375 0.026152547200520834 0.0542999267578125
40 0.9550537745157878 0.9185037612915039 0.027111180623372397 0.05716724395751953
61 0.5329805056254069 0.4653324604034424 0.09303913116455079 0.018676090240478515
61 0.5318666140238444 0.4284989356994629 0.09618422190348307 0.018925285339355467
40 0.9840592702229818 0.9187935829162598 0.02798309326171875 0.055759620666503903
58 0.29339564641316734 0.4555835723876953 0.08042589823404948 0.017210769653320312
45 0.8426869710286459 0.9065110206604003 0.02924346923828125 0.05993366241455078
45 0.8701136271158855 0.9072507858276367 0.025456746419270832 0.05752544403076172
61 0.5327182133992513 0.44666280746459963 0.09672775268554687 0.01887168884277344
55 0.41442572275797523 0.4552433967590332 0.10889790852864584 0.021033287048339844
55 0.41572481791178384 0.4734957695007324 0.09961204528808594 0.017921257019042968
45 0.810107421875 0.9043166160583496 0.029277547200520834 0.061488914489746097
40 0.9260604858398438 0.9184913635253906 0.029426701863606772 0.05666046142578125
61 0.5326402664184571 0.48700428009033203 0.08989308675130209 0.019959068298339842
43 0.11884140968322754 0.7263017654418945 0.10117336908976236 0.02383136749267578
43 0.02735562324523926 0.7524003028869629 0.05461443265279134 0.051147842407226564
55 0.41333211263020836 0.49161205291748045 0.0944024403889974 0.0192596435546875
