6 0.6245108286539713 0.5095630645751953 0.03144149780273438 0.036940383911132815
10 0.37078688939412435 0.5091552257537841 0.030617332458496092 0.03630876541137695
10 0.33973604838053384 0.5091367721557617 0.03032709757486979 0.03639383316040039
10 0.4018365224202474 0.5094203948974609 0.03010272979736328 0.036644363403320314
6 0.6494517008463542 0.4521210193634033 0.031032562255859375 0.03471803665161133
10 0.4324118932088216 0.5094333171844483 0.03022486368815104 0.03618535995483398
6 0.6563454945882161 0.5098662376403809 0.031804402669270836 0.03735332489013672
10 0.2758738199869792 0.509429931640625 0.031166203816731772 0.03560218811035156
6 0.751455561319987 0.5099874496459961 0.030132293701171875 0.036246109008789065
10 0.4624537150065104 0.45295162200927735 0.0308834711710612 0.03423938751220703
10 0.30898917516072594 0.45192804336547854 0.029118092854817708 0.03566455841064453
6 0.6888643264770508 0.5099545478820801 0.032393264770507815 0.03748054504394531
9 0.22010628382364908 0.4202577590942383 0.03712806701660156 0.02878284454345703
6 0.7133967081705729 0.45163784027099607 0.031905110677083334 0.035851478576660156
10 0.30817651748657227 0.5092658996582031 0.031439654032389325 0.03610725402832031
6 0.7451228459676107 0.45188474655151367 0.03165308634440104 0.03567008972167969
10 0.4642077763875326 0.5093573570251465 0.03132845560709636 0.036077880859375
9 0.46124083201090493 0.42076382637023924 0.03725001017252604 0.029795455932617187
3 0.5845583597819011 0.42112255096435547 0.036310831705729164 0.029181766510009765
6 0.6815418243408203 0.4516486167907715 0.031025187174479166 0.03542003631591797
39 0.2248922824859619 0.5841952800750733 0.06950915654500325 0.03977766036987305
10 0.432012939453125 0.45255770683288576 0.028940582275390626 0.03439483642578125
3 0.660595957438151 0.41935415267944337 0.035976282755533856 0.030252647399902344
2 0.5855838775634765 0.4523341178894043 0.029664993286132812 0.03453807830810547
13 0.2455371856689453 0.5092693328857422 0.025708643595377605 0.035298919677734374
9 0.5093214670817058 0.4198190212249756 0.03468055725097656 0.029560375213623046
6 0.7207178751627604 0.5099205017089844 0.031193033854166666 0.037290763854980466
12 0.2223487377166748 0.4519228935241699 0.0255677858988444 0.03485813140869141
2 0.5927656173706055 0.509731388092041 0.03071873982747396 0.03652687072753906
44 0.3686509132385254 0.5826663970947266 0.062233924865722656 0.040533256530761716
10 0.278286075592041 0.45188255310058595 0.030005264282226562 0.035623931884765626
10 0.4010101954142253 0.4522523880004883 0.029930686950683592 0.0350677490234375
6 0.6170242309570313 0.45240960121154783 0.031524912516276045 0.03463191986083984
10 0.3701475143432617 0.4523360252380371 0.0302032470703125 0.03572902679443359
10 0.3392512639363607 0.45217342376708985 0.03073577880859375 0.03585796356201172
12 0.19679330190022787 0.45133676528930666 0.02473767598470052 0.03493213653564453
7 0.6965364456176758 0.418123722076416 0.03485552469889323 0.031125831604003906
7 0.7341782251993815 0.4181095600128174 0.03930816650390625 0.031212902069091795
2 0.5310499191284179 0.5096991539001465 0.030150858561197917 0.036499977111816406
3 0.6231190999348958 0.42079858779907225 0.03748613993326823 0.029540634155273436
43 0.6400351206461589 0.5884331226348877 0.08517163594563802 0.027757740020751952
3 0.5472841262817383 0.4212179183959961 0.037149302164713544 0.029076004028320314
9 0.2680205980936686 0.4198895454406738 0.038214619954427084 0.0289825439453125
39 0.30286331176757814 0.5853206157684326 0.06607131958007813 0.03667116165161133
2 0.5616828282674153 0.509709358215332 0.030504480997721354 0.03674325942993164
12 0.24852183659871419 0.4519320011138916 0.02628027598063151 0.035170459747314455
12 0.21866757074991863 0.5091797351837158 0.026658248901367188 0.03479833602905273
12 0.1920813242594401 0.5087282657623291 0.02509625752766927 0.03478507995605469
2 0.5556388854980469 0.4521490573883057 0.029056294759114584 0.03440008163452148
2 0.5000269889831543 0.5095798969268799 0.0305972417195638 0.03611297607421875
9 0.41181602478027346 0.41964111328125 0.03697681427001953 0.03071727752685547
2 0.5247455596923828 0.45223255157470704 0.031197357177734374 0.03510608673095703
9 0.36602039337158204 0.4192697525024414 0.037489128112792966 0.029197120666503908
61 0.7212043762207031 0.572519588470459 0.07630055745442708 0.01486663818359375
2 0.49395459493001304 0.4524666786193848 0.02977269490559896 0.034496116638183597
42 0.5480469385782878 0.5644985675811768 0.09125264485677083 0.026865386962890626
9 0.31658382415771485 0.41917710304260253 0.03753089904785156 0.029081153869628906
42 0.5500912348429362 0.5912250995635986 0.08430976867675781 0.02438488006591797
61 0.7264666239420573 0.5862624168395996 0.07084121704101562 0.013396167755126953
37 0.46474765141805013 0.5913910865783691 0.0845197041829427 0.02623605728149414
61 0.7264382680257161 0.5991240501403808 0.06722742716471354 0.01165475845336914
