32 0.2783269246419271 0.7987805366516113 0.04127381642659505 0.03905544281005859
32 0.31761932373046875 0.7908003330230713 0.038121668497721355 0.041109561920166016
43 0.5226753870646159 0.7350008964538575 0.05112113952636719 0.022701454162597657
39 0.5762852986653646 0.7124999046325684 0.048504002888997394 0.03913803100585937
32 0.28400786717732746 0.8373268127441407 0.036033948262532554 0.028738021850585938
61 0.36030756632486977 0.6774306297302246 0.06284141540527344 0.020716094970703126
34 0.3687032699584961 0.7591887950897217 0.07629992167154948 0.036532020568847655
33 0.2908988316853841 0.7023640632629394 0.07712186177571614 0.021912002563476564
38 0.44788869222005206 0.7440112113952637 0.0663824717203776 0.02345266342163086
61 0.35003913243611656 0.6639290809631347 0.07189617156982422 0.021625709533691407
38 0.43839619954427084 0.7269669055938721 0.06277650197347005 0.02191505432128906
58 0.5602334340413412 0.629445219039917 0.049190521240234375 0.014356136322021484
32 0.3254633903503418 0.82362060546875 0.03792273203531901 0.02693004608154297
34 0.37922595342000326 0.7823456764221192 0.05894273122151693 0.0283111572265625
61 0.3640848795572917 0.6934195995330811 0.05401763916015625 0.016902732849121093
55 0.4950150807698568 0.6339878082275391 0.06389389038085938 0.017659378051757813
42 0.6695315678914388 0.6820734024047852 0.04659474690755208 0.031463623046875
55 0.497938346862793 0.6468506813049316 0.05766779581705729 0.017870235443115234
58 0.5544812679290771 0.6181499481201171 0.04742352167765299 0.013411521911621094
44 0.623193105061849 0.7031185626983643 0.03175430297851563 0.032851886749267575
