53 0.8404981401231554 0.6983652114868164 0.034637196858723955 0.05047454833984375
18 0.2014261033799913 0.8084881782531739 0.04586287604437934 0.04686450958251953
51 0.8771310170491536 0.6912310282389323 0.03476587931315104 0.04428545633951823
47 0.6900796254475912 0.7075864473978678 0.03045806884765625 0.03627452850341797
47 0.6244518280029296 0.7191091219584147 0.03615900675455729 0.03503437042236328
47 0.6586467742919921 0.7137103080749512 0.03254267374674479 0.03785228729248047
18 0.25578908920288085 0.843376350402832 0.04463176727294922 0.03257598876953125
47 0.3091119978162977 0.7152251879374186 0.027374776204427083 0.030158805847167968
51 0.9074339548746745 0.6858151435852051 0.026339975992838542 0.045968818664550784
47 0.6262407938639323 0.7583873112996419 0.025054931640625 0.02979113260904948
18 0.1510278860727946 0.8157184600830079 0.05230735143025716 0.0443084716796875
18 0.20922245449490018 0.8523700714111329 0.04546839396158854 0.03474502563476563
46 0.7715189192030165 0.7184083302815755 0.03651504516601563 0.04397163391113281
21 0.23591046863132054 0.5670378684997559 0.06250527699788412 0.013794898986816406
21 0.21968460083007812 0.5358595689137776 0.06287358601888021 0.011828962961832683
53 0.8061844719780816 0.705202293395996 0.032500372992621526 0.04735832214355469
23 0.14984359211391873 0.5305834611256918 0.06411184734768338 0.013822142283121746
23 0.1696982330746121 0.573638121287028 0.06544557147555881 0.014023653666178386
47 0.3367679172092014 0.7110304832458496 0.027825546264648438 0.029244422912597656
21 0.2986975987752279 0.5612105369567871 0.05833269755045573 0.013554573059082031
21 0.28148632049560546 0.5317265351613363 0.05824546813964844 0.011001936594645182
23 0.08584682146708171 0.5462538719177246 0.06499134699503581 0.011985206604003906
21 0.23100082609388564 0.5558917999267579 0.0633310317993164 0.012047958374023438
23 0.15361830393473308 0.541787878672282 0.0654504140218099 0.012529436747233074
47 0.6547902213202582 0.7536434173583985 0.027459335327148438 0.029311370849609376
46 0.7371507856580947 0.7253610928853352 0.030669403076171876 0.04061908721923828
21 0.2752812067667643 0.5218294620513916 0.05716540018717448 0.012063121795654297
23 0.08920952214135064 0.5568822860717774 0.06802656915452746 0.012380218505859375
21 0.22494925392998588 0.5458048820495606 0.06410147349039713 0.01138134002685547
19 0.8686482747395833 0.5800144513448079 0.025531005859375 0.02068780263264974
18 0.24824102189805772 0.7976951281229655 0.04516559176974826 0.04679927825927734
19 0.8413916693793403 0.584899616241455 0.028302001953125 0.028618431091308592
23 0.16374184290568033 0.5615990002950032 0.06833655039469401 0.011712328592936198
23 0.09314388434092204 0.5679559389750163 0.07015080451965332 0.013321495056152344
23 0.09744261900583903 0.579611078898112 0.07010709444681804 0.013755035400390626
47 0.6913968404134114 0.7446187655131022 0.022607930501302085 0.02948792775472005
24 0.33273421393500435 0.5196001529693604 0.05429450141059028 0.01075887680053711
21 0.2941159778171115 0.5516059557596843 0.06072845458984375 0.010250282287597657
21 0.21584179136488174 0.5248756408691406 0.06270554860432943 0.012601280212402343
23 0.16138918664720323 0.5557872136433919 0.06780419879489474 0.0150054931640625
23 0.08174676100413004 0.5346487045288086 0.0633420467376709 0.013323974609375
