53 0.7732094446818034 0.5621127128601074 0.02515576680501302 0.04826488494873047
53 0.7442584991455078 0.5683736801147461 0.03052037556966146 0.04676189422607422
18 0.2276404857635498 0.6879927158355713 0.04760672251383464 0.04802894592285156
18 0.2374622662862142 0.7335841178894043 0.04655157725016276 0.03611888885498047
47 0.6222885131835938 0.5846671104431153 0.03110987345377604 0.03988208770751953
47 0.5885707855224609 0.5904918670654297 0.03715960184733073 0.04343070983886719
51 0.8034854888916015 0.5534275054931641 0.027353668212890626 0.042568016052246097
51 0.8285305023193359 0.547407865524292 0.02115325927734375 0.03984909057617188
46 0.6837120056152344 0.5860386848449707 0.03085950215657552 0.04931516647338867
19 0.7667641957600911 0.44777498245239256 0.028693135579427084 0.023701190948486328
21 0.26241968472798666 0.4296111106872559 0.06305055618286133 0.012406539916992188
46 0.7131660461425782 0.5797489166259766 0.02764409383138021 0.04711275100708008
21 0.19222014745076496 0.43544530868530273 0.06513493855794271 0.014679527282714844
18 0.1895947774251302 0.7472404956817627 0.0473086675008138 0.040633869171142575
19 0.12395962874094645 0.7117599487304688 0.056227223078409834 0.045393180847167966
21 0.2204860051472982 0.3934741973876953 0.057957967122395836 0.012548351287841797
47 0.5913060506184896 0.6280141830444336 0.023833719889322917 0.02631683349609375
19 0.7939534505208333 0.4449001312255859 0.025063323974609374 0.022359657287597656
21 0.1540937582651774 0.3970954418182373 0.0658848762512207 0.012202167510986328
18 0.17804830869038898 0.7006032943725586 0.050066471099853516 0.04999074935913086
47 0.6168249766031901 0.6208448886871338 0.025336710611979167 0.02637338638305664
47 0.6582364400227865 0.5750973701477051 0.016199239095052085 0.03628482818603516
24 0.34659951527913413 0.3946194648742676 0.052220662434895836 0.010539722442626954
18 0.13704020579655965 0.761402940750122 0.05391800403594971 0.041328811645507814
23 0.10210304260253907 0.42146005630493166 0.07085307439168294 0.01190633773803711
23 0.11084427038828532 0.43186087608337403 0.07455792427062988 0.012814998626708984
23 0.4389574368794759 0.379302978515625 0.045673179626464847 0.011516094207763672
21 0.16345388094584148 0.40616455078125 0.0682459831237793 0.010834598541259765
21 0.2532204151153564 0.41913204193115233 0.06292683283487956 0.012026119232177734
47 0.6506295522054036 0.6116137504577637 0.021585845947265626 0.02579803466796875
23 0.4557582219441732 0.39237174987792967 0.03940912882486979 0.01162261962890625
23 0.12171973387400309 0.4429959774017334 0.07070784568786621 0.013269996643066407
24 0.33556124369303386 0.3855868339538574 0.04921658833821615 0.009263324737548827
19 0.7684771219889323 0.484342098236084 0.025493113199869792 0.0274871826171875
