28 0.7112865447998047 0.6565275669097901 0.030651601155598958 0.016818714141845704
43 0.38952007293701174 0.6109847068786621 0.06490567525227865 0.02159872055053711
3 0.4651779810587565 0.5403111457824707 0.029488182067871092 0.0314300537109375
13 0.6882110595703125 0.5379878997802734 0.017396291097005207 0.022027206420898438
9 0.5945565541585286 0.5381269454956055 0.029284922281901042 0.02275238037109375
6 0.32781572341918946 0.5349607467651367 0.024782498677571613 0.022183322906494142
3 0.4949374516805013 0.5404723167419434 0.02925847371419271 0.031411170959472656
10 0.5456639607747396 0.536768913269043 0.022446187337239583 0.022982025146484376
9 0.624148941040039 0.5381552696228027 0.029600143432617188 0.023018836975097656
28 0.7755372365315755 0.6575963020324707 0.031001790364583334 0.014679718017578124
43 0.3227463404337565 0.6099002361297607 0.06201464335123698 0.021382713317871095
17 0.7503526051839192 0.5382175445556641 0.022688802083333334 0.02175006866455078
28 0.7444288889567058 0.6573827743530274 0.032412211100260414 0.01658916473388672
2 0.4135051091512044 0.5359404563903809 0.02481072743733724 0.02336540222167969
16 0.7949143727620442 0.5390181541442871 0.021354166666666667 0.021229362487792967
17 0.7280520121256511 0.5384960174560547 0.02207005818684896 0.02205352783203125
31 0.6093842188517252 0.6574707508087159 0.034067789713541664 0.020197010040283202
10 0.5220497767130534 0.5368061065673828 0.023775863647460937 0.023191261291503906
10 0.5683770497639974 0.5371692657470704 0.02285486857096354 0.022801971435546874
7 0.3863469123840332 0.5397226810455322 0.029047584533691405 0.029907894134521485
30 0.6453283945719401 0.6570041656494141 0.03119176228841146 0.019035530090332032
16 0.7730448404947917 0.5381536483764648 0.022381591796875 0.021284103393554688
31 0.5773307800292968 0.6576712131500244 0.0290252685546875 0.020651721954345705
30 0.6777231852213542 0.6566308498382568 0.032303110758463545 0.018707275390625
58 0.5762409210205078 0.6055355072021484 0.05197423299153646 0.009425163269042969
6 0.30291579564412435 0.5350071907043457 0.02509924570719401 0.021790504455566406
2 0.4376166025797526 0.5385894775390625 0.023874791463216145 0.02646942138671875
12 0.6698771158854167 0.5377576351165771 0.018157323201497395 0.02157316207885742
34 0.45583858489990237 0.6106038093566895 0.05983416239420573 0.022025489807128908
7 0.3560371398925781 0.5392948627471924 0.03024609883626302 0.02952852249145508
58 0.6364688873291016 0.606279993057251 0.05129661560058594 0.009027576446533203
58 0.7424096425374349 0.6053092956542969 0.04732983907063802 0.008846664428710937
16 0.817293930053711 0.539843225479126 0.023195648193359376 0.02079286575317383
58 0.7479651133219402 0.6140503883361816 0.04994074503580729 0.010024070739746094
34 0.5178476969401041 0.6108535289764404 0.05765813191731771 0.020931434631347657
12 0.6507196426391602 0.5377984046936035 0.020450464884440103 0.02197895050048828
58 0.6312669118245443 0.5980923652648926 0.05109125773111979 0.008818721771240235
28 0.7344534556070964 0.6433475971221924 0.028218587239583332 0.010715484619140625
28 0.7649435679117839 0.6435957431793213 0.02843780517578125 0.010967731475830078
58 0.6938872655232747 0.6138280391693115 0.052978897094726564 0.010747432708740234
58 0.6296320597330729 0.5936079025268555 0.050957743326822916 0.005898284912109375
58 0.6804653167724609 0.5897833824157714 0.04657440185546875 0.007747840881347656
58 0.5802261352539062 0.615080738067627 0.05561370849609375 0.010161495208740235
58 0.6914740244547526 0.6051511764526367 0.05106150309244792 0.008548545837402343
58 0.637721570332845 0.6148749351501465 0.05308049519856771 0.009666633605957032
58 0.5725083669026693 0.5976381778717041 0.0503448486328125 0.007979679107666015
58 0.736678949991862 0.5975646018981934 0.04382247924804687 0.00772705078125
58 0.5706471761067708 0.5901849746704102 0.05195884704589844 0.008809661865234375
17 0.7069878896077474 0.5383817672729492 0.019651031494140624 0.022133827209472656
58 0.6269524892171224 0.5818691253662109 0.0495751698811849 0.006260585784912109
58 0.6772077560424805 0.5816553592681885 0.04580357869466146 0.008130836486816406
58 0.6856927871704102 0.597230339050293 0.04576034545898437 0.007518577575683594
58 0.7339857737223308 0.5931106090545655 0.045366923014322914 0.005992889404296875
58 0.731024424235026 0.5889763832092285 0.04407297770182292 0.007446956634521484
