32 0.9397528330485027 0.9614891052246094 0.05323931376139323 0.05478744506835938
51 0.3215330123901367 0.6480820178985596 0.04547576904296875 0.06096172332763672
19 0.35721616744995116 0.5585511684417724 0.039415740966796876 0.0324824333190918
46 0.37037455240885414 0.6551847934722901 0.05638478597005208 0.062184906005859374
47 0.5250368118286133 0.6414949417114257 0.03988939921061198 0.039377784729003905
53 0.26361815134684247 0.6486739158630371 0.05900351206461588 0.05893421173095703
47 0.42896979649861655 0.6333806991577149 0.03613853454589844 0.040139198303222656
32 0.8866466522216797 0.9510627746582031 0.050692240397135414 0.052474594116210936
19 0.35849568049112956 0.518294095993042 0.04009787241617838 0.03414440155029297
47 0.4741544087727865 0.636233901977539 0.030297342936197916 0.03831405639648437
47 0.5256908416748047 0.6873964786529541 0.03342908223470052 0.0319859504699707
47 0.4813604672749837 0.6805681228637696 0.02299327850341797 0.02972688674926758
19 0.39802672068277994 0.5604167938232422 0.040864181518554685 0.031257343292236325
47 0.43842325210571287 0.6752017974853516 0.02640056610107422 0.03151216506958008
21 0.280018679300944 0.43849916458129884 0.051862843831380206 0.011490058898925782
24 0.4108318328857422 0.4140615463256836 0.04909820556640625 0.008251762390136719
65 0.4159581502278646 0.6717915534973145 0.020237223307291666 0.037335968017578124
21 0.2865882873535156 0.4275656700134277 0.05221754709879557 0.008346748352050782
24 0.41619720458984377 0.40492734909057615 0.04925181070963542 0.0101470947265625
21 0.3026971181233724 0.4091742515563965 0.05235786437988281 0.009245967864990235
23 0.24752051035563152 0.4083226680755615 0.04950141906738281 0.00898151397705078
33 0.9352130889892578 0.8457435607910156 0.10229441324869791 0.02905731201171875
23 0.24175635973612467 0.41675214767456054 0.05301116307576497 0.008037185668945313
23 0.2558047930399577 0.3990654945373535 0.04915835062662761 0.010646724700927734
32 0.8840930938720704 0.9912494659423828 0.043485005696614586 0.017397308349609376
21 0.2948063532511393 0.4187000751495361 0.052728462219238284 0.010149192810058594
19 0.39944807688395184 0.5203574180603028 0.04014943440755208 0.032314491271972653
