7 0.40656023025512694 0.5840896129608154 0.02416712443033854 0.017384052276611328
9 0.40203018188476564 0.6668868064880371 0.021875890096028645 0.015536880493164063
9 0.3793554941813151 0.6662569046020508 0.02180926005045573 0.015191268920898438
11 0.1600358009338379 0.7823925018310547 0.049894555409749346 0.04687557220458984
11 0.10813846588134765 0.782637071609497 0.05123821894327799 0.049880695343017575
16 0.4202786127726237 0.5178329944610596 0.018181737263997397 0.01652946472167969
9 0.3794128735860189 0.6438825607299805 0.02255853017171224 0.01820516586303711
9 0.3568825403849284 0.64382905960083 0.021703402201334637 0.018113327026367188
9 0.40258398056030276 0.6447285652160645 0.022344652811686197 0.01884288787841797
16 0.45701065063476565 0.5183517456054687 0.018239847819010415 0.016828060150146484
11 0.2087242603302002 0.7833033561706543 0.052009932200113934 0.047464942932128905
7 0.38178462982177735 0.6057557106018067 0.02236480712890625 0.01501913070678711
7 0.40449606577555336 0.6066024780273438 0.023351542154947915 0.015496063232421874
16 0.40198103586832684 0.5174724578857421 0.019078572591145832 0.01633586883544922
16 0.4567838668823242 0.5403240203857422 0.01810290018717448 0.015503120422363282
9 0.42438554763793945 0.6675430297851562 0.021773910522460936 0.015277862548828125
9 0.44692211151123046 0.6677218437194824 0.021903228759765626 0.015197849273681641
16 0.43817873001098634 0.5399826049804688 0.019012324015299478 0.01570415496826172
7 0.4483820915222168 0.6073598861694336 0.02117436726888021 0.015485668182373047
16 0.43896169662475587 0.5180927753448487 0.01807746887207031 0.016715049743652344
7 0.427057139078776 0.6074388504028321 0.021010589599609376 0.01598834991455078
7 0.3829849561055501 0.5836976051330567 0.022982343037923177 0.016998672485351564
9 0.3572344462076823 0.6654238700866699 0.021255620320638022 0.014633560180664062
9 0.4468952178955078 0.6459615707397461 0.022841771443684895 0.018132877349853516
19 0.5953279495239258 0.5252705574035644 0.021537144978841145 0.015008544921875
7 0.4291404724121094 0.5845464706420899 0.020342127482096354 0.017067527770996092
7 0.35895058314005535 0.6052857398986816 0.02171166737874349 0.015568351745605469
19 0.6624178568522135 0.5266007423400879 0.02142308553059896 0.012777137756347656
19 0.639475949605306 0.5261466979980469 0.022580718994140624 0.013964176177978516
19 0.5730344136555989 0.5251010894775391 0.022126261393229166 0.015660476684570313
9 0.33469518025716144 0.6436091899871826 0.020584551493326823 0.018404769897460937
16 0.41943251291910805 0.5394020557403565 0.017282613118489585 0.01537008285522461
18 0.5876519521077473 0.5879583835601807 0.021310933430989585 0.015427684783935547
19 0.617279052734375 0.5256924629211426 0.021997960408528645 0.014194679260253907
9 0.4242733001708984 0.6452146530151367 0.02149798075358073 0.018526649475097655
7 0.36051534016927084 0.5827969074249267 0.022125879923502605 0.016533946990966795
7 0.4505006790161133 0.5846644401550293 0.021848297119140624 0.01686716079711914
18 0.609753163655599 0.5877814292907715 0.021860376993815104 0.0130157470703125
7 0.3386542002360026 0.5823185443878174 0.022074127197265626 0.016971492767333986
9 0.33495791753133136 0.6639479160308838 0.02324536641438802 0.013687610626220703
19 0.6839649200439453 0.5267489433288575 0.021756744384765624 0.012436008453369141
16 0.36411142349243164 0.5380994796752929 0.019779141743977866 0.015486526489257812
16 0.3826450347900391 0.5387444972991944 0.01814689636230469 0.01539764404296875
7 0.33618071873982747 0.6045157432556152 0.023267428080240887 0.014926528930664063
16 0.38248570760091144 0.5168966293334961 0.019233322143554686 0.015859031677246095
16 0.3637746175130208 0.5159063816070557 0.019173876444498698 0.01571998596191406
18 0.5663366953531901 0.5884093761444091 0.02212346394856771 0.016881370544433595
16 0.40111083984375 0.5386775016784668 0.018077977498372397 0.014874076843261719
17 0.3273536046346029 0.5144948959350586 0.01850159962972005 0.014759063720703125
18 0.6737147013346354 0.5897602081298828 0.02071990966796875 0.013849830627441407
19 0.5513409932454427 0.5244563102722168 0.021254348754882812 0.015728759765625
