10 0.4728476842244466 0.4374698638916016 0.03752950032552083 0.04093856811523437
10 0.43379688262939453 0.4368948459625244 0.037287139892578126 0.04183206558227539
6 0.5868569056193034 0.4377131462097168 0.03670717875162761 0.040880680084228516
6 0.6235131581624349 0.4371490478515625 0.035215504964192706 0.04040546417236328
6 0.5763083140055338 0.3743457794189453 0.03631947835286458 0.03913545608520508
13 0.32309157053629556 0.3688360691070557 0.0285003662109375 0.03873777389526367
10 0.4307030995686849 0.3718257427215576 0.034728622436523436 0.03975067138671875
10 0.3945217768351237 0.37095553874969484 0.03549474080403646 0.04034242630004883
10 0.35896240870157875 0.435772180557251 0.03653710683186849 0.04151105880737305
2 0.5391664505004883 0.3733904600143433 0.035790634155273435 0.03931713104248047
10 0.35731175740559895 0.3700504541397095 0.03588021596272786 0.04031500816345215
6 0.6119394938151042 0.3749727487564087 0.03419087727864583 0.039532136917114255
2 0.5484794616699219 0.43791046142578127 0.03730417887369792 0.041414928436279294
10 0.3963003158569336 0.43640985488891604 0.036478424072265626 0.04187335968017578
10 0.46662092208862305 0.3722687721252441 0.035345840454101565 0.039138412475585936
9 0.44150571823120116 0.3391812801361084 0.041419601440429686 0.027311134338378906
2 0.5026669502258301 0.37308170795440676 0.03483238220214844 0.03885760307312012
12 0.2633455912272135 0.3670656204223633 0.0292999267578125 0.03931875228881836
9 0.3473703384399414 0.33659000396728517 0.04342702229817708 0.027103328704833986
12 0.2637400945027669 0.4340819358825684 0.03095105489095052 0.041576194763183597
3 0.48541965484619143 0.3398193359375 0.04284172058105469 0.027576589584350587
7 0.5724238713582357 0.34133591651916506 0.04371299743652344 0.028509521484375
12 0.29473304748535156 0.43448638916015625 0.030669657389322917 0.04026031494140625
2 0.5099461237589519 0.4374870777130127 0.035775947570800784 0.041137313842773436
3 0.5286165873209635 0.3402445316314697 0.041510391235351565 0.02789759635925293
13 0.3250088373819987 0.4349536418914795 0.029372533162434895 0.04029150009155273
9 0.39973341623942055 0.3380941152572632 0.03878936767578125 0.026865291595458984
9 0.2895570119222005 0.3354470252990723 0.039896647135416664 0.02700967788696289
12 0.29348233540852864 0.3681205749511719 0.030042012532552082 0.039262008666992185
58 0.3781330426534017 0.541008472442627 0.06604067484537761 0.01658287048339844
58 0.3753326416015625 0.5252507209777832 0.07836494445800782 0.015197181701660156
7 0.6143620808919271 0.3419086456298828 0.03949305216471354 0.027104854583740234
55 0.5540601094563802 0.5241515159606933 0.08234583536783854 0.011195755004882813
61 0.2846275011698405 0.5303807258605957 0.06573123931884765 0.011916542053222656
61 0.28447771072387695 0.5434309005737304 0.06250343322753907 0.013809585571289062
55 0.5586872100830078 0.5364344596862793 0.07890739440917968 0.011956024169921874
55 0.5619029362996419 0.5507031440734863 0.07621129353841145 0.012573814392089844
