45 0.9067155202229817 0.7703793525695801 0.021691385904947916 0.06548957824707032
34 0.149133296807607 0.8755136489868164 0.07886181672414144 0.02085418701171875
35 0.23241024017333983 0.8953651428222656 0.08604087829589843 0.019384384155273438
45 0.8847777048746744 0.7704191207885742 0.023290506998697915 0.0644979476928711
42 0.33625157674153644 0.8792041778564453 0.06218236287434896 0.06534767150878906
43 0.41198832194010415 0.878774356842041 0.08009173075358073 0.018946075439453126
45 0.9553175608317057 0.7723649024963379 0.02295989990234375 0.060985755920410153
45 0.9299146016438802 0.7699637413024902 0.024170430501302083 0.06456470489501953
44 0.4899531046549479 0.8782302856445312 0.06734593709309895 0.024034500122070312
39 0.8318019866943359 0.8450109481811523 0.06425692240397135 0.026892852783203126
43 0.4156946182250977 0.8623216629028321 0.07684326171875 0.017387008666992186
49 0.8352722803751628 0.8738264083862305 0.066900634765625 0.029610061645507814
34 0.1452718695004781 0.8973514556884765 0.07644876639048258 0.02236785888671875
43 0.4094212214152018 0.8982032775878906 0.08269233703613281 0.023996734619140626
34 0.16050837834676107 0.8555980682373047 0.0749905268351237 0.021692848205566405
43 0.42089996337890623 0.8437549591064453 0.07271029154459635 0.020644187927246094
40 0.9807918548583985 0.7826600551605225 0.022013092041015626 0.04352846145629883
40 0.9830115000406902 0.7441218852996826 0.018109130859375 0.032349586486816406
38 0.6584004720052083 0.893428897857666 0.08216451009114584 0.021655464172363283
33 0.7515515645345052 0.908784294128418 0.07842254638671875 0.017072105407714845
