44 0.5641896565755208 0.5823712348937988 0.03838907877604167 0.03986492156982422
44 0.562747065226237 0.6245217641194661 0.037786865234375 0.040538787841796875
17 0.5959524790445964 0.3816864331563314 0.016468556722005208 0.02242457071940104
44 0.6018243153889974 0.5781518300374349 0.03399861653645833 0.03603426615397135
44 0.5992233064439562 0.6221672375996907 0.03476244608561198 0.042271995544433595
16 0.5792328516642252 0.41602444648742676 0.018767674763997395 0.02301340103149414
17 0.5785077200995551 0.3807561238606771 0.019427363077799478 0.021320533752441407
10 0.5772289276123047 0.3443981488545736 0.022638956705729168 0.019633102416992187
28 0.5808556874593099 0.5388560930887858 0.029819997151692708 0.01914984385172526
16 0.5607205708821614 0.415570068359375 0.01730931599934896 0.021654891967773437
10 0.5557862599690755 0.344723383585612 0.020468902587890626 0.020934295654296876
58 0.6236045837402344 0.47209796905517576 0.04630915323893229 0.03711833953857422
29 0.5845948961046007 0.4554291725158691 0.029262288411458334 0.020325469970703124
55 0.6209734598795573 0.5281712849934895 0.0421630859375 0.03388786315917969
16 0.5983161290486654 0.41680663426717124 0.018825658162434897 0.024704933166503906
16 0.6167869567871094 0.41705474853515623 0.018406422932942708 0.024560546875
29 0.5831481085883247 0.48291969299316406 0.02882537841796875 0.016534042358398438
16 0.5578861872355143 0.38027162551879884 0.021665573120117188 0.020783615112304688
