44 0.7807662963867188 0.5355263710021972 0.08567606608072917 0.04259033203125
58 0.21619703504774307 0.5421635150909424 0.10860722859700521 0.012540435791015625
58 0.32822002834743924 0.5670500755310058 0.10516493055555555 0.013523101806640625
39 0.600231424967448 0.5337852478027344 0.08273518880208333 0.04111690521240234
58 0.21967688666449653 0.5296235084533691 0.10712479485405815 0.014610099792480468
39 0.6884274164835612 0.535425853729248 0.08491986592610677 0.04566354751586914
40 0.8583752950032552 0.581203031539917 0.02328643798828125 0.030721759796142577
58 0.3288645426432292 0.5549136161804199 0.10019887288411458 0.01366424560546875
58 0.32949192259046767 0.5386271476745605 0.09789430830213759 0.01275043487548828
39 0.6853105333116319 0.580206298828125 0.07219136555989583 0.02062568664550781
58 0.3284319135877821 0.5834145545959473 0.10678761800130208 0.01574878692626953
58 0.2128874037000868 0.5644780158996582 0.11114332411024305 0.01385498046875
40 0.8832012600368924 0.5814732551574707 0.021611531575520832 0.03093433380126953
40 0.8340930514865451 0.5813648700714111 0.022724405924479166 0.03075380325317383
58 0.21405135260687935 0.5813278198242188 0.11012496948242187 0.015998077392578126
39 0.5992476569281684 0.5789963245391846 0.06693979899088541 0.020535850524902345
40 0.8754733615451389 0.5323313713073731 0.01999359130859375 0.031119346618652344
58 0.2139568328857422 0.553520393371582 0.1100510491265191 0.009929084777832031
40 0.8517886691623264 0.5323872566223145 0.02590874565972222 0.033059120178222656
