44 0.5359949111938477 0.7616868019104004 0.08301925659179688 0.08034725189208984
17 0.4612511952718099 0.3537470817565918 0.04389190673828125 0.03931140899658203
10 0.5590513865152995 0.27779502868652345 0.04630597432454427 0.03920297622680664
12 0.4934208869934082 0.18942246437072754 0.03995590209960938 0.04149775505065918
12 0.451638666788737 0.18873147964477538 0.04263165791829427 0.04229135513305664
40 0.43540239334106445 0.6156267166137696 0.04788252512613932 0.06200885772705078
31 0.4987184206644694 0.5670017242431641 0.06014804840087891 0.03839950561523438
58 0.5715826034545899 0.4867691516876221 0.06608657836914063 0.058812522888183595
39 0.4430145581563314 0.7527494430541992 0.0781752904256185 0.06645336151123046
29 0.499249521891276 0.5090104103088379 0.06324424743652343 0.041792869567871094
13 0.5331977844238281 0.19109029769897462 0.038467025756835936 0.04018669128417969
44 0.5229976654052735 0.8472722053527832 0.08333918253580729 0.07568912506103516
6 0.4634930928548177 0.2751728057861328 0.0485144297281901 0.04160184860229492
13 0.5718281428019206 0.19220055341720582 0.03783404032389323 0.03939001560211182
16 0.5077257792154948 0.3547813892364502 0.043361790974934894 0.0395695686340332
28 0.49115657806396484 0.6866917610168457 0.05441697438557943 0.03651771545410156
31 0.4903697967529297 0.62876296043396 0.057880274454752606 0.03438549041748047
47 0.5517983754475911 0.429996395111084 0.054193878173828126 0.05096359252929687
39 0.4436094919840495 0.8319628000259399 0.07027244567871094 0.07309069633483886
47 0.44501139322916666 0.4238282680511475 0.05292104085286458 0.043491458892822264
47 0.49873663584391276 0.43132619857788085 0.050665664672851565 0.05515556335449219
16 0.5526602427164714 0.35650110244750977 0.04502271016438802 0.03811635971069336
58 0.5695011138916015 0.5575313568115234 0.07050641377766927 0.06114959716796875
6 0.5115179697672526 0.27607605457305906 0.04666595458984375 0.04115252494812012
55 0.5625778834025065 0.6717211246490479 0.07675793965657553 0.06448335647583008
21 0.44071763356526694 0.4973750114440918 0.04348945617675781 0.049672698974609374
21 0.442161496480306 0.5632615089416504 0.04733562469482422 0.04852170944213867
40 0.42652734120686847 0.6727356910705566 0.0670178731282552 0.0660552978515625
