16 0.6173175811767578 0.4254094123840332 0.030818430582682292 0.032907295227050784
28 0.5971238242255317 0.6733140309651693 0.043571853637695314 0.03382047017415365
16 0.647616195678711 0.4241152763366699 0.028694661458333333 0.03268356323242187
10 0.6428625106811523 0.2258002519607544 0.03689562479654948 0.033829355239868165
16 0.6578162511189779 0.36339759826660156 0.030613835652669272 0.031667137145996095
10 0.5730808258056641 0.23250322341918944 0.029731241861979167 0.04820442199707031
58 0.5733376820882161 0.5539751052856445 0.036397298177083336 0.050622177124023435
16 0.625481923421224 0.3637090047200521 0.03411102294921875 0.03250408172607422
31 0.6041693369547526 0.6166554450988769 0.04092127482096354 0.03204479217529297
10 0.6359644571940104 0.29726595878601075 0.03487447102864583 0.03268442153930664
16 0.5893960740831163 0.3705258846282959 0.03574701944986979 0.045514583587646484
10 0.5658182779947917 0.301904567082723 0.03261998494466146 0.0466364860534668
58 0.6639818827311198 0.552342398961385 0.05032679239908854 0.044930553436279295
39 0.6157772699991862 0.8026092211405437 0.06380043029785157 0.06406497955322266
30 0.6230815887451172 0.5014330387115479 0.03960749308268229 0.028884410858154297
58 0.6776494344075521 0.4810783386230469 0.05951563517252604 0.05413761138916016
10 0.5998799641927083 0.3010011037190755 0.037345631917317705 0.04402357737223307
46 0.5381904390123156 0.7463936805725098 0.06374312506781685 0.07565555572509766
58 0.5444881227281358 0.6634565035502116 0.053055953979492185 0.050586636861165366
10 0.6689921696980794 0.2987869103749593 0.030853907267252605 0.032515557607014973
31 0.6136199739244249 0.561545467376709 0.04261767069498698 0.03286304473876953
10 0.6845100402832032 0.22885985374450685 0.02444000244140625 0.0326507568359375
10 0.6059191809760199 0.23080673217773437 0.03596827189127604 0.04585685729980469
44 0.5486620585123698 0.8114218711853027 0.06489842732747396 0.05919857025146484
17 0.5576665878295899 0.36987398465474447 0.028350957234700522 0.04454355239868164
58 0.6569864696926541 0.6045650800069173 0.05797996520996094 0.048092079162597653
58 0.647180684407552 0.6545859336853027 0.045493825276692705 0.04720630645751953
58 0.5626529693603516 0.6138886133829753 0.04223200480143229 0.046968841552734376
16 0.5838233100043403 0.42866152127583823 0.035238393147786456 0.03624773025512695
16 0.5536724514431424 0.4266200065612793 0.02606175740559896 0.03432121276855469
58 0.5774773915608724 0.48824872970581057 0.0278564453125 0.04316139221191406
