13 0.604196039835612 0.04523172900080681 0.045416259765625 0.04508930593729019
43 0.7483949025472005 0.6573028087615966 0.12786178588867186 0.05070619583129883
13 0.5512627919514974 0.11722671985626221 0.04141871134440104 0.045024538040161134
39 0.43501259485880533 0.7898106098175048 0.0975409189860026 0.0634303092956543
13 0.5090002059936524 0.11727217435836793 0.04110450744628906 0.04425060749053955
39 0.3281494458516439 0.7910839080810547 0.10292034149169922 0.07279701232910156
13 0.3356767654418945 0.11519047915935517 0.04449615478515625 0.04243956208229065
13 0.594353993733724 0.11624583899974823 0.04259211222330729 0.04280577301979065
13 0.6367033004760743 0.1169927716255188 0.04084231058756511 0.043202567100524905
43 0.729333241780599 0.6063883781433106 0.12617111206054688 0.04168853759765625
13 0.42204662958780925 0.1160131722688675 0.043216705322265625 0.04268044829368591
13 0.6788706461588542 0.11687880754470825 0.041516621907552086 0.043239593505859375
13 0.4662833531697591 0.11694803535938263 0.04161256154378255 0.042415136098861696
44 0.6354342142740885 0.775885009765625 0.09313303629557292 0.06502056121826172
13 0.5132066090901692 0.047276219725608824 0.04354540506998698 0.04906216263771057
13 0.7341875712076823 0.045717471092939374 0.04073499043782552 0.04303254038095474
13 0.4675694147745768 0.04439329206943512 0.04663283030192057 0.044406288862228395
43 0.6053989410400391 0.6135831832885742 0.1124738057454427 0.03362483978271484
13 0.37919753392537436 0.11597601175308228 0.041251118977864584 0.04271109104156494
58 0.6202486673990886 0.4926474571228027 0.12807032267252605 0.021875381469726562
13 0.5573663075764974 0.046974868327379224 0.04400558471679687 0.04746690839529037
13 0.23533140818277995 0.04260526299476623 0.047258186340332034 0.045615196228027344
13 0.2906373341878255 0.11522099971771241 0.04304339090983073 0.042243146896362306
13 0.6916239420572917 0.04533363580703735 0.04270222981770833 0.04296832084655762
13 0.7791029612223307 0.04654977917671203 0.047209676106770834 0.04251178503036499
58 0.780148442586263 0.5032545566558838 0.13110453287760418 0.022690010070800782
13 0.6484398523966471 0.045798664540052415 0.040610122680664065 0.044387544691562655
13 0.42140992482503253 0.04379118382930756 0.043424224853515624 0.043424731492996214
13 0.2468994140625 0.11557600200176239 0.04495321909586589 0.04274807572364807
13 0.3770427703857422 0.04506710469722748 0.0432898203531901 0.04631680846214294
38 0.47916777928670246 0.6713504791259766 0.11921151479085286 0.040307235717773435
58 0.616158930460612 0.47415456771850584 0.12837931315104167 0.01736907958984375
61 0.31905829906463623 0.4581906318664551 0.12257676124572754 0.025980377197265626
58 0.6335107167561849 0.5171908855438232 0.09332733154296875 0.025028228759765625
13 0.763196055094401 0.11749045848846436 0.04195836385091146 0.044325399398803714
38 0.3278588930765788 0.688997459411621 0.124037233988444 0.042000770568847656
55 0.4723151842753092 0.5391182899475098 0.12272904713948568 0.026573944091796874
61 0.32136240005493166 0.5126878261566162 0.13197930653889975 0.026131916046142577
44 0.535652224222819 0.7931077003479003 0.09108072916666667 0.04555206298828125
55 0.46035868326822915 0.4873353958129883 0.14176165262858073 0.02240447998046875
58 0.7871296564737956 0.5293467521667481 0.1212176005045573 0.026342391967773438
58 0.7668991724650065 0.48589448928833007 0.12848396301269532 0.016228485107421874
13 0.28345062732696535 0.04168080091476441 0.04692587852478027 0.04306448698043823
43 0.6207651774088542 0.6699229717254639 0.11405181884765625 0.02788963317871094
44 0.7306983947753907 0.7738590240478516 0.08708928426106771 0.05565223693847656
58 0.7511505126953125 0.4716944694519043 0.11724192301432292 0.014246749877929687
55 0.45682315826416015 0.46973838806152346 0.1352307637532552 0.018246269226074217
13 0.33129908243815104 0.04355853497982025 0.04506060282389323 0.04514713883399964
38 0.3364951451619466 0.6388981819152832 0.12495079040527343 0.04944343566894531
55 0.45261758168538413 0.45414347648620607 0.13365592956542968 0.017099475860595702
61 0.31950248082478844 0.4905510902404785 0.12821636199951172 0.01965961456298828
55 0.46318836212158204 0.5062722206115723 0.14081815083821614 0.018265914916992188
13 0.7212945938110351 0.1167174071073532 0.040697479248046876 0.04301381707191467
58 0.6039133071899414 0.4606632232666016 0.11782430013020834 0.014452743530273437
58 0.7292496999104817 0.44833102226257326 0.11591771443684896 0.014461421966552734
61 0.3185864845911662 0.4771144390106201 0.12721072832743327 0.015294933319091797
43 0.6177777608235677 0.6472050189971924 0.11556650797526041 0.02026023864746094
