10 0.5237207412719727 0.4881565093994141 0.04620857238769531 0.03556070327758789
16 0.7105194091796875 0.5355779647827148 0.04688059488932292 0.03725290298461914
10 0.5214812596638997 0.5354302883148193 0.045076751708984376 0.03517131805419922
23 0.3450124422709147 0.5120798110961914 0.06856714884440104 0.015131568908691407
10 0.4768746693929036 0.5356374740600586 0.04364916483561198 0.03455905914306641
10 0.47796605428059896 0.48837857246398925 0.04491488138834635 0.035459136962890624
16 0.6628839492797851 0.5351546764373779 0.04658037821451823 0.03764152526855469
17 0.5683965047200521 0.5342334747314453 0.0442498524983724 0.03641319274902344
31 0.2672419230143229 0.5333804130554199 0.05872503916422526 0.025494384765625
31 0.205174191792806 0.5339280128479004 0.0629845937093099 0.027515602111816407
23 0.34874935150146485 0.4974092483520508 0.06665484110514323 0.015175628662109374
23 0.34147218068440754 0.5268697738647461 0.0668298085530599 0.015431976318359375
16 0.7222606658935546 0.4869531631469727 0.049745941162109376 0.033504486083984375
23 0.35275936126708984 0.4826497077941895 0.06498209635416667 0.015160655975341797
17 0.6140125910441081 0.5350699424743652 0.04501622517903646 0.03619194030761719
31 0.2330711046854655 0.5101529121398926 0.059143479665120444 0.022191905975341798
24 0.4124349276224772 0.5267797470092773 0.06800416310628256 0.015260887145996094
24 0.4148633639017741 0.5115965366363525 0.06728153228759766 0.014783954620361328
31 0.283395258585612 0.5099949836730957 0.04192975362141927 0.02096385955810547
24 0.4172348658243815 0.49648337364196776 0.06574300130208334 0.014800167083740235
16 0.6710498174031575 0.48732600212097166 0.050307973225911455 0.0341766357421875
24 0.4194319407145182 0.4826660633087158 0.06311378479003907 0.014296627044677735
17 0.5718315760294597 0.48746213912963865 0.04589983622233073 0.034028244018554685
