16 0.5724828084309895 0.586405611038208 0.04276873270670573 0.03838167190551758
17 0.4879801114400228 0.5815764904022217 0.04147383371988932 0.03695487976074219
17 0.4939326286315918 0.5316253185272217 0.041301727294921875 0.04088010787963867
47 0.22802561124165852 0.5689995765686036 0.04931850433349609 0.049069786071777345
16 0.5374535878499349 0.534163522720337 0.04182904561360677 0.04213571548461914
17 0.40504026412963867 0.5793462753295898 0.0418328603108724 0.03644580841064453
16 0.5300927480061849 0.5845395088195801 0.042047882080078126 0.03870058059692383
10 0.36152242024739584 0.5796364784240723 0.04215685526529948 0.03634300231933594
47 0.17531003952026367 0.5682625770568848 0.05243326822916667 0.04901046752929687
17 0.4464134216308594 0.5803014755249023 0.040764109293619795 0.036758804321289064
10 0.32071647644042967 0.5282173156738281 0.04224669138590495 0.042965126037597653
47 0.12074124018351237 0.5670090675354004 0.05410184860229492 0.05068225860595703
10 0.2767538785934448 0.5787425994873047 0.04300166765848796 0.03569450378417969
10 0.3194246927897135 0.579551362991333 0.041332244873046875 0.035171222686767575
17 0.40954357782999673 0.5288293361663818 0.04161516825358073 0.04118547439575195
10 0.3640196164449056 0.5283026695251465 0.04236532847086589 0.04257965087890625
17 0.4516236623128255 0.5301960945129395 0.041412734985351564 0.04099712371826172
10 0.27705581188201905 0.5277142524719238 0.04388044675191243 0.043023204803466795
16 0.5802111307779948 0.5360865592956543 0.04293492635091146 0.04232845306396484
