38 0.29727764129638673 0.6887145042419434 0.08699061075846354 0.028520774841308594
6 0.3500078201293945 0.5410189628601074 0.0433837890625 0.038738059997558597
9 0.24134461085001627 0.547777795791626 0.0587893803914388 0.04818439483642578
43 0.4807339350382487 0.6977850914001464 0.08709729512532552 0.025963878631591795
17 0.5763113657633464 0.5204840660095215 0.03776982625325521 0.039450454711914065
19 0.39742844899495444 0.5324986457824707 0.05071531931559245 0.04365406036376953
19 0.44921131134033204 0.5288830757141113 0.049083900451660153 0.044136428833007814
29 0.9057001749674479 0.49736967086791994 0.05248184204101562 0.023888397216796874
6 0.3000880559285482 0.5452398300170899 0.04345982869466146 0.039061450958251955
17 0.49573882420857746 0.5271268844604492 0.039486058553059894 0.03921451568603516
39 0.5573483943939209 0.6704818725585937 0.06043087641398112 0.054875946044921874
28 0.853191884358724 0.501490306854248 0.05295995076497396 0.02529449462890625
17 0.5367252349853515 0.5241012096405029 0.03995170593261719 0.0395167350769043
39 0.6182215372721355 0.6642091751098633 0.061236572265625 0.0541015625
16 0.6916200002034505 0.5091178894042969 0.038206227620442706 0.03731985092163086
38 0.39232184092203776 0.7108702182769775 0.08620325724283855 0.020596027374267578
38 0.3049705187479655 0.7211741447448731 0.08745981852213541 0.023014640808105467
16 0.6530525207519531 0.5134012222290039 0.037548065185546875 0.038481521606445315
16 0.6145842870076498 0.5175624847412109 0.038059107462565106 0.03893260955810547
58 0.3783799489339193 0.5824323654174804 0.08335037231445312 0.013493156433105469
31 0.7424145380655924 0.5119762420654297 0.057141876220703124 0.025018310546875
58 0.3788195927937826 0.5945492744445801 0.08407656351725261 0.014646625518798828
54 0.7585667928059896 0.6466349601745606 0.06971766153971354 0.05621042251586914
23 0.6442587534586589 0.6077280044555664 0.058056004842122394 0.016705131530761717
48 0.8261982599894205 0.6398410797119141 0.070196533203125 0.05304107666015625
31 0.7992446899414063 0.506580924987793 0.05649871826171875 0.024639129638671875
58 0.28343644936879475 0.6154216766357422 0.09689027468363444 0.01810760498046875
58 0.691586430867513 0.6720117568969727 0.0826391855875651 0.018740177154541016
58 0.2828301111857096 0.6002185821533204 0.0927636464436849 0.017339706420898438
45 0.48904193242390953 0.6078135013580322 0.09589621225992838 0.020472908020019533
58 0.2873083114624023 0.6452106952667236 0.09703648885091146 0.019326114654541017
53 0.8427116394042968 0.5650973796844483 0.06424229939778646 0.05399875640869141
23 0.6389291127522786 0.5928995609283447 0.05908533732096354 0.015537166595458984
58 0.2849088350931803 0.6311426162719727 0.09638353983561197 0.01848125457763672
55 0.39073429107666013 0.6383735656738281 0.09658279418945312 0.017891788482666017
40 0.5615365505218506 0.5819403648376464 0.06543779373168945 0.028256893157958984
58 0.38106822967529297 0.6091094017028809 0.08747800191243489 0.014998054504394532
21 0.7894282023111979 0.5630995750427246 0.052274831136067706 0.0140228271484375
40 0.5708243052164713 0.5895318031311035 0.06055374145507812 0.021863555908203124
40 0.5761151631673177 0.6034616470336914 0.061983744303385414 0.01890430450439453
45 0.48179925282796227 0.5961000442504882 0.09425621032714844 0.018731689453125
55 0.3894907633463542 0.622931432723999 0.09629236857096354 0.016477108001708984
27 0.744418716430664 0.5814073562622071 0.05510431925455729 0.014652824401855469
9 0.23200422922770184 0.5066536903381348 0.049877866109212236 0.032556343078613284
45 0.472459602355957 0.583157730102539 0.08480300903320312 0.021591758728027342
23 0.6326548894246419 0.5797261714935302 0.056645965576171874 0.013584232330322266
27 0.7378126780192057 0.5688979148864746 0.05223719278971354 0.013698863983154296
27 0.6920349756876628 0.5878189086914063 0.05233014424641927 0.013239860534667969
