16 0.289987309773763 0.5612858772277832 0.0372866948445638 0.046264362335205075
16 0.3275867462158203 0.5590003490447998 0.03742357889811198 0.04543256759643555
17 0.4409914970397949 0.5881223678588867 0.03500912984212239 0.028686332702636718
19 0.5158000310262044 0.5859294891357422 0.04220441182454427 0.023937320709228514
12 0.6494876225789388 0.43728790283203123 0.030016962687174478 0.030542755126953126
17 0.4736401875813802 0.5453081130981445 0.03559964497884115 0.0339665412902832
19 0.652050526936849 0.5458989143371582 0.045206451416015626 0.045157432556152344
2 0.6828623453776042 0.4369960784912109 0.03605244954427083 0.034191322326660153
17 0.4758980433146159 0.5861827850341796 0.03523324330647786 0.028047561645507812
23 0.5022070566813152 0.48886928558349607 0.060140164693196614 0.015162086486816407
2 0.7192712783813476 0.43689746856689454 0.03729578653971354 0.03529491424560547
17 0.40483665466308594 0.5900280475616455 0.0360876719156901 0.028904438018798828
54 0.25825958251953124 0.6749728202819825 0.073944091796875 0.05811033248901367
16 0.36509037017822266 0.5569185256958008 0.03703384399414063 0.045294761657714844
16 0.2524046579996745 0.5622107028961182 0.036904525756835935 0.04581031799316406
17 0.43826500574747723 0.5465963363647461 0.03497804005940755 0.03425302505493164
19 0.5155845006306966 0.5524455070495605 0.04410858154296875 0.04477977752685547
19 0.5608226776123046 0.5834955692291259 0.04303143819173177 0.024267101287841798
17 0.4023198445638021 0.5481842041015625 0.03646907806396484 0.03476142883300781
19 0.6068922678629557 0.5483572959899903 0.04355214436848958 0.044721794128417966
2 0.7558207829793294 0.435717248916626 0.03661638895670573 0.036371898651123044
48 0.17550306320190429 0.6792456626892089 0.08595056533813476 0.062369346618652344
45 0.15148607889811197 0.5883626937866211 0.02607860565185547 0.056109046936035155
19 0.6474890391031901 0.580040454864502 0.04121322631835937 0.024732208251953124
38 0.5178632100423177 0.6773210525512695 0.08601760864257812 0.020253944396972656
19 0.6046918869018555 0.5815539360046387 0.04218559265136719 0.023357963562011717
23 0.4992256164550781 0.47377924919128417 0.05814933776855469 0.015235233306884765
2 0.7518062591552734 0.47724189758300783 0.036989593505859376 0.026648426055908205
16 0.2930803616841634 0.5971803665161133 0.03740425109863281 0.02730693817138672
2 0.7937026977539062 0.43903770446777346 0.038289642333984374 0.044971370697021486
12 0.6196267445882161 0.43846654891967773 0.029450098673502605 0.030806922912597658
45 0.1751458485921224 0.5882264137268066 0.023108196258544923 0.05454864501953125
16 0.3677754720052083 0.592393159866333 0.03688748677571615 0.02778787612915039
16 0.2550822893778483 0.5982328891754151 0.037134043375651044 0.027878665924072267
2 0.7887257258097331 0.47549920082092284 0.03665720621744792 0.027495193481445312
19 0.561717414855957 0.5501581192016601 0.04390856424967448 0.044561004638671874
38 0.43340015411376953 0.6784865379333496 0.08519973754882812 0.0274658203125
12 0.6490759531656901 0.48068923950195314 0.027861785888671876 0.026041221618652344
24 0.566000493367513 0.48447532653808595 0.02196807861328125 0.02882394790649414
2 0.6804647445678711 0.4801650047302246 0.03355420430501302 0.026273155212402345
2 0.715321159362793 0.47960147857666013 0.035825856526692706 0.026444625854492188
45 0.19867237408955893 0.5870294570922852 0.02597192128499349 0.05350360870361328
24 0.5434144496917724 0.48505234718322754 0.022494729359944662 0.02693967819213867
45 0.22341763178507487 0.5846633911132812 0.02427082061767578 0.055414009094238284
12 0.5892658233642578 0.4392093658447266 0.03049608866373698 0.03086395263671875
45 0.12375111579895019 0.5900274276733398 0.030614153544108073 0.053379058837890625
16 0.33064152399698893 0.5948566436767578 0.036787160237630206 0.026765727996826173
27 0.43420511881510415 0.4319601058959961 0.06078669230143229 0.015523338317871093
12 0.6210806528727214 0.4819678783416748 0.027846527099609376 0.025655174255371095
43 0.6650083541870118 0.6676135063171387 0.06724103291829427 0.019861507415771484
42 0.3420165697733561 0.6799736022949219 0.09492855072021485 0.03590850830078125
12 0.5923065821329753 0.48278303146362306 0.02857373555501302 0.026773834228515626
27 0.4356364885965983 0.4466079235076904 0.06050052642822266 0.014746761322021485
43 0.5997582753499349 0.6723426818847656 0.07389424641927084 0.017751121520996095
27 0.44131628672281903 0.49037933349609375 0.059878094991048174 0.015248489379882813
58 0.1558389941851298 0.48055830001831057 0.08849399089813233 0.009760475158691407
55 0.35416920979817706 0.4864386558532715 0.10417874654134114 0.015081501007080078
58 0.15274484952290854 0.49144935607910156 0.09630931218465169 0.011721038818359375
27 0.43757492701212564 0.4607861518859863 0.059819730122884114 0.014739799499511718
43 0.6550008138020833 0.6514978408813477 0.0677642822265625 0.015136623382568359
