32 0.12590902646382648 0.5920682907104492 0.056829675038655596 0.042982864379882815
43 0.5691111246744792 0.5419577121734619 0.06620025634765625 0.027717399597167968
55 0.20254400571187336 0.31920318603515624 0.11684770584106445 0.0237823486328125
32 0.065707000096639 0.5984982490539551 0.06046603520711263 0.04357223510742188
32 0.12128594716389975 0.5480499267578125 0.05275367101033528 0.04040794372558594
38 0.5199338277180989 0.6015725135803223 0.07508074442545573 0.029471588134765626
55 0.20483967463175456 0.3417786121368408 0.09037640889485678 0.022077465057373048
33 0.39960931142171224 0.30469954013824463 0.08840052286783855 0.020596027374267578
61 0.31190052032470705 0.34153716564178466 0.06932004292805989 0.019702720642089843
34 0.63749574025472 0.531587791442871 0.06224225362141927 0.02891960144042969
44 0.2887910842895508 0.5517335891723633 0.07750530242919922 0.04838619232177734
40 0.5327506383260091 0.8051688194274902 0.016588592529296876 0.04299583435058594
38 0.5990272521972656 0.5874685287475586 0.06958338419596354 0.028581523895263673
58 0.06574580669403077 0.3170799732208252 0.0832571824391683 0.02272663116455078
32 0.06277146240075429 0.553647232055664 0.05976553161938985 0.04252443313598633
33 0.4057660420735677 0.32253212928771974 0.07803592681884766 0.013972663879394531
40 0.5142712593078613 0.8114267349243164 0.01919714609781901 0.04652843475341797
61 0.30910078684488934 0.32143416404724123 0.08288536071777344 0.021991634368896486
40 0.5497942606608073 0.8018877029418945 0.01647466023763021 0.043670654296875
45 0.5869504928588867 0.7853196144104004 0.016853968302408855 0.054873085021972655
45 0.5686027526855468 0.7902212619781495 0.018578084309895833 0.0534306526184082
39 0.31991167068481446 0.6412508487701416 0.07419668833414714 0.04159994125366211
45 0.6054761250813802 0.7809294700622559 0.01886444091796875 0.054651832580566405
58 0.06812981764475505 0.33443734645843504 0.07121720314025878 0.013695812225341797
38 0.6022664388020833 0.6096410751342773 0.056429290771484376 0.01805267333984375
