3 0.5425612555609809 0.42671427726745603 0.02962214152018229 0.027537822723388672
9 0.4817292107476128 0.3984596093495687 0.030852423773871526 0.02913980484008789
3 0.573211669921875 0.39966912269592286 0.029810587565104168 0.028050899505615234
3 0.5728399912516277 0.42707188924153644 0.029381815592447916 0.027473640441894532
9 0.4508106231689453 0.39761131604512534 0.02962315877278646 0.029232883453369142
7 0.6379881540934245 0.4010545571645101 0.02923100789388021 0.029150867462158205
9 0.48156346215142143 0.4263003349304199 0.030564329359266493 0.027555465698242188
7 0.69713134765625 0.43015626271565754 0.030304463704427083 0.026336860656738282
7 0.6680235544840495 0.4008579095204671 0.031194051106770832 0.030657418568929038
3 0.6034436543782552 0.40015772183736165 0.030384318033854166 0.028304004669189455
7 0.6996594746907552 0.4011810302734375 0.03151397705078125 0.03229179382324219
3 0.6035929361979167 0.42754507064819336 0.030018361409505208 0.02774219512939453
9 0.4511901643541124 0.4257357915242513 0.028608322143554688 0.026938438415527344
7 0.6352526346842448 0.4282855987548828 0.03019256591796875 0.02782020568847656
9 0.5124844868977865 0.39907795588175454 0.02964045206705729 0.02908013661702474
3 0.5431063758002387 0.39952243169148766 0.029853057861328126 0.028193283081054687
9 0.5126222186618381 0.4267415046691895 0.029356087578667533 0.027452850341796876
7 0.666116205851237 0.4292923927307129 0.030028025309244793 0.02753162384033203
