9 0.36685981750488283 0.7980852127075195 0.046416854858398436 0.045959854125976564
12 0.6596794128417969 0.8015755653381348 0.031194559733072915 0.03728771209716797
28 0.48096189498901365 0.5855809688568115 0.056625048319498696 0.029711341857910155
3 0.413817024230957 0.7975513458251953 0.04472948710123698 0.04646511077880859
10 0.5304334322611491 0.8011162042617798 0.036205991109212236 0.03995051383972168
29 0.4200281143188477 0.5848854064941407 0.059407488505045576 0.030744075775146484
31 0.5403316656748454 0.5854218482971192 0.058771737416585285 0.029618167877197267
29 0.358880869547526 0.5870664596557618 0.058895238240559894 0.029877376556396485
9 0.3719740549723307 0.7624399185180664 0.04443003336588542 0.024901580810546876
13 0.5970586140950521 0.8012272119522095 0.031048329671223958 0.039002180099487305
10 0.49292869567871095 0.800990104675293 0.037025197347005205 0.04016132354736328
29 0.42409613927205403 0.5586233139038086 0.05146573384602864 0.021095466613769532
29 0.36488863627115886 0.5609231948852539 0.05823326110839844 0.022442626953125
12 0.6284113566080729 0.8009135246276855 0.031580607096354164 0.03879489898681641
10 0.4553396224975586 0.8015710830688476 0.036014429728190106 0.040196800231933595
54 0.38026393254597984 0.675467586517334 0.07902393341064454 0.0743337631225586
39 0.5673686345418294 0.3172016143798828 0.08436152140299479 0.038570308685302736
48 0.4661473274230957 0.6795229911804199 0.08285433451334635 0.06850633621215821
44 0.652477518717448 0.31423606872558596 0.08235015869140624 0.04535202980041504
13 0.5652989705403646 0.8011772155761718 0.032088979085286455 0.038875579833984375
3 0.41740709940592446 0.7618884086608887 0.04347521464029948 0.025163841247558594
40 0.6153448740641276 0.5736717224121094 0.024283854166666667 0.044583892822265624
45 0.6694007873535156 0.5642003059387207 0.026798121134440103 0.061926651000976565
28 0.4781531016031901 0.5604283332824707 0.05377744038899739 0.02186927795410156
31 0.5330828348795573 0.5447877407073974 0.05488675435384115 0.01936798095703125
45 0.6418397267659505 0.5654916763305664 0.026093800862630207 0.05841846466064453
40 0.5886933008829752 0.5736020088195801 0.02562230428059896 0.04511547088623047
31 0.5354442596435547 0.5634335994720459 0.05427843729654948 0.017499732971191406
55 0.46505279541015626 0.3145881175994873 0.11043802897135417 0.01441659927368164
10 0.4936907450358073 0.7699339389801025 0.036576461791992185 0.021372222900390626
