17 0.4801222801208496 0.7257976531982422 0.01758232116699219 0.05014114379882813
43 0.6578807512919108 0.30383528603447807 0.027956453959147136 0.08301105499267578
17 0.46183433532714846 0.723499870300293 0.019714927673339842 0.05150032043457031
39 0.7134178161621094 0.30553285810682507 0.07458000183105469 0.090972900390625
44 0.7814218839009602 0.31073765224880645 0.06506112416585287 0.09024649726019965
9 0.40563534100850424 0.6722427368164062 0.026238155364990235 0.042585500081380206
40 0.614354674021403 0.3123677571614583 0.018907610575358072 0.06429850260416667
54 0.5275752862294515 0.5409744050767686 0.04149605433146159 0.06751365661621093
10 0.4242888927459717 0.7059546576605903 0.019219684600830077 0.03367818196614583
3 0.3809986432393392 0.666981824239095 0.022442754109700522 0.04662157694498698
10 0.4429936408996582 0.7087202919854059 0.01853790283203125 0.03549927605523003
13 0.5137478828430175 0.7299328698052301 0.017580032348632812 0.03575803968641493
40 0.6347212473551432 0.3129384994506836 0.021114095052083334 0.06387608846028646
47 0.5610121726989746 0.5485635121663411 0.024626731872558594 0.06229095458984375
47 0.5845187822977702 0.550168228149414 0.02023181915283203 0.05739517211914062
12 0.4970468362172445 0.7276558982001411 0.01629018783569336 0.04321335686577691
24 0.431116517384847 0.5302075703938802 0.0120147705078125 0.044465128580729166
9 0.40343565940856935 0.7086938858032227 0.021122455596923828 0.03321342468261719
