43 0.30178236166636146 0.5995305061340332 0.11809728940327963 0.041434288024902344
47 0.6096280415852865 0.7352077484130859 0.047350565592447914 0.045361995697021484
47 0.6588204701741537 0.7370855331420898 0.04951807657877604 0.046034049987792966
47 0.5610723495483398 0.7339928627014161 0.04685681660970052 0.04741611480712891
47 0.4654348373413086 0.7305326461791992 0.04593467712402344 0.044681549072265625
38 0.5441841125488281 0.6098501682281494 0.11321423848470052 0.031201267242431642
39 0.3966814041137695 0.6640311241149902 0.08459370930989583 0.057213115692138675
44 0.4824331283569336 0.6660798072814942 0.08126360575358073 0.05399961471557617
38 0.42379900614420574 0.6067811012268066 0.12341639200846354 0.030649375915527344
43 0.17519516944885255 0.5950384140014648 0.12627404530843098 0.03744029998779297
47 0.5133068084716796 0.7316159248352051 0.04547818501790365 0.04436149597167969
43 0.1887574553489685 0.559688663482666 0.11772879759470621 0.0228790283203125
58 0.37871952056884767 0.5247807979583741 0.10654691060384115 0.016728305816650392
58 0.3805795987447103 0.5101057529449463 0.10718275705973307 0.014719676971435548
59 0.1392724633216858 0.45943565368652345 0.06882477601369222 0.018448257446289064
54 0.31878573099772134 0.7294243812561035 0.08429107666015626 0.05172042846679688
59 0.2051224708557129 0.4781654357910156 0.056418228149414065 0.015613937377929687
48 0.4007052103678385 0.7319709777832031 0.07850723266601563 0.05253543853759766
58 0.3881932576497396 0.48300809860229493 0.10417378743489583 0.01462249755859375
58 0.3898264567057292 0.46832952499389646 0.10459760030110678 0.014915657043457032
59 0.21140085856119792 0.4632407188415527 0.0598167101542155 0.014583587646484375
43 0.3055078188578288 0.5708202362060547 0.11702257792154948 0.018820571899414062
33 0.19245313008626302 0.6709757328033448 0.10548330942789713 0.025185012817382814
38 0.6637699127197265 0.6136797428131103 0.12128880818684896 0.04005985260009766
60 0.2777425209681193 0.5035687446594238 0.08588115374247234 0.013731098175048828
60 0.28109696706136067 0.49078893661499023 0.08356088002522787 0.012594032287597656
58 0.3830041249593099 0.4960923671722412 0.10764567057291667 0.014095401763916016
59 0.19234104156494142 0.5094779014587403 0.06912975311279297 0.01753063201904297
46 0.24888965288798015 0.7256213188171386 0.053980350494384766 0.04929218292236328
60 0.2767019351323446 0.5192286491394043 0.08921914100646973 0.017838096618652342
33 0.2975299835205078 0.673848009109497 0.10188153584798178 0.02454214096069336
59 0.14697500864664714 0.4437870025634766 0.06348482767740886 0.014699840545654297
46 0.19107693036397297 0.7243228912353515 0.06346222559611002 0.04907379150390625
55 0.501331647237142 0.47534894943237305 0.12121607462565104 0.018778228759765626
33 0.20098133087158204 0.64920072555542 0.10503292083740234 0.021224784851074218
55 0.49854996999104817 0.491469144821167 0.11592839558919271 0.016263198852539063
33 0.30477898120880126 0.6521168708801269 0.0960025946299235 0.0215301513671875
59 0.13711634079615276 0.4768832206726074 0.06619293689727783 0.015287208557128906
55 0.4951671600341797 0.5266468524932861 0.12486305236816406 0.0215484619140625
59 0.1293975273768107 0.49036865234375 0.07130872408548991 0.015601158142089844
59 0.21934407552083332 0.4497501850128174 0.06910343170166015 0.01444416046142578
60 0.29218273162841796 0.46462078094482423 0.08265126546223958 0.013961029052734376
55 0.4976031303405762 0.5082564353942871 0.1186550776163737 0.018906211853027342
45 0.7038476308186848 0.6642286300659179 0.02789929707845052 0.03444042205810547
45 0.6755776723225911 0.6632251739501953 0.030077107747395835 0.034037208557128905
59 0.11839354832967122 0.5071500778198242 0.07774664560953776 0.017950725555419923
59 0.20218019485473632 0.4928462028503418 0.059520721435546875 0.013453102111816407
60 0.2880606015523275 0.4775653839111328 0.08890463511149088 0.01327362060546875
44 0.5615465641021729 0.6702619552612304 0.07802584966023764 0.05650911331176758
38 0.5432212829589844 0.5890434265136719 0.1091637929280599 0.015490531921386719
