10 0.7936070760091146 0.4468560218811035 0.03988291422526042 0.03479423522949219
29 0.7152676900227865 0.8769004821777344 0.04687945048014323 0.027313423156738282
10 0.7148064931233724 0.4462787628173828 0.038841501871744795 0.033667373657226565
10 0.7540683746337891 0.44683542251586916 0.039756520589192705 0.03475933074951172
29 0.7615345001220704 0.8771020889282226 0.044146219889322914 0.026687240600585936
29 0.7214129130045573 0.9051542282104492 0.048924763997395836 0.029648590087890624
17 0.6099786758422852 0.450397253036499 0.03532880147298177 0.04401416778564453
17 0.5316113154093425 0.4490311622619629 0.03534990946451823 0.04357833862304687
17 0.5748626708984375 0.4494105339050293 0.0330291748046875 0.04445991516113281
10 0.7585177103678385 0.39847028255462646 0.03640823364257813 0.03134655952453613
10 0.7224573771158854 0.3977381229400635 0.03561668395996094 0.03174247741699219
10 0.7953503926595052 0.3986685276031494 0.03639411926269531 0.0317570686340332
29 0.7703568776448567 0.9049325942993164 0.04672406514485677 0.030396270751953124
29 0.771761957804362 0.937044334411621 0.05104904174804688 0.03216209411621094
16 0.4532496452331543 0.4435285568237305 0.03545424143473307 0.03163776397705078
31 0.7195226033528646 0.9404264450073242 0.046468861897786456 0.028270721435546875
13 0.6435850143432618 0.45240030288696287 0.03034184773763021 0.043936538696289065
16 0.345791498819987 0.4413893699645996 0.03492533365885417 0.029830074310302733
16 0.4885790506998698 0.44344234466552734 0.03428090413411458 0.03164958953857422
13 0.6744120279947917 0.45248756408691404 0.031000264485677085 0.04432840347290039
16 0.3809537251790365 0.44152212142944336 0.03509178161621094 0.031040763854980467
17 0.31100390752156576 0.4409226417541504 0.0344573974609375 0.030391502380371093
