44 0.45531088511149087 0.7738542556762695 0.0735626220703125 0.058706474304199216
43 0.5402449289957683 0.7890232563018799 0.08897387186686198 0.027161312103271485
39 0.3752590815226237 0.7741792678833008 0.07606430053710937 0.0570709228515625
42 0.19890791575113934 0.7706193447113037 0.11716238657633464 0.04600648880004883
39 0.2950753609339396 0.7645514488220215 0.07412832578023275 0.04136314392089844
43 0.5417689005533854 0.7579982280731201 0.08809954325358073 0.031123542785644533
58 0.7988721211751302 0.6468469142913819 0.09180157979329427 0.015468597412109375
58 0.7026126861572266 0.6471199035644531 0.08296229044596354 0.012622261047363281
58 0.7809036254882813 0.6203752517700195 0.08812217712402344 0.013727378845214844
58 0.6105073293050131 0.6685629844665527 0.08554051717122396 0.01799354553222656
58 0.7127577463785807 0.6686684608459472 0.07460594177246094 0.015131568908691407
37 0.07571296493212382 0.773403263092041 0.11317030986150106 0.04104270935058594
58 0.6952050526936849 0.629839277267456 0.08165715535481771 0.0140106201171875
58 0.605094846089681 0.6217318534851074 0.07881278991699218 0.012781333923339844
58 0.7901383717854817 0.633674430847168 0.0915130615234375 0.012214469909667968
58 0.6056619008382161 0.6328482627868652 0.08118438720703125 0.010922431945800781
58 0.7082655588785808 0.657098388671875 0.0776842753092448 0.009959793090820313
58 0.6060873667399088 0.6473102569580078 0.08654836018880209 0.015334701538085938
