15 0.6585964838663737 0.3442859172821045 0.04256235758463542 0.029703426361083984
15 0.6551855723063151 0.3827198028564453 0.04163818359375 0.028592777252197266
6 0.46241188049316406 0.3383620262145996 0.03483638763427734 0.03139333724975586
9 0.39433647791544596 0.4914849758148193 0.040624046325683595 0.026439571380615236
16 0.7606578191121419 0.4543707847595215 0.03449058532714844 0.030479621887207032
9 0.3117899258931478 0.4901444911956787 0.042311541239420575 0.025772476196289064
15 0.699016253153483 0.3832602024078369 0.04433377583821615 0.02889256477355957
6 0.530248514811198 0.380197811126709 0.03347994486490886 0.02950773239135742
6 0.5316151936848958 0.3385158538818359 0.033598709106445315 0.03113279342651367
16 0.7921625137329101 0.49382524490356444 0.03529688517252604 0.028592872619628906
10 0.35766127904256184 0.37793283462524413 0.03462378184000651 0.030415868759155272
15 0.7025930404663085 0.3439241886138916 0.04450823465983073 0.028812694549560546
10 0.35710665384928386 0.33638319969177244 0.035251808166503903 0.030692481994628908
28 0.11591317653656005 0.6725763320922852 0.04559706052144368 0.022230815887451173
10 0.4275726000467936 0.37883315086364744 0.033911705017089844 0.029964780807495116
6 0.4973871866861979 0.3386672496795654 0.03414573669433594 0.03146162033081055
31 0.4135826746622721 0.6503031730651856 0.04333966573079427 0.02381744384765625
7 0.5181519190470377 0.45418787002563477 0.041452916463216145 0.03239784240722656
6 0.4620562235514323 0.38000738620758057 0.033439254760742186 0.029997634887695312
16 0.7226690292358399 0.4931791305541992 0.033881886800130205 0.02759132385253906
15 0.6418664932250977 0.4928446769714355 0.0398932139078776 0.026121902465820312
15 0.6869860967000325 0.45554027557373045 0.042664591471354166 0.0303955078125
6 0.4960779825846354 0.3803553581237793 0.03356297810872396 0.030008697509765626
9 0.3512883504231771 0.4530203342437744 0.041823323567708334 0.031031227111816405
31 0.4103748321533203 0.6749744415283203 0.04579620361328125 0.024744033813476562
3 0.18073161443074545 0.4497842311859131 0.04340572357177734 0.030426692962646485
15 0.6835742314656575 0.49315643310546875 0.04148089090983073 0.026117229461669923
17 0.775240707397461 0.38233921527862547 0.03473459879557292 0.030136919021606444
3 0.265900452931722 0.45079703330993653 0.04192638397216797 0.029534912109375
10 0.28915910720825194 0.37647075653076173 0.03392937978108724 0.03083639144897461
17 0.8169283548990885 0.34099841117858887 0.036574300130208334 0.03071742057800293
3 0.22344325383504232 0.45060024261474607 0.04205309549967448 0.029308509826660157
31 0.3637516021728516 0.674406909942627 0.044902801513671875 0.024501323699951172
16 0.8299231211344401 0.4540408134460449 0.029728444417317708 0.030072975158691406
9 0.3933775583902995 0.45333280563354494 0.041439183553059894 0.03139076232910156
7 0.5173599878946941 0.4930434226989746 0.039913050333658856 0.026044464111328124
9 0.30888408025105796 0.452394962310791 0.042305310567220054 0.03108491897583008
10 0.39290377298990886 0.3783993721008301 0.034114964803059894 0.02956218719482422
16 0.7259673436482748 0.4544790744781494 0.034317398071289064 0.030907726287841795
0 0.32403411865234377 0.21625831127166747 0.05482501983642578 0.028168725967407226
10 0.32326056162516276 0.37715396881103513 0.0336676279703776 0.030933094024658204
7 0.4351906458536784 0.4539886474609375 0.04042956034342448 0.03128662109375
3 0.18323259353637694 0.48792366981506347 0.042343521118164064 0.026489448547363282
10 0.39276049931844076 0.3371135711669922 0.03435662587483724 0.031217384338378906
17 0.7396697362263998 0.38234701156616213 0.0354736328125 0.029413747787475585
16 0.7971923828125 0.454285192489624 0.03485590616861979 0.030013179779052733
3 0.2689723332722982 0.48869967460632324 0.04161675771077474 0.026459312438964842
7 0.4765602747599284 0.45554580688476565 0.04116770426432292 0.03170452117919922
3 0.22655344009399414 0.4885093688964844 0.04237575531005859 0.026686859130859376
17 0.7793373107910156 0.3411193609237671 0.03565572102864583 0.030955123901367187
7 0.476637331644694 0.49268407821655275 0.039359029134114584 0.025182247161865234
16 0.7568860371907552 0.49326257705688475 0.03318837483723958 0.028283309936523438
10 0.28717339833577477 0.3353325366973877 0.034674072265625 0.030213069915771485
17 0.7428236643473307 0.34158854484558104 0.03529205322265625 0.031210947036743163
10 0.32201061248779295 0.33585615158081056 0.034603246053059894 0.030267620086669923
15 0.6450387318929036 0.4556414604187012 0.03935368855794271 0.0289886474609375
31 0.3682702382405599 0.650078296661377 0.04381116231282552 0.023338127136230468
0 0.32131376266479494 0.2462188720703125 0.05639355977376302 0.027215099334716795
1 0.20836369196573892 0.21531119346618652 0.054033915201822914 0.030273008346557616
28 0.17866201400756837 0.6488991260528565 0.04040533701578776 0.024329280853271483
17 0.8493029276529948 0.3414262294769287 0.027561442057291666 0.030555057525634765
9 0.3534807840983073 0.4906484603881836 0.04042256673177083 0.026082801818847656
29 0.27254633108774823 0.6483946323394776 0.04327301979064942 0.023697280883789064
20 0.6193364461263021 0.37967939376831056 0.028128560384114584 0.025849199295043944
17 0.8420274098714192 0.382961368560791 0.02666893005371094 0.029582405090332033
2 0.21708628336588542 0.3750823974609375 0.034306971232096355 0.03004117012023926
29 0.2282274881998698 0.6476930618286133 0.04438463846842448 0.02361431121826172
7 0.43607838948567706 0.4921543598175049 0.04008026123046875 0.02543773651123047
2 0.18172542254130045 0.37498667240142824 0.03563340504964193 0.02996063232421875
11 0.04742163817087809 0.6654503822326661 0.08276654879252116 0.07213840484619141
29 0.2157723585764567 0.6730188369750977 0.04379981358846029 0.025049781799316405
2 0.25269403457641604 0.3754875659942627 0.03525950113932292 0.030400180816650392
25 0.6107224782307943 0.4514496326446533 0.028250885009765626 0.027556419372558594
10 0.42727553049723305 0.33767380714416506 0.03371372222900391 0.031081676483154297
29 0.2610372225443522 0.6737918853759766 0.04322369893391927 0.024881744384765626
2 0.25104703903198244 0.3343838691711426 0.03565508524576823 0.030316734313964845
17 0.8109882354736329 0.38278908729553224 0.03490447998046875 0.030478191375732423
12 0.05320553779602051 0.44325838088989256 0.028249073028564452 0.026229190826416015
25 0.5832566579182943 0.4510061264038086 0.02731641133626302 0.026850318908691405
30 0.5072750727335612 0.6495944023132324 0.041176986694335935 0.023574256896972658
2 0.21532888412475587 0.3342658281326294 0.03504041035970052 0.03121194839477539
30 0.46296898523966473 0.6502449989318848 0.04277718861897786 0.024291801452636718
28 0.162438170115153 0.6731693267822265 0.04388484954833984 0.022451400756835938
30 0.46153523127237955 0.6746155738830566 0.04324264526367187 0.023133182525634767
25 0.5552148183186849 0.451077938079834 0.027837626139322915 0.027055740356445312
1 0.2653634707132975 0.21628217697143554 0.05596790313720703 0.030759429931640624
22 0.43346614837646485 0.24920392036437988 0.04899940490722656 0.02658109664916992
30 0.5064186096191406 0.6752973556518554 0.04332110087076823 0.024823951721191406
12 0.0816200335820516 0.4435488224029541 0.02752695083618164 0.025653266906738283
20 0.5633301417032878 0.3798290491104126 0.028623580932617188 0.026621246337890626
28 0.13487499554951984 0.6484130382537842 0.042904027303059894 0.024381065368652345
31 0.31960697174072267 0.648462963104248 0.04362818400065104 0.021125316619873047
20 0.5912235895792644 0.37932288646698 0.02758165995279948 0.02646493911743164
20 0.5940174102783203 0.34408843517303467 0.02811126708984375 0.03737573623657227
2 0.17929059664408367 0.33323988914489744 0.035982704162597655 0.031073856353759765
1 0.20572848320007325 0.2454991579055786 0.0513675053914388 0.02667889595031738
25 0.5532861073811849 0.490509033203125 0.027663421630859376 0.02402915954589844
25 0.5807506561279296 0.4904839515686035 0.02572784423828125 0.023740005493164063
12 0.14292810757954916 0.4846014499664307 0.031179269154866535 0.022713184356689453
31 0.31449384689331056 0.6714183807373046 0.04672870635986328 0.025905036926269533
20 0.6225395202636719 0.34581217765808103 0.028731536865234376 0.03857569694519043
13 0.054033478101094566 0.37184507846832277 0.028397385279337564 0.025325965881347657
13 0.11332554817199707 0.372058629989624 0.02834002176920573 0.024723291397094727
13 0.07967644532521566 0.3296757459640503 0.030378373463948567 0.025059938430786133
12 0.08349266052246093 0.4832557201385498 0.028577073415120443 0.02341117858886719
20 0.5649553934733073 0.3421757698059082 0.03000335693359375 0.035082435607910155
12 0.11040658950805664 0.4440110206604004 0.029638099670410156 0.025916671752929686
1 0.262928835550944 0.24660487174987794 0.05521666208902995 0.026027870178222657
13 0.0831926981608073 0.3720098495483398 0.029645252227783202 0.02506256103515625
5 0.06456159750620524 0.2618069648742676 0.06879377365112305 0.027553081512451172
13 0.0497405211130778 0.328934907913208 0.028827110926310223 0.025442790985107423
12 0.05506282647450765 0.4828225612640381 0.02732685407002767 0.024863243103027344
13 0.1432773431142171 0.3724491119384766 0.0299652099609375 0.02468562126159668
13 0.11075247923533121 0.33008246421813964 0.029815244674682616 0.02494783401489258
22 0.3792196909586589 0.2486260414123535 0.053903961181640626 0.02566108703613281
12 0.14022971789042155 0.4443838119506836 0.030103302001953124 0.025847244262695312
12 0.1127748966217041 0.4833359718322754 0.02863632837931315 0.02277088165283203
13 0.14203275442123414 0.33075551986694335 0.031951769193013506 0.02673230171203613
22 0.3803792317708333 0.2195810317993164 0.053523890177408856 0.03230328559875488
5 0.1398876150449117 0.26276049613952634 0.06516762574513753 0.026630640029907227
22 0.4357341130574544 0.22004685401916504 0.05155321756998698 0.032993507385253903
16 0.8246983846028646 0.4937433242797852 0.028342692057291667 0.028758907318115236
25 0.6071782430013021 0.49095730781555175 0.027580769856770833 0.023601531982421875
5 0.059700822830200194 0.2244175434112549 0.07234484354654948 0.028995037078857422
