19 0.5280761082967123 0.5141104698181153 0.03345934549967448 0.03132495880126953
6 0.2875107129414876 0.513777780532837 0.032176971435546875 0.04259557723999023
3 0.41034374237060545 0.5374887466430665 0.042066001892089845 0.03255767822265625
9 0.4515718460083008 0.5294283866882324 0.03967145284016927 0.032591819763183594
9 0.4500860850016276 0.4895932197570801 0.04129511515299479 0.04474086761474609
3 0.4077979405721029 0.49795045852661135 0.042885208129882814 0.047452354431152345
18 0.4911950429280599 0.520908260345459 0.03811937967936198 0.0328155517578125
7 0.36482264200846354 0.5060004711151123 0.04508425394694011 0.046900463104248044
13 0.25692779223124185 0.5210915565490722 0.028378391265869142 0.0413482666015625
19 0.5299662907918294 0.47616004943847656 0.03611259460449219 0.04081707000732422
18 0.4915383021036784 0.4825625419616699 0.041075515747070315 0.04359416961669922
7 0.3678046544392904 0.5447351455688476 0.042720667521158856 0.033349800109863284
2 0.32291634877522785 0.5101977348327636 0.039044825236002605 0.04496345520019531
6 0.29346224466959636 0.5552011966705322 0.03310317993164062 0.036668014526367185
12 0.23084367116292318 0.5661650657653808 0.03279590606689453 0.036804580688476564
2 0.32800687154134117 0.5497834205627441 0.036377207438151045 0.03579654693603516
13 0.2626427968343099 0.5611940383911133 0.029771105448404948 0.03770132064819336
12 0.22224419911702473 0.5266860961914063 0.03786738713582357 0.04261693954467773
