21 0.9000005722045898 0.6208302497863769 0.028513081868489585 0.030386924743652344
17 0.8384401957194011 0.5607887744903565 0.04154802958170573 0.0501133918762207
17 0.7101537068684896 0.60539231300354 0.039067586263020836 0.03860158920288086
17 0.7917710622151692 0.6108418464660644 0.04237213134765625 0.03787727355957031
21 0.8692459106445313 0.6197563171386719 0.030257415771484376 0.030011558532714845
10 0.6295750935872396 0.6009910583496094 0.040386199951171875 0.037061309814453124
38 0.7280382792154948 0.7913693428039551 0.08973058064778645 0.024782180786132812
19 0.8214151382446289 0.6783164024353028 0.04752845764160156 0.04117431640625
43 0.6373593648274739 0.7819952487945556 0.08495559692382812 0.026235485076904298
10 0.5834600448608398 0.5973373889923096 0.035439554850260416 0.03622274398803711
17 0.6708441416422526 0.6029338836669922 0.038935343424479164 0.037823486328125
17 0.7499810536702474 0.607158613204956 0.0397979736328125 0.039704513549804685
19 0.8676829020182292 0.7151350975036621 0.047426096598307294 0.029897117614746095
17 0.7979915618896485 0.5586830139160156 0.04117863972981771 0.05059108734130859
19 0.8703863779703777 0.681920337677002 0.050960413614908856 0.040602493286132815
19 0.8199990590413412 0.7117569923400879 0.04756011962890625 0.028716278076171876
19 0.7717973709106445 0.6763602256774902 0.04969571431477864 0.04442520141601562
58 0.5510056813557943 0.679713773727417 0.08620999654134115 0.014623451232910156
46 0.5262643178304036 0.5787643432617188 0.06094856262207031 0.06433048248291015
46 0.46474873224894203 0.5743172645568848 0.061115074157714847 0.06404304504394531
58 0.5464087009429932 0.6945073127746582 0.08117704391479492 0.014903926849365234
58 0.4603522936503092 0.6866335868835449 0.0839169184366862 0.017194175720214845
19 0.7717779795328776 0.7107848644256591 0.04646631876627604 0.025570011138916014
55 0.628363037109375 0.7011514663696289 0.08701833089192708 0.015428924560546875
58 0.5558642705281576 0.6604803085327149 0.08444747924804688 0.011356735229492187
55 0.6359052022298177 0.6797932147979736 0.07256876627604167 0.011786842346191406
17 0.8334952036539713 0.6134594917297364 0.040058008829752606 0.03760585784912109
