44 0.2440035820007324 0.685475476582845 0.044080257415771484 0.05300420125325521
32 0.7110296249389648 0.4467204411824544 0.03427257537841797 0.03994000752766927
32 0.7470905780792236 0.44695021311442057 0.03429279327392578 0.03638954162597656
43 0.4045381546020508 0.5702967325846354 0.05444955825805664 0.03490447998046875
44 0.28941640853881834 0.6932327906290691 0.04409513473510742 0.04491844177246094
37 0.6332141876220703 0.7267641067504883 0.05865049362182617 0.050957743326822916
39 0.5093059062957763 0.5894899368286133 0.04517297744750977 0.05389887491861979
39 0.5077675819396973 0.7125653584798177 0.0446380615234375 0.050321706136067706
39 0.45991148948669436 0.7081347147623698 0.043514156341552736 0.04658495585123698
37 0.5672304153442382 0.7193018595377604 0.059563064575195314 0.05315755208333333
37 0.6370189666748047 0.6078353881835937 0.058865928649902345 0.041100565592447916
44 0.23374996185302735 0.5767204284667968 0.04649128913879395 0.05576121012369792
37 0.5674503803253174 0.5997866312662761 0.05942354202270508 0.05193023681640625
43 0.40969390869140626 0.6883276621500651 0.04995641708374023 0.024672698974609376
55 0.9606352806091308 0.4614655176798503 0.07563819885253906 0.029453023274739584
39 0.45969533920288086 0.5860130945841472 0.044692611694335936 0.05400988260904948
43 0.341216516494751 0.5811752955118815 0.060442447662353516 0.038983662923177086
38 0.694517183303833 0.7481515248616536 0.04507179260253906 0.024249521891276042
38 0.6919337272644043 0.7247449239095052 0.05010795593261719 0.026739501953125
58 0.8869804382324219 0.4553827285766602 0.05583477020263672 0.02264684041341146
1 0.018638397753238677 0.4600292523701986 0.02614680826663971 0.043910980224609375
58 0.8850112915039062 0.48029950459798176 0.05791282653808594 0.02269007364908854
55 0.9620104789733886 0.49307238260904945 0.06520099639892578 0.024779574076334635
38 0.6893048286437988 0.6982267379760743 0.04856586456298828 0.02797355651855469
44 0.28189160823822024 0.573400370279948 0.044901371002197266 0.05953928629557292
1 0.042585688829422 0.45699914296468097 0.021098899841308593 0.03782806396484375
38 0.6988664627075195 0.5976660410563152 0.049544143676757815 0.023011016845703124
43 0.4126641273498535 0.6685743967692057 0.04872417449951172 0.017164103190104165
38 0.7013124465942383 0.6192977905273438 0.044426345825195314 0.020587412516276042
