10 0.6850069681803386 0.45560197830200194 0.03523178100585937 0.030079460144042967
16 0.6495517730712891 0.4557157516479492 0.03339958190917969 0.02963409423828125
17 0.5808743794759115 0.45549607276916504 0.033837890625 0.03136434555053711
9 0.7453639348347981 0.5891254425048829 0.0416046142578125 0.025311851501464845
9 0.7516839981079102 0.5580133438110352 0.04570503234863281 0.03879489898681641
10 0.7193311055501302 0.45601139068603513 0.033304595947265626 0.030374431610107423
4 0.6958065032958984 0.7183469295501709 0.07283223470052083 0.07754020690917969
17 0.5463156382242839 0.4550447463989258 0.03344853719075521 0.03272590637207031
11 0.7740049997965495 0.716569471359253 0.08199958801269532 0.08330106735229492
3 0.7019529978434245 0.5575872421264648 0.043385823567708336 0.037305259704589845
19 0.4215613047281901 0.4593379497528076 0.04188690185546875 0.030148792266845702
12 0.7704687118530273 0.2819331169128418 0.029227066040039062 0.04013075828552246
10 0.7131448745727539 0.49314241409301757 0.03354810078938802 0.025138473510742186
3 0.703143819173177 0.5883770942687988 0.041051483154296874 0.02646665573120117
12 0.7996869405110677 0.28214426040649415 0.028285980224609375 0.04029064178466797
17 0.5787860870361328 0.49451465606689454 0.03214136759440104 0.025538825988769533
19 0.504567813873291 0.4595636367797852 0.039789708455403645 0.028500747680664063
19 0.4637198766072591 0.460175895690918 0.04029541015625 0.03078880310058594
10 0.6793931325276693 0.49251461029052734 0.03310546875 0.023548316955566407
9 0.746966552734375 0.6214531898498535 0.038639068603515625 0.021879959106445312
3 0.7058321634928385 0.6229681015014649 0.0416259765625 0.024872207641601564
17 0.5450363794962565 0.49439191818237305 0.033864466349283855 0.02422466278076172
21 0.5098129908243815 0.338900089263916 0.055193583170572914 0.009189414978027343
10 0.7137533187866211 0.4154491424560547 0.03278414408365885 0.02655487060546875
10 0.6809050242106119 0.41569671630859373 0.032190195719401044 0.027155590057373048
12 0.8656194686889649 0.3159060001373291 0.02918103535970052 0.026174259185791016
12 0.7759401957194011 0.3169809341430664 0.03047205607096354 0.027690410614013672
16 0.61219482421875 0.4934760570526123 0.032792154947916666 0.023466205596923827
12 0.858099365234375 0.2739078998565674 0.02847112019856771 0.02468142509460449
19 0.4218130111694336 0.4969770908355713 0.03946247100830078 0.021357631683349608
21 0.5118233362833658 0.35890357494354247 0.058048375447591144 0.010558462142944336
12 0.8638006846110026 0.35691680908203127 0.028861236572265626 0.024923038482666016
19 0.46348616282145183 0.4962113857269287 0.04074910481770833 0.020232105255126955
12 0.8340952555338542 0.35749106407165526 0.02913665771484375 0.02633953094482422
12 0.8064542134602865 0.3162162065505981 0.02900543212890625 0.026200628280639647
10 0.648089599609375 0.4166971206665039 0.030915323893229166 0.025292205810546874
12 0.8362489064534505 0.31601223945617674 0.0290740966796875 0.025713157653808594
19 0.5058367093404134 0.4956671714782715 0.04017435709635417 0.020356178283691406
12 0.7750314076741537 0.35831546783447266 0.029503377278645833 0.026917743682861327
12 0.8046605428059895 0.35712945461273193 0.027668507893880208 0.024934673309326173
16 0.6454480489095052 0.4919254302978516 0.03190282185872396 0.021473121643066407
21 0.20363410313924155 0.35984196662902834 0.051091512044270836 0.008502388000488281
12 0.8290584564208985 0.27448811531066897 0.029086558024088542 0.026086139678955077
16 0.6155328750610352 0.45549888610839845 0.03359349568684896 0.030245304107666016
21 0.21598615646362304 0.3394302845001221 0.046872488657633465 0.007380199432373047
