6 0.8348224639892579 0.5308601379394531 0.05423126220703125 0.06282920837402343
39 0.3949031194051107 0.37785987854003905 0.06675910949707031 0.05367460250854492
6 0.9574127833048502 0.5381964683532715 0.054364776611328124 0.06549530029296875
10 0.9207831064860026 0.4486478328704834 0.06334686279296875 0.0706742286682129
16 0.8666372934977213 0.6779307365417481 0.04496917724609375 0.055367469787597656
40 0.34969463348388674 0.3907835245132446 0.020183563232421875 0.038187265396118164
6 0.8906883875528971 0.53457670211792 0.0577178955078125 0.06718616485595703
2 0.8253538767496745 0.6119964599609375 0.05402857462565104 0.06245079040527344
44 0.5544358412424724 0.38488407135009767 0.07623879114786784 0.06002044677734375
28 0.8646849314371745 0.8709255218505859 0.06342748006184896 0.03733272552490234
2 0.9366376241048177 0.6151492118835449 0.05788421630859375 0.06465091705322265
40 0.3079644203186035 0.38928022384643557 0.02030016581217448 0.037158203125
10 0.8492335001627604 0.4472156524658203 0.058310445149739584 0.06811447143554687
30 0.8720427831013997 0.8147261619567872 0.0675994873046875 0.039592933654785153
2 0.8800370534261067 0.6121967315673829 0.053502400716145836 0.06257381439208984
10 0.975979741414388 0.4493724822998047 0.048040517171223956 0.07221469879150391
44 0.4732750574747721 0.3864133834838867 0.07625821431477865 0.046121978759765626
30 0.8794729868570964 0.7531667709350586 0.07069257100423178 0.04103355407714844
16 0.8175194422403972 0.6785634517669678 0.04994468688964844 0.057046031951904295
40 0.328791872660319 0.3894830226898193 0.021522649129231772 0.03838367462158203
27 0.9488773345947266 0.7543725967407227 0.05677871704101563 0.04136743545532227
21 0.9357330322265625 0.8729802131652832 0.06185429890950521 0.045479774475097656
27 0.9450106302897135 0.8168745994567871 0.0632781982421875 0.04324550628662109
58 0.7979349772135417 0.847349739074707 0.05804163614908854 0.07528343200683593
58 0.8049639383951823 0.7365910530090332 0.06745134989420573 0.06559543609619141
17 0.9279345194498698 0.6847176551818848 0.05296681722005208 0.06277084350585938
58 0.7882043838500976 0.8930163383483887 0.0703521728515625 0.07287654876708985
