39 0.30377813975016277 0.8216639518737793 0.05527191162109375 0.043929672241210936
44 0.3620870590209961 0.8237541198730469 0.05653502146402995 0.04518318176269531
44 0.4205344518025716 0.8280326843261718 0.05740903218587239 0.046051025390625
39 0.24536811510721843 0.818868613243103 0.0552186648050944 0.04234127998352051
38 0.42915032704671224 0.5769967555999755 0.0788129170735677 0.013997840881347656
38 0.42416769663492837 0.5919554710388184 0.08520991007486979 0.01738290786743164
61 0.47582454681396485 0.6424616813659668 0.06632410685221354 0.01119060516357422
43 0.25131993293762206 0.5897490978240967 0.08522138595581055 0.022548961639404296
61 0.4760788917541504 0.665837574005127 0.07696596781412761 0.013779830932617188
58 0.3332821528116862 0.6530811309814453 0.07379976908365886 0.010749244689941406
61 0.4755503336588542 0.6531747817993164 0.07193355560302735 0.011526107788085938
34 0.36333675384521485 0.5489608764648437 0.07421175638834636 0.016506385803222657
34 0.3359070777893066 0.5911567687988282 0.07866414388020833 0.019652938842773436
58 0.33738002777099607 0.6415765762329102 0.07342205047607422 0.011270809173583984
58 0.33050381342569984 0.6632672309875488 0.07381146748860677 0.010494422912597657
55 0.2554557959238688 0.6410080909729003 0.07995481491088867 0.011538982391357422
58 0.3386956214904785 0.6368115425109864 0.07426039377848308 0.010901641845703126
34 0.3534035364786784 0.5635712623596192 0.07863896687825521 0.014595413208007812
60 0.4093324661254883 0.6448694229125976 0.05559883117675781 0.0100921630859375
55 0.26074743270874023 0.6300716876983643 0.07462876637776693 0.012232589721679687
55 0.2638508478800456 0.6215271949768066 0.07453988393147787 0.011809349060058594
55 0.24910146395365398 0.6526182174682618 0.0800035794576009 0.014251899719238282
60 0.4027414321899414 0.6653083801269531 0.060301589965820315 0.010793304443359375
