46 0.4417167376274843 0.5231455802917481 0.08744769874476988 0.029854583740234374
46 0.4447754927758891 0.6094051837921143 0.08546208976202929 0.030278682708740234
46 0.4283640203116828 0.5803431987762451 0.11999973951523274 0.03000297546386719
46 0.4120170816716789 0.49334287643432617 0.09044347787003137 0.030121231079101564
46 0.4562532688284519 0.6361061096191406 0.08751082799424686 0.02672290802001953
46 0.40901742081263076 0.41297736167907717 0.09276393746731172 0.06321725845336915
46 0.41579227208093616 0.4612871170043945 0.09077894138990586 0.03354148864746094
46 0.456414973685931 0.6657659530639648 0.08091576229079497 0.03290882110595703
46 0.454722844207636 0.7136119842529297 0.07465922463389121 0.01951732635498047
46 0.42024972827863494 0.5521571159362793 0.08937467311715482 0.027586936950683594
46 0.4446470891082636 0.692718505859375 0.0751723285499477 0.02265939712524414
46 0.44433726546155855 0.7319169998168945 0.07321215513859833 0.019256973266601564
