6 0.6282045364379882 0.5446041584014892 0.03541997273763021 0.037002849578857425
6 0.628209940592448 0.586790657043457 0.034329732259114586 0.027821731567382813
9 0.7056423823038737 0.5444742679595947 0.0407494862874349 0.03682632446289062
9 0.7483928680419922 0.5447498798370362 0.04282824198404948 0.037361431121826175
10 0.5179737726847331 0.5875539302825927 0.03491630554199219 0.028035068511962892
6 0.6646795908610026 0.5450348854064941 0.03661753336588542 0.036690139770507814
10 0.48197250366210936 0.5877474784851074 0.035057449340820314 0.027616310119628906
6 0.6637443542480469 0.5873039245605469 0.03544667561848958 0.027975749969482423
10 0.5162722905476888 0.5465478420257568 0.03598709106445312 0.036978721618652344
10 0.4455451965332031 0.5877876281738281 0.03490918477376302 0.025930404663085938
10 0.44254531860351565 0.5479373455047607 0.035649744669596355 0.03710165023803711
57 0.7643051147460938 0.46204314231872556 0.1390101114908854 0.07181129455566407
38 0.2563563982645671 0.35158729553222656 0.09440898895263672 0.02858114242553711
2 0.5905433654785156 0.5473557472229004 0.03635393778483073 0.03599700927734375
35 0.548501714070638 0.36859760284423826 0.09399668375651042 0.019992256164550783
10 0.4067453702290853 0.5479534149169922 0.0349493662516276 0.036196136474609376
44 0.3149644215901693 0.4608955383300781 0.0772613525390625 0.056514644622802736
10 0.4796464920043945 0.5469538688659668 0.036189905802408856 0.036783790588378905
9 0.7046108245849609 0.586785078048706 0.041780980428059895 0.02966451644897461
47 0.737926165262858 0.673377513885498 0.04036140441894531 0.04165430068969726
2 0.5536656061808268 0.5472975254058838 0.035906982421875 0.036315631866455075
17 0.40928309758504233 0.6688528060913086 0.03204415639241536 0.041135215759277345
17 0.24742136001586915 0.6744335174560547 0.026165866851806642 0.0388453483581543
47 0.6962792714436848 0.6725545883178711 0.041674296061197914 0.04258508682250976
35 0.5495130062103272 0.3533118724822998 0.08886410395304362 0.012982368469238281
12 0.2450260321299235 0.5485329627990723 0.029746818542480468 0.03319082260131836
12 0.2152989387512207 0.5486172676086426 0.029903093973795574 0.033995437622070315
9 0.7474048614501954 0.5861120223999023 0.041430155436197914 0.0277435302734375
19 0.4468987464904785 0.6692023277282715 0.04002253214518229 0.03430595397949219
47 0.6527633666992188 0.6728538513183594 0.041979344685872395 0.04297018051147461
47 0.6096792856852213 0.671135425567627 0.041364288330078124 0.04061470031738281
19 0.5293894449869792 0.6699847221374512 0.037778345743815105 0.032682037353515624
39 0.23549728393554686 0.46373658180236815 0.0726104736328125 0.0546055793762207
35 0.5484609603881836 0.38993704319000244 0.09691823323567708 0.023103857040405275
12 0.2762346982955933 0.5483484268188477 0.03290034929911296 0.033115577697753903
17 0.36832717259724934 0.6726358890533447 0.03100452423095703 0.040572738647460936
37 0.40933704376220703 0.468557071685791 0.10392570495605469 0.03679380416870117
47 0.5690383275349935 0.6688261985778808 0.03814862569173177 0.0389801025390625
10 0.4097142219543457 0.5872703075408936 0.03474966684977213 0.025264263153076172
43 0.4553998947143555 0.35202052593231203 0.09171422322591145 0.025422191619873045
12 0.2859066963195801 0.5879297733306885 0.02976201375325521 0.02404298782348633
47 0.7793922424316406 0.6715935707092285 0.04006144205729167 0.040256690979003903
38 0.2555683453877767 0.3806551456451416 0.09184455871582031 0.028881168365478514
17 0.28802477518717445 0.6751946926116943 0.034017054239908855 0.04192295074462891
12 0.25702521006266277 0.5884570121765137 0.028714116414388022 0.023537445068359374
12 0.22739866574605305 0.588652229309082 0.0305328369140625 0.024170684814453124
19 0.4892097473144531 0.6710484504699707 0.041076405843098955 0.034046173095703125
13 0.371621831258138 0.5474529266357422 0.030207316080729168 0.033346366882324216
13 0.31667613983154297 0.5871647357940674 0.028846359252929686 0.024518680572509766
13 0.3416546503702799 0.5469462394714355 0.02883466084798177 0.03296241760253906
43 0.453352419535319 0.3814207077026367 0.08813311258951823 0.0341646671295166
17 0.33060118357340496 0.6751386642456054 0.024175389607747396 0.03822946548461914
42 0.521564229329427 0.47635645866394044 0.11282183329264323 0.0460667610168457
13 0.3748462994893392 0.5866786003112793 0.027403577168782552 0.023545169830322267
13 0.3112042744954427 0.5475191593170166 0.03099225362141927 0.034274864196777347
2 0.5919871012369792 0.5869847774505615 0.034946441650390625 0.026988983154296875
38 0.35680112838745115 0.37421464920043945 0.09787553151448568 0.03456134796142578
13 0.3462717056274414 0.5869664669036865 0.02819983164469401 0.023511981964111327
60 0.640269406636556 0.3929811716079712 0.06935882568359375 0.016919851303100586
2 0.5559295654296875 0.587345027923584 0.0343292236328125 0.027136516571044923
7 0.7895879109700521 0.5456998825073243 0.03932037353515625 0.037142372131347655
37 0.4125020662943522 0.43874473571777345 0.10098679860432942 0.023987865447998045
38 0.3564053853352865 0.34950504302978513 0.09583511352539062 0.019537639617919923
60 0.6388225555419922 0.3771073818206787 0.07089818318684896 0.014818477630615234
60 0.79613037109375 0.38177268505096434 0.07384414672851562 0.017569208145141603
58 0.7160350163777669 0.38173699378967285 0.06943041483561198 0.016681098937988283
