63 0.2504360622829861 0.26242799758911134 0.0591795179578993 0.05924673080444336
63 0.26452738444010415 0.5798773288726806 0.057487403021918404 0.052689647674560545
63 0.2563903596666124 0.5267071723937988 0.056212064954969616 0.0533355712890625
63 0.2598168690999349 0.45272188186645507 0.05191260443793403 0.05168991088867188
63 0.31095121171739365 0.3198105335235596 0.05985035366482205 0.05795736312866211
63 0.3134153789944119 0.454163932800293 0.05742395189073351 0.053394317626953125
63 0.3121644973754883 0.2609881401062012 0.0644068823920356 0.059076690673828126
63 0.25407723320855036 0.3207064628601074 0.05488353305392795 0.05698080062866211
63 0.3205739551120334 0.5826047897338867 0.05358509487575955 0.05191755294799805
63 0.32047420077853733 0.3992610454559326 0.06612184312608507 0.05545644760131836
63 0.3128662109375 0.5301609039306641 0.0566802978515625 0.05372180938720703
63 0.2606427086724175 0.3987234592437744 0.05419158935546875 0.05593709945678711
