17 0.3409368832906087 0.43978347778320315 0.05294577280680338 0.05851325988769531
51 0.5405760447184245 0.7906101226806641 0.0667334238688151 0.06080474853515625
44 0.6893261591593425 0.7057552337646484 0.08837356567382812 0.07011394500732422
21 0.5071516672770182 0.5555211544036865 0.028608194986979165 0.04601297378540039
21 0.5367701848347982 0.5546775341033936 0.029180908203125 0.045366954803466794
24 0.6286034901936849 0.5537839412689209 0.032073974609375 0.04440984725952148
51 0.609959602355957 0.7889734268188476 0.0715813954671224 0.061034011840820315
29 0.7106953938802083 0.549760389328003 0.0722643534342448 0.045284175872802736
51 0.682640266418457 0.7859056472778321 0.06691627502441407 0.056494712829589844
21 0.5668411254882812 0.5542937278747558 0.030108896891276042 0.04469871520996094
23 0.47752997080485027 0.5564349174499512 0.03016802469889323 0.04583158493041992
17 0.39254226684570315 0.44085254669189455 0.051477940877278645 0.05865001678466797
12 0.6175552368164062 0.43747701644897463 0.04421513875325521 0.05691738128662109
12 0.6608189264933269 0.4361745834350586 0.04243609110514323 0.05758581161499023
12 0.5742211659749349 0.4390742301940918 0.0429351806640625 0.05785045623779297
10 0.704133669535319 0.43540635108947756 0.04609349568684896 0.05690956115722656
10 0.7528782526652018 0.4351848602294922 0.05191510518391927 0.05748615264892578
12 0.5321475982666015 0.4400810718536377 0.0412994384765625 0.058623886108398436
17 0.443454647064209 0.4399601459503174 0.05038808186848958 0.05923805236816406
23 0.3859192530314128 0.5573122024536132 0.030556615193684897 0.04603900909423828
39 0.5297317504882812 0.7091823577880859 0.08034655253092447 0.06810245513916016
39 0.6076220194498698 0.7053120613098145 0.07308273315429688 0.06426877975463867
22 0.3400039354960124 0.5600890636444091 0.065006955464681 0.04209012985229492
13 0.49072259267171225 0.44010152816772463 0.041574350992838544 0.05860462188720703
23 0.44708938598632814 0.5569506645202636 0.029275004069010416 0.04614400863647461
23 0.4164839426676432 0.5570860862731933 0.029619852701822918 0.04627532958984375
38 0.3333824793497721 0.7322034358978271 0.10321273803710937 0.032761669158935545
43 0.43929233551025393 0.7284493446350098 0.1033342997233073 0.034128761291503905
58 0.5701101779937744 0.6205501556396484 0.10707070032755533 0.018600082397460936
22 0.27289915084838867 0.5637436866760254 0.06743329366048177 0.04540176391601562
46 0.404331906636556 0.7924304962158203 0.0654516855875651 0.06000194549560547
24 0.6591025034586588 0.5525064468383789 0.029852294921875 0.04396953582763672
46 0.47216065724690753 0.7899048805236817 0.06394640604654948 0.05732593536376953
21 0.5974111557006836 0.5536350250244141 0.030820719401041665 0.043785381317138675
58 0.5755431493123372 0.6389202117919922 0.10927238464355468 0.019772148132324217
1 0.270911439259847 0.4560610294342041 0.08491497039794922 0.03294715881347656
46 0.3351048787434896 0.7929196834564209 0.06843922932942709 0.05749101638793945
55 0.6843512217203777 0.619201946258545 0.11523717244466146 0.018795013427734375
61 0.3173542022705078 0.6422279357910157 0.09941876729329427 0.018918228149414063
55 0.6766835530598958 0.6037107467651367 0.1146331787109375 0.015659523010253907
61 0.3182589848836263 0.6247296333312988 0.09718640645345052 0.015955638885498048
55 0.6921190897623698 0.637409782409668 0.11243642171223958 0.01900348663330078
60 0.46767393747965497 0.6168255805969238 0.08346646626790365 0.015256309509277343
60 0.4691533088684082 0.6351892948150635 0.08618513743082683 0.02035655975341797
60 0.39548912048339846 0.6263703346252442 0.0500573476155599 0.014265060424804688
60 0.39806512196858723 0.6133371829986572 0.049689229329427084 0.010991859436035156
