57 0.6592315038045248 0.7744881629943847 0.1383928934733073 0.0678750991821289
44 0.5670430501302083 0.6568620681762696 0.06888351440429688 0.05242977142333984
43 0.48381020228068033 0.6652956008911133 0.0930270512898763 0.03460063934326172
58 0.39362354278564454 0.285843563079834 0.08055915832519531 0.018566417694091796
55 0.7079887390136719 0.2921175003051758 0.0759521484375 0.021494197845458984
38 0.2892446438471476 0.6622891426086426 0.09515916506449382 0.029485130310058595
45 0.19912678400675457 0.7858593940734864 0.023429679870605468 0.05112724304199219
45 0.22368850708007812 0.7872584342956543 0.02347532908121745 0.0483184814453125
45 0.2747865358988444 0.788539981842041 0.025385602315266927 0.046303176879882814
58 0.303012212117513 0.3008297920227051 0.06606343587239584 0.011890268325805664
43 0.4876577377319336 0.636566162109375 0.08904031117757162 0.0229217529296875
39 0.7333266576131184 0.6518651962280273 0.07761522928873697 0.040464591979980466
43 0.3874723752339681 0.6594455718994141 0.0857553482055664 0.030776119232177733
58 0.4973526318868001 0.2877137899398804 0.07103805541992188 0.011986684799194337
45 0.2485556920369466 0.788124942779541 0.025412495930989584 0.04608364105224609
58 0.5025356610616049 0.2734046459197998 0.08018690745035807 0.016103076934814452
38 0.30013764699300133 0.6383214473724366 0.08958702087402344 0.019428348541259764
38 0.18899049758911132 0.6588191986083984 0.09026679992675782 0.033040428161621095
55 0.599275779724121 0.29412283897399905 0.07422345479329427 0.018277645111083984
43 0.3941107432047526 0.6338303089141846 0.08930714925130208 0.02102241516113281
58 0.30400168100992836 0.2883902549743652 0.06878528594970704 0.014058351516723633
39 0.6475203196207683 0.6451828956604004 0.07966168721516927 0.03150386810302734
43 0.4900007883707682 0.6184552669525146 0.08532460530598958 0.017296981811523438
58 0.2315286636352539 0.28885712623596194 0.06790917714436849 0.013608169555664063
49 0.6514512379964192 0.6736085891723633 0.05831451416015625 0.02080087661743164
38 0.30472564697265625 0.6240552425384521 0.08306566874186198 0.013570117950439452
58 0.23126031557718912 0.3009092092514038 0.06231756210327148 0.011181402206420898
60 0.1516108552614848 0.28905487060546875 0.06750767230987549 0.015276622772216798
38 0.20185753504435222 0.6293122291564941 0.08931471506754557 0.024497795104980468
