9 0.5602754116058349 0.599230146408081 0.06882397333780925 0.07094268798828125
10 0.566793696085612 0.5060742378234864 0.054448699951171874 0.06316089630126953
10 0.4409186045328776 0.40819778442382815 0.05871594746907552 0.06800060272216797
10 0.5629530588785807 0.39893665313720705 0.059809366861979164 0.06950044631958008
10 0.5022902170817057 0.4043398380279541 0.0602881113688151 0.06930789947509766
9 0.4856358846028646 0.6090164661407471 0.06824544270833334 0.06734323501586914
17 0.4292729377746582 0.2796666145324707 0.06642831166585286 0.07526741027832032
10 0.5094517707824707 0.5102522373199463 0.056322542826334636 0.06467275619506836
10 0.4520492871602376 0.5156973838806153 0.05513928731282552 0.06401987075805664
17 0.4961540222167969 0.2781235694885254 0.0663171132405599 0.07407770156860352
