12 0.22668772803412543 0.25919151306152344 0.05333196851942274 0.056043815612792966
17 0.4550199296739366 0.3533472537994385 0.06167466905381944 0.05725617408752441
16 0.7060854593912761 0.35037665367126464 0.06175265842013889 0.05591526031494141
9 0.3203915066189236 0.20957691669464112 0.0833510504828559 0.04319610595703125
12 0.1718343734741211 0.2593973159790039 0.055446158515082465 0.05541982650756836
10 0.5099537743462457 0.25876469612121583 0.06086603800455729 0.057543373107910155
10 0.4465689765082465 0.25868654251098633 0.0628875732421875 0.057660245895385744
9 0.23727955288357205 0.20990495681762694 0.08150380452473958 0.04272751808166504
17 0.5180608961317275 0.3526108980178833 0.061454094780815975 0.05749034881591797
16 0.6438008626302083 0.35118923187255857 0.061307525634765624 0.05595321655273437
17 0.5810282813178168 0.3525218963623047 0.06112306382921007 0.05707216262817383
12 0.1184162457784017 0.25907101631164553 0.05194704267713759 0.05558147430419922
6 0.7742054409450955 0.25812792778015137 0.06203850640190972 0.05546159744262695
25 0.18081003824869793 0.35298311710357666 0.053405846489800346 0.0547727108001709
20 0.39614745246039496 0.3529507637023926 0.051382361518012155 0.05609874725341797
3 0.41245930989583335 0.2092685282230377 0.08518744574652778 0.04072359800338745
16 0.770460934109158 0.34941830635070803 0.06391211615668403 0.05618219375610352
13 0.38723780314127604 0.25952301025390623 0.05175916883680556 0.05658612251281738
13 0.2801028357611762 0.2592047691345215 0.0528013441297743 0.05550861358642578
9 0.1484550264146593 0.20992579460144042 0.08637962341308594 0.043002986907958986
3 0.4961603800455729 0.2095271110534668 0.07779659695095487 0.04108753204345703
25 0.2349969228108724 0.3527165412902832 0.054723866780598956 0.05510158538818359
20 0.34344495137532555 0.35344743728637695 0.052214558919270834 0.054738616943359374
7 0.6528495364718967 0.20717459321022033 0.07636642456054688 0.03802746534347534
44 0.30888792673746746 0.451113224029541 0.12367803785536025 0.03784618377685547
7 0.7369537353515625 0.20895497798919677 0.08672570122612847 0.0419189453125
13 0.33426365322536894 0.2594860553741455 0.052668253580729164 0.056046056747436526
25 0.12592102686564127 0.35286922454833985 0.0557972166273329 0.05449409484863281
20 0.2896658579508464 0.35306220054626464 0.053472646077473956 0.055543136596679685
6 0.7174136691623264 0.2579782009124756 0.05165150960286458 0.05582451820373535
3 0.5747026231553819 0.20872435569763184 0.07538486056857639 0.03889317512512207
39 0.17857801649305555 0.4504849910736084 0.12840919494628905 0.04278421401977539
2 0.6590537601047092 0.2558002948760986 0.06473312377929688 0.059191417694091794
61 0.4364465501573351 0.44441990852355956 0.12292209201388889 0.01682252883911133
2 0.5827399359809028 0.25702247619628904 0.06487079196506076 0.05802230834960938
55 0.7120107014973959 0.4386615753173828 0.16226755777994792 0.02252826690673828
61 0.4332975599500868 0.4601289749145508 0.12628546820746528 0.015423202514648437
56 0.5622642093234592 0.4479216575622559 0.12050594753689237 0.013351154327392579
61 0.4387700398763021 0.4319805145263672 0.11984405517578126 0.010585594177246093
