9 0.6313443501790365 0.34574596881866454 0.06171213785807292 0.06979618072509766
9 0.683133316040039 0.33105101585388186 0.04545923868815104 0.06854877471923829
10 0.5579882303873698 0.6387233257293701 0.03822886149088542 0.04789819717407227
10 0.575916035970052 0.5629838943481446 0.040979894002278645 0.04545440673828125
7 0.6208922704060872 0.44527349472045896 0.06461741129557291 0.0663137435913086
12 0.5602727254231771 0.4966552734375 0.032647705078125 0.04366798400878906
7 0.6752019246419271 0.41898698806762696 0.05664113362630208 0.06504783630371094
10 0.6183099110921224 0.5714170932769775 0.04372075398763021 0.050337696075439455
10 0.6642314910888671 0.5756538867950439 0.045806630452473955 0.05227212905883789
2 0.6406202952067057 0.6559633731842041 0.04354693094889323 0.054526901245117186
2 0.5981774012247721 0.6477095127105713 0.039898045857747394 0.05469999313354492
13 0.6705376307169596 0.5099657535552978 0.04241511027018229 0.049076271057128903
58 0.6500944137573242 0.842320728302002 0.08475685119628906 0.02633056640625
58 0.6546143849690755 0.7968315124511719 0.07361348470052083 0.038657188415527344
12 0.5939407348632812 0.5012743949890137 0.034174346923828126 0.04147148132324219
17 0.6493077596028646 0.7159689903259278 0.040977223714192705 0.04806442260742187
17 0.6081956227620443 0.7068365097045899 0.039350636800130206 0.04893970489501953
13 0.6299827575683594 0.5070840358734131 0.03542658487955729 0.04321165084838867
58 0.5849387486775716 0.807127857208252 0.05382130940755208 0.049191856384277345
58 0.5808997472127279 0.8482152938842773 0.052023696899414065 0.04539146423339844
