42 0.30271561940511066 0.5145724296569825 0.06090259552001953 0.02703571319580078
42 0.4099498112996419 0.5444442749023437 0.06229820251464844 0.02741832733154297
37 0.47730197906494143 0.5205146789550781 0.06330553690592448 0.024764442443847658
37 0.5372061411539714 0.5500076293945313 0.05913899739583333 0.03062152862548828
37 0.5421230951944987 0.522120189666748 0.06324577331542969 0.025958251953125
42 0.4125011444091797 0.5194935321807861 0.06005668640136719 0.02447967529296875
41 0.6692859013875325 0.6153068542480469 0.09195683797200521 0.048687744140625
44 0.5979306538899739 0.5200901508331299 0.039660135904947914 0.026374053955078126
44 0.6883405049641927 0.5268168449401855 0.04324913024902344 0.025030517578125
44 0.6426709493001302 0.5209428787231445 0.04180908203125 0.025417041778564454
39 0.7873699188232421 0.5289511203765869 0.046432240804036455 0.028977680206298827
37 0.47546812693277996 0.5469774723052978 0.06344375610351563 0.029585933685302733
39 0.7355520884195964 0.5302736282348632 0.04558639526367188 0.02600517272949219
42 0.3580425898234049 0.5177220344543457 0.050081125895182294 0.02526226043701172
42 0.3485421180725098 0.5424140930175781 0.05657354990641276 0.024448966979980467
41 0.7668338775634765 0.622152042388916 0.09113362630208334 0.04953327178955078
44 0.5937234242757161 0.5521078109741211 0.04446868896484375 0.032373237609863284
45 0.9399424235026042 0.6439085960388183 0.01760584513346354 0.042591094970703125
45 0.9232424418131511 0.6428278923034668 0.017771021525065104 0.04198026657104492
44 0.6394592920939127 0.5521818161010742 0.04240582784016927 0.03129558563232422
39 0.7345415751139323 0.5556377410888672 0.04431279500325521 0.019500160217285158
45 0.9570194244384765 0.6447295188903809 0.019015757242838542 0.04315967559814453
44 0.6868939717610677 0.5564435005187989 0.04326553344726562 0.02791452407836914
42 0.29148362477620443 0.5403049468994141 0.052832539876302084 0.022650146484375
45 0.9048892974853515 0.6398237228393555 0.019988123575846353 0.04361410140991211
39 0.7860064188639323 0.5567585945129394 0.04561538696289062 0.021361923217773436
