4 0.4177761713663737 0.5508530139923096 0.05235786437988281 0.06899309158325195
31 0.36238247553507485 0.33936247825622556 0.04219125111897786 0.03562188148498535
10 0.33192946116129557 0.4286029815673828 0.028186798095703125 0.02900562286376953
10 0.3587810198465983 0.42745075225830076 0.026866849263509116 0.028099822998046874
10 0.33990513483683266 0.465560245513916 0.025935618082682292 0.027775955200195313
7 0.3804743448893229 0.5734684467315674 0.030837122599283853 0.029357147216796876
10 0.3019763946533203 0.42954301834106445 0.031869761149088544 0.028771209716796874
10 0.31311511993408203 0.46769299507141116 0.028200658162434895 0.027632427215576173
9 0.5141024907430013 0.42627639770507814 0.0325042724609375 0.027016448974609374
10 0.3659357706705729 0.46392230987548827 0.026484934488932292 0.027589035034179688
57 0.6508425394694011 0.5144437789916992 0.06262868245442708 0.04896697998046875
7 0.3160284678141276 0.5857790470123291 0.03723494211832682 0.033569049835205075
42 0.6227906545003256 0.4449336051940918 0.050786336263020836 0.03080902099609375
28 0.40370680491129557 0.34126930236816405 0.03573595682779948 0.03451180458068848
7 0.34998420079549153 0.5782481670379639 0.032123756408691403 0.029540538787841797
37 0.5665498733520508 0.44797163009643554 0.05899810791015625 0.03240146636962891
28 0.43903207778930664 0.3424875736236572 0.03400465647379557 0.03386092185974121
13 0.49590435028076174 0.33927619457244873 0.020311864217122395 0.024289703369140624
