10 0.6587652842203776 0.16120330095291138 0.04742914835611979 0.0536848783493042
1 0.6260995864868164 0.2543909549713135 0.06260744730631511 0.03798675537109375
17 0.7599171956380208 0.1569541335105896 0.052969868977864584 0.058933377265930176
12 0.6132640838623047 0.16389164924621583 0.04071528116861979 0.051702451705932614
48 0.5594331741333007 0.5214411735534668 0.06186612447102865 0.07084236145019532
22 0.6882786432902018 0.2561309337615967 0.05794576009114583 0.03493556976318359
0 0.5586661656697591 0.2528153657913208 0.05444819132486979 0.03974614143371582
9 0.5297074635823568 0.16688153743743897 0.05013758341471354 0.04661173820495605
3 0.7475444793701171 0.2527857542037964 0.05900141398111979 0.04101996421813965
18 0.7574659983317057 0.3442371845245361 0.055517578125 0.03964366912841797
21 0.43013178507486977 0.33548831939697266 0.026204808553059896 0.04108648300170899
16 0.8247430165608723 0.15578553676605225 0.055495961507161455 0.05880694389343262
2 0.7077397664388021 0.1593938112258911 0.0504486083984375 0.054706668853759764
44 0.9608868916829427 0.5799458503723145 0.07803853352864583 0.06983146667480469
53 0.49368394215901695 0.5171996593475342 0.06119550069173177 0.0695683479309082
13 0.5737403869628906 0.16459553241729735 0.03802769978841146 0.050203895568847655
53 0.43386510213216145 0.510434341430664 0.06140886942545573 0.069537353515625
39 0.8653409957885743 0.5694093704223633 0.09683698018391927 0.06928157806396484
54 0.6290128072102864 0.5281841278076171 0.08090922037760416 0.07162017822265625
46 0.3759882609049479 0.5065860748291016 0.05493609110514323 0.06912078857421874
24 0.46141719818115234 0.33649358749389646 0.027982711791992188 0.041645240783691403
23 0.48985102971394856 0.33695111274719236 0.024392191569010416 0.04213404655456543
19 0.6976855595906576 0.3430729150772095 0.05626118977864583 0.04001011848449707
27 0.4010227521260579 0.33515019416809083 0.026776758829752605 0.04050502777099609
