15 0.752660624186198 0.48789300918579104 0.04478530883789063 0.03251361846923828
9 0.6757364908854167 0.620121955871582 0.04723040262858073 0.030265045166015626
9 0.5833140055338542 0.5757568359375 0.045377349853515624 0.03499813079833984
10 0.3178484598795573 0.6169855117797851 0.036217117309570314 0.032759571075439455
12 0.6827981313069661 0.4847406387329102 0.03099212646484375 0.030519676208496094
9 0.6297486623128256 0.6203288078308106 0.044121042887369795 0.030464363098144532
12 0.7145087560017903 0.48490467071533205 0.031261316935221356 0.030466461181640626
12 0.6513036092122396 0.48417367935180666 0.031135177612304686 0.02981281280517578
43 0.6752819697062175 0.8317899703979492 0.09719874064127604 0.03070220947265625
10 0.3546341260274251 0.617198371887207 0.03584308624267578 0.033159828186035155
10 0.39144986470540366 0.6169233322143555 0.03649991353352865 0.03340892791748047
15 0.7991949081420898 0.4884078025817871 0.048266092936197914 0.03244152069091797
6 0.5408523559570313 0.57152099609375 0.03719278971354167 0.03535680770874024
6 0.5041712760925293 0.6197906494140625 0.03575077056884766 0.03995571136474609
2 0.42850637435913086 0.5719243049621582 0.035148366292317705 0.03362541198730469
10 0.31726175944010415 0.5721474647521972 0.0355410893758138 0.034325790405273435
6 0.540853754679362 0.6205504417419434 0.0364776611328125 0.040405654907226564
51 0.7730963389078777 0.37220396995544436 0.0624267578125 0.06834468841552735
9 0.6766292572021484 0.5765627861022949 0.047750091552734374 0.036881637573242185
10 0.353678830464681 0.5730460166931153 0.03567034403483073 0.03269538879394531
9 0.6292521794637044 0.5758919715881348 0.04595514933268229 0.03626251220703125
32 0.49750423431396484 0.8551431655883789 0.042429606119791664 0.03692359924316406
9 0.5837869008382162 0.6194470405578614 0.04650319417317708 0.031752395629882815
25 0.5255060195922852 0.48355836868286134 0.03173205057779948 0.029328536987304688
13 0.5577941258748372 0.4837759494781494 0.031318283081054686 0.029853343963623047
6 0.5036533355712891 0.5756436824798584 0.03576456705729167 0.02676401138305664
7 0.8837349573771159 0.5779764175415039 0.04089647928873698 0.035118484497070314
20 0.3994760513305664 0.48291969299316406 0.031034024556477864 0.029434967041015624
15 0.8946751276652019 0.48840808868408203 0.04776840209960938 0.03323554992675781
3 0.7928595225016276 0.6261675357818604 0.041676966349283855 0.038593387603759764
15 0.8470163981119792 0.4882621765136719 0.046794891357421875 0.03253307342529297
20 0.3677130381266276 0.48287487030029297 0.03242327372233073 0.02962322235107422
25 0.4938132603963216 0.4833356857299805 0.031282933553059895 0.029495811462402342
43 0.6727199554443359 0.8596641540527343 0.0937792460123698 0.02491340637207031
23 0.14547348022460938 0.5970520973205566 0.05982615152994792 0.011966800689697266
32 0.4533029238382975 0.8114883661270141 0.04496148427327474 0.048794126510620116
13 0.5888519922892252 0.4838871002197266 0.03064117431640625 0.030027008056640624
25 0.46260162989298503 0.4829981803894043 0.03102003733317057 0.02999286651611328
2 0.4672504425048828 0.6156311988830566 0.036481475830078124 0.03266487121582031
3 0.7314454396565755 0.6239805698394776 0.04445851643880208 0.03942956924438477
44 0.3943177223205566 0.8424007415771484 0.0750207265218099 0.06407585144042968
7 0.8429766337076823 0.578792142868042 0.039773050944010416 0.034871673583984374
40 0.8629830678304037 0.8415006637573242 0.024322509765625 0.04640350341796875
23 0.14227460622787474 0.6098291873931885 0.05559907754262288 0.013433170318603516
19 0.28227440516153973 0.4858066558837891 0.04815101623535156 0.03483123779296875
7 0.8814125696818034 0.6212731838226319 0.046038055419921876 0.029922676086425782
2 0.4299382527669271 0.6158500194549561 0.03675632476806641 0.03259401321411133
13 0.6198902765909831 0.48401651382446287 0.030559666951497397 0.02908172607421875
19 0.23361247380574543 0.4848006248474121 0.048042615254720054 0.03241920471191406
45 0.864141337076823 0.7158311367034912 0.025186665852864585 0.06772832870483399
20 0.43071136474609373 0.4827901840209961 0.031801096598307294 0.029251480102539064
34 0.7765050252278646 0.8235658645629883 0.09282913208007812 0.03152275085449219
32 0.4991443634033203 0.8110409021377564 0.043888219197591144 0.0488318920135498
7 0.8360959370930989 0.6214841842651367 0.043700917561848955 0.02961311340332031
32 0.45366973876953126 0.8549402236938477 0.04366251627604167 0.0364288330078125
38 0.5700413862864177 0.8582745552062988 0.09525861740112304 0.027246475219726562
39 0.30962257385253905 0.8327202796936035 0.07998593648274739 0.042618751525878906
54 0.5331737518310546 0.3710088968276978 0.08274078369140625 0.07915291786193848
55 0.10699570178985596 0.7143243789672852 0.0951821486155192 0.018341064453125
3 0.7421183904012044 0.5865538120269775 0.0425445556640625 0.036305713653564456
58 0.2117406686147054 0.7304900169372559 0.07800315221150717 0.017651844024658202
42 0.21572429339090984 0.8467580795288085 0.10519723892211914 0.054838371276855466
18 0.1836909294128418 0.48458175659179686 0.04999465942382812 0.03456192016601563
58 0.21077852249145507 0.7144125461578369 0.09101804097493489 0.017769432067871092
46 0.9060969034830729 0.37206296920776366 0.06459681193033855 0.06932544708251953
31 0.05789290169874827 0.38232519626617434 0.05932858983675639 0.019737958908081055
37 0.11007882952690125 0.8473350524902343 0.1028796156247457 0.057754898071289064
46 0.841943868001302 0.3726840019226074 0.06502710978190104 0.06877517700195312
55 0.1100019375483195 0.7475177764892578 0.08762106895446778 0.015493011474609375
38 0.5692682266235352 0.8305245399475097 0.09422734578450521 0.029093551635742187
34 0.774603525797526 0.8572093963623046 0.09769465128580729 0.02804393768310547
55 0.11171971956888835 0.7315510749816895 0.08593851725260417 0.018497467041015625
51 0.7041550954182942 0.372418212890625 0.07100067138671876 0.06770877838134766
19 0.3291224479675293 0.48440895080566404 0.04410622914632161 0.03185749053955078
45 0.8175253550211589 0.7138077259063721 0.023279317220052085 0.06895837783813477
45 0.840158208211263 0.7153066158294678 0.023087056477864583 0.06939420700073243
61 0.3060553789138794 0.6925379753112793 0.07947236696879069 0.015363597869873047
21 0.07959738572438559 0.6094983100891114 0.057896025975545246 0.013808631896972656
31 0.07737631797790527 0.3644590139389038 0.05393365224202474 0.016553735733032225
31 0.1347995162010193 0.3648549556732178 0.05515733559926351 0.015273284912109376
10 0.3903441111246745 0.5754667282104492 0.03632284800211589 0.029480743408203124
2 0.46551335652669273 0.5756134033203125 0.03821131388346354 0.0268524169921875
18 0.13394335110982258 0.48507370948791506 0.04861536026000977 0.03536157608032227
23 0.1636556625366211 0.5634024620056153 0.056283760070800784 0.01213388442993164
61 0.30504945119222004 0.714654541015625 0.08246587117513021 0.016586780548095703
61 0.30488707224527994 0.7318422317504882 0.06430371602376302 0.01569652557373047
23 0.1519843101501465 0.5861051082611084 0.05850130716959635 0.011124610900878906
21 0.08583016395568847 0.5962518692016602 0.059759934743245445 0.011318588256835937
24 0.2040712356567383 0.6097282409667969 0.05988728205362956 0.014012336730957031
21 0.09337307413419088 0.5855949401855469 0.05967617432276408 0.010082244873046875
5 0.7970475514729818 0.5789403438568115 0.04685160319010417 0.05355749130249023
21 0.10025237401326498 0.5749255180358886 0.05903606414794922 0.011012935638427734
55 0.10754145781199137 0.6894443035125732 0.1099971612294515 0.017412471771240234
31 0.11902748743693034 0.38121614456176756 0.061737442016601564 0.017284059524536134
31 0.10024631023406982 0.3487192392349243 0.0452916940053304 0.015917110443115234
24 0.2126118818918864 0.5864317893981934 0.05900112787882487 0.011389541625976562
23 0.16349719365437826 0.5710487365722656 0.05624675750732422 0.009963417053222656
24 0.20760618845621745 0.5973725318908691 0.060902849833170576 0.011672401428222656
27 0.2707275708516439 0.5867062568664551 0.052431551615397136 0.011538219451904298
27 0.26694502035776774 0.6106764793395996 0.05509794553120931 0.013163375854492187
21 0.10736664136250813 0.563481616973877 0.05624933242797851 0.010111427307128907
60 0.3894883473714193 0.7137710094451905 0.06197369893391927 0.013289546966552735
