48 0.8730963706970215 0.7774183909098308 0.056806182861328124 0.08883310953776041
40 0.6630402565002441 0.5581778208414714 0.014216232299804687 0.040080897013346356
44 0.5355045795440674 0.7864459991455078 0.051144981384277345 0.07824859619140626
39 0.4814788341522217 0.7783428827921549 0.05170354843139648 0.08768399556477864
3 0.18965818881988525 0.9183970133463542 0.03265523910522461 0.04573135375976563
29 0.3295139789581299 0.9166891733805339 0.02906351089477539 0.04618682861328125
17 0.15132224559783936 0.7884567896525065 0.025452637672424318 0.03502095540364583
9 0.20992003083229066 0.7883679707845052 0.028365695476531984 0.04316075642903646
3 0.1862247943878174 0.8694210052490234 0.03324346542358399 0.04979921976725261
23 0.7646330833435059 0.5760748545328777 0.016362762451171874 0.050360107421875
1 0.09089127779006959 0.9202050526936849 0.036773395538330075 0.04508260091145833
43 0.5725891590118408 0.7790290832519531 0.023320102691650392 0.06883188883463541
10 0.2349780559539795 0.7902507781982422 0.02253379821777344 0.0412445068359375
17 0.1254941701889038 0.7884392420450846 0.02555193901062012 0.036230214436848956
38 0.5945918560028076 0.7806777954101562 0.022195148468017577 0.06483891805013021
47 0.15686650276184083 0.9078346888224283 0.03064703941345215 0.0644964853922526
40 0.6492741584777832 0.5581564585367839 0.012481975555419921 0.04275665283203125
12 0.2965050220489502 0.7893149693806966 0.024105358123779296 0.04042892456054688
46 0.8238192558288574 0.7767808278401692 0.04359111785888672 0.08976694742838541
23 0.7800158500671387 0.5770718256632487 0.014249229431152343 0.050221761067708336
9 0.21382343769073486 0.7486166000366211 0.02830510139465332 0.033012135823567705
3 0.180606210231781 0.7821707407633464 0.029129886627197267 0.034379831949869794
55 0.5720070838928223 0.5464693546295166 0.019153022766113283 0.06691287358601888
58 0.5891360759735107 0.5593045552571615 0.013661956787109375 0.046348190307617186
10 0.24191055297851563 0.7489161173502604 0.024150276184082033 0.027136993408203126
34 0.6187397003173828 0.7909066518147786 0.025520706176757814 0.0657213846842448
