18 0.5903594334920247 0.6699468612670898 0.05376625061035156 0.047666740417480466
47 0.8187967936197916 0.7140486717224122 0.04221267700195312 0.052054977416992186
23 0.40548874537150065 0.5237166404724121 0.06665999094645182 0.013562583923339843
24 0.4766092618306478 0.5645953178405761 0.07335770924886068 0.016751861572265624
66 0.555392074584961 0.8587228536605835 0.16558074951171875 0.14033932685852052
23 0.40465081532796227 0.5370944976806641 0.06873130798339844 0.013708209991455078
47 0.8176249186197917 0.6592241287231445 0.04399261474609375 0.046774101257324216
18 0.5354200998942057 0.6710589408874512 0.053256988525390625 0.04806041717529297
24 0.4755558013916016 0.5236551284790039 0.06946996053059896 0.013173484802246093
23 0.4033789316813151 0.5505453109741211 0.07109807332356771 0.013872146606445312
24 0.4763832092285156 0.5488335609436035 0.07158832550048828 0.013842582702636719
23 0.40217863718668617 0.5650376796722412 0.07137997945149739 0.015578269958496094
24 0.4759095509847005 0.535789966583252 0.07098655700683594 0.012821197509765625
18 0.5383184432983399 0.7231173038482666 0.05200487772623698 0.030211734771728515
21 0.5495188236236572 0.5481429100036621 0.07235466639200847 0.013548660278320312
21 0.552127456665039 0.5636824607849121 0.07229042053222656 0.016578102111816408
21 0.5478066762288412 0.534967041015625 0.07007662455240886 0.013252639770507812
18 0.5926428476969401 0.7227649688720703 0.05227851867675781 0.029559898376464843
47 0.7572486877441407 0.658712911605835 0.0277496337890625 0.03760261535644531
21 0.5463972727457682 0.5228938579559326 0.06820398966471354 0.012634468078613282
27 0.33222920099894204 0.5386174201965332 0.07077789306640625 0.012924385070800782
27 0.3340672175089518 0.5256804466247559 0.07012125651041666 0.013492012023925781
65 0.785855229695638 0.7172458171844482 0.024062601725260417 0.04562997817993164
27 0.32994394302368163 0.5520027160644532 0.07268479665120443 0.014227485656738282
19 0.700732676188151 0.6698670387268066 0.053668212890625 0.04730148315429687
65 0.7844596227010091 0.6608953952789307 0.02276128133138021 0.043126583099365234
27 0.32797381083170574 0.567390251159668 0.07420463562011718 0.01662788391113281
27 0.33569742838541666 0.5133029460906983 0.06799748738606771 0.0134185791015625
65 0.736685307820638 0.6584603309631347 0.017232259114583332 0.037222099304199216
