39 0.32428321838378904 0.6014201164245605 0.07522379557291667 0.05655250549316406
44 0.395956548055013 0.5828097343444825 0.07347742716471355 0.054926490783691405
17 0.9653572082519531 0.390737247467041 0.02086613972981771 0.03061685562133789
17 0.985244878133138 0.387347149848938 0.01963780721028646 0.02962784767150879
38 0.48664169311523436 0.573093318939209 0.08544934590657552 0.027596092224121092
60 0.4152870178222656 0.5278122901916504 0.06099395751953125 0.014990997314453126
34 0.413319460550944 0.6562645912170411 0.09301064809163412 0.03447151184082031
58 0.48856862386067706 0.5057160377502441 0.08270009358723958 0.022072029113769532
54 0.4926425615946452 0.6233901500701904 0.07151177724202475 0.047545242309570315
43 0.5660810470581055 0.5506460189819335 0.07762260437011718 0.02925281524658203
48 0.5572115580240885 0.6051078796386719 0.06930084228515625 0.042577171325683595
33 0.5704241434733073 0.4903747081756592 0.08115590413411458 0.021890544891357423
