9 0.6349711100260417 0.7217225551605224 0.04090957641601563 0.027418136596679688
9 0.6798351923624675 0.7032619953155518 0.04374237060546875 0.0398219108581543
9 0.6386820475260416 0.6912337303161621 0.03850758870442708 0.03719139099121094
17 0.5935728073120117 0.7871713638305664 0.02949968973795573 0.03560333251953125
12 0.5482036590576171 0.696931266784668 0.02544225056966146 0.030148696899414063
12 0.5757964452107748 0.700400447845459 0.030490366617838542 0.03174514770507812
3 0.7244951883951823 0.7142073631286621 0.0457916259765625 0.041155242919921876
17 0.6249990463256836 0.7940130233764648 0.03095728556315104 0.034743881225585936
43 0.3798217455546061 0.5692194938659668 0.03951129913330078 0.03902702331542969
24 0.5498821258544921 0.7751256942749023 0.018488566080729168 0.024285602569580077
39 0.41718063354492185 0.5781717300415039 0.0445648193359375 0.04382734298706055
17 0.6887870152791341 0.8113890647888183 0.03323809305826823 0.03452014923095703
44 0.5056257247924805 0.6034309387207031 0.050959014892578126 0.04745979309082031
3 0.7196833292643229 0.7450388431549072 0.0437042236328125 0.025461864471435548
23 0.568705940246582 0.7783760070800781 0.018997828165690105 0.02480316162109375
39 0.4617993672688802 0.5892523765563965 0.05602188110351562 0.043726634979248044
9 0.6770352681477865 0.734560489654541 0.04227638244628906 0.026999187469482423
58 0.33602403004964193 0.5598041534423828 0.030743217468261717 0.03545169830322266
38 0.44761679967244467 0.5055667877197265 0.03136386871337891 0.056136703491210936
17 0.6558445612589519 0.805142593383789 0.031926727294921874 0.03750762939453125
