9 0.30330010688441067 0.7233391761779785 0.05091232030438733 0.05677013397216797
12 0.4280742831443082 0.5885416984558105 0.036896163924584634 0.056276130676269534
6 0.32859306295836577 0.4331294059753418 0.051177376403491695 0.05948801040649414
9 0.25214133257682697 0.7227883338928223 0.05413773993217809 0.056324005126953125
7 0.35611091843522846 0.7197740554809571 0.05333344488252856 0.049466514587402345
10 0.2680513851367796 0.4349963188171387 0.05129659460588655 0.06258964538574219
17 0.2743136048440745 0.587343978881836 0.04369052399727414 0.05515727996826172
12 0.4668890298465083 0.5884989738464356 0.040298287618444964 0.057654380798339844
17 0.3184017129900052 0.6333135604858399 0.038605591961156545 0.03603572845458984
7 0.4071487949644665 0.7215020656585693 0.0508747992114486 0.04843769073486328
17 0.31667086243753245 0.5876018047332764 0.0405675268123702 0.05543460845947266
13 0.3553008557851441 0.5873071670532226 0.03552309473974559 0.05520076751708984
2 0.37991047796801986 0.43244285583496095 0.04828799872631101 0.059288978576660156
9 0.2572047787168192 0.764127254486084 0.050141426633080216 0.029654693603515626
10 0.21794470671181368 0.4909773349761963 0.049591825015819706 0.05513572692871094
17 0.2776249363662545 0.6326549530029297 0.04262415171907451 0.036569976806640626
9 0.3078363563165239 0.7649545192718505 0.048857406663746106 0.029193687438964843
2 0.3828601619288681 0.4884040832519531 0.0494501385238188 0.0534423828125
10 0.2145092608648916 0.4360780715942383 0.05074379228728582 0.05850296020507813
2 0.4283737547053479 0.4249506950378418 0.04834504092841381 0.04798603057861328
10 0.3291106258721119 0.48952503204345704 0.04863253362701194 0.05312414169311523
10 0.27300588067075543 0.49203052520751955 0.04738330940096054 0.051652717590332034
7 0.46160559094707293 0.7690006732940674 0.05261395257333853 0.029679584503173827
2 0.4780234775563019 0.4244990825653076 0.050568672726830216 0.04725494384765625
13 0.39166697089174457 0.5876693725585938 0.03572515089563863 0.05584011077880859
2 0.43385985187280957 0.4824408531188965 0.047471724814219886 0.04085750579833984
2 0.4815328722802278 0.4817927360534668 0.04801387925509475 0.04077472686767578
7 0.45897341022115135 0.7226288795471192 0.053681275554906545 0.0480499267578125
7 0.35765381493177245 0.765868091583252 0.05013895480432243 0.030200386047363283
19 0.22944796394831418 0.6327236652374267 0.051712147048205474 0.05725908279418945
7 0.40913465585045106 0.7676661491394043 0.05122865100515966 0.03062152862548828
13 0.43245167004356505 0.6359747409820556 0.03600719289492471 0.03651409149169922
13 0.39310779353663683 0.6370514869689942 0.03723955798124351 0.04068279266357422
13 0.35622287960191135 0.6349577903747559 0.034581201222579176 0.03848743438720703
13 0.4691717320142134 0.636628246307373 0.03596352392020379 0.036045074462890625
21 0.7393020518967419 0.2766496896743774 0.0782624083268432 0.008282661437988281
21 0.7424401335750909 0.28607792854309083 0.07799405645606179 0.009040164947509765
21 0.7443521881895768 0.2934811353683472 0.0729037371008567 0.009655284881591796
23 0.6546272127303998 0.27831211090087893 0.08056463160371236 0.009593582153320313
