43 0.5630750020345052 0.543756103515625 0.04835052490234375 0.06325855255126953
44 0.41439565022786456 0.5450923919677735 0.08078486124674479 0.0687704086303711
9 0.13938368161519368 0.45729799270629884 0.05597283045450847 0.05387668609619141
42 0.17850588162740072 0.5506378173828125 0.11502968470255534 0.0580352783203125
10 0.3073643366495768 0.45575680732727053 0.04341112772623698 0.05386142730712891
9 0.1897433280944824 0.45792179107666015 0.04818102518717448 0.05288276672363281
12 0.26615293820699054 0.45688867568969727 0.03823849360148112 0.05254573822021484
40 0.8102095286051433 0.4384774208068848 0.02930272420247396 0.049343013763427736
17 0.4349893887837728 0.4555204391479492 0.04233341217041016 0.05261726379394531
40 0.8390220642089844 0.4380518913269043 0.027110799153645834 0.049131584167480466
2 0.39246339797973634 0.4551063060760498 0.04200935363769531 0.053467941284179685
38 0.6195094426472981 0.5411467552185059 0.05446319580078125 0.06271114349365234
13 0.23037996292114257 0.45714688301086426 0.03534971872965495 0.05117959976196289
2 0.3500611941019694 0.45513095855712893 0.04201812744140625 0.05388355255126953
39 0.4957631429036458 0.5432493686676025 0.07981033325195312 0.06276531219482422
37 0.30653920968373616 0.542253065109253 0.1233212947845459 0.04848413467407227
38 0.5385702133178711 0.321559476852417 0.015952936808268228 0.021901702880859374
40 0.7815831502278646 0.43851122856140134 0.027354939778645834 0.050038909912109374
39 0.5002101262410482 0.3213088035583496 0.026970609029134115 0.0227142333984375
44 0.47226378122965496 0.32255942821502687 0.027028274536132813 0.023524045944213867
10 0.44039211273193357 0.292705774307251 0.013571866353352864 0.015245628356933594
43 0.39866288503011066 0.326495099067688 0.03785832722981771 0.019474601745605467
43 0.5219672520955404 0.3215054512023926 0.016796112060546875 0.022680282592773438
40 0.7538604100545248 0.43848481178283694 0.024979909261067707 0.05061683654785156
58 0.7061932881673177 0.5564227104187012 0.10008773803710938 0.015092277526855468
2 0.45405832926432294 0.2923450469970703 0.013716888427734376 0.015685653686523436
23 0.6921127319335938 0.45570945739746094 0.07177785237630209 0.010350418090820313
58 0.6937503814697266 0.5328818798065186 0.09043248494466145 0.010323238372802735
60 0.8007959365844727 0.5602328300476074 0.08125584920247396 0.017327499389648438
24 0.5556621710459392 0.45683603286743163 0.06598787307739258 0.011525154113769531
58 0.7000269571940104 0.5440301418304443 0.09862874348958334 0.010239315032958985
21 0.622082010904948 0.45789566040039065 0.0686017354329427 0.011909294128417968
39 0.4380380630493164 0.3239498853683472 0.03946959177652995 0.02217998504638672
24 0.4892805735270182 0.4580574035644531 0.06452509562174479 0.010726737976074218
