10 0.3316754659016927 0.6230822563171386 0.03552716573079427 0.041361427307128905
10 0.3667514165242513 0.6185917854309082 0.034245936075846355 0.04117145538330078
13 0.22630240122477213 0.6347579956054688 0.035105450948079424 0.04394264221191406
2 0.29482237497965497 0.627070140838623 0.036219342549641924 0.04229240417480469
20 0.1908705234527588 0.6404111862182618 0.03658914566040039 0.047386550903320314
20 0.15394110679626466 0.6427648067474365 0.03946123123168945 0.047263050079345705
13 0.2598981539408366 0.6315790176391601 0.03250033060709635 0.041861438751220705
17 0.4010057767232259 0.6165778160095214 0.032996050516764325 0.037298965454101565
44 0.6962326049804688 0.585503339767456 0.047139739990234374 0.02975940704345703
43 0.6593748092651367 0.5890257835388184 0.03890279134114583 0.029158973693847658
38 0.6078482309977213 0.5960684299468995 0.03205184936523438 0.02319965362548828
61 0.545970598856608 0.5949508666992187 0.030278142293294272 0.031949424743652345
