44 0.5711148420969645 0.47127590179443357 0.09154284795125325 0.06461086273193359
19 0.06162590185801188 0.2894888877868652 0.06189401944478353 0.05716781616210938
47 0.5414587020874023 0.29335589408874513 0.054811350504557294 0.06698060035705566
44 0.7537893931070964 0.4683361053466797 0.10469741821289062 0.06377639770507812
39 0.3943715731302897 0.47406654357910155 0.09575424194335938 0.06032142639160156
47 0.48373114267985023 0.29241080284118653 0.05456250508626302 0.06695528030395508
44 0.6579325358072917 0.4726243019104004 0.0889373779296875 0.058268260955810544
19 0.11567847728729248 0.2888860464096069 0.04859608014424642 0.057635831832885745
47 0.6005532582600911 0.29432871341705324 0.0541845957438151 0.0646845817565918
47 0.659692128499349 0.2943331003189087 0.05941009521484375 0.06960358619689941
47 0.36851736704508464 0.285642409324646 0.054609425862630206 0.055266618728637695
39 0.4837786356608073 0.4758136749267578 0.08632818857828777 0.05440387725830078
42 0.16175657908121746 0.7795605659484863 0.11615492502848307 0.0554779052734375
63 0.20397202173868814 0.8906291007995606 0.07491683959960938 0.09178695678710938
39 0.30022868315378826 0.4763200283050537 0.10610009829203287 0.05644664764404297
47 0.4264744440714518 0.29190759658813475 0.05522753397623698 0.06695175170898438
9 0.01598130464553833 0.284940242767334 0.03196260929107666 0.04671640396118164
40 0.13877700169881185 0.6450101852416992 0.028949578603108723 0.04632511138916016
53 0.04780845642089844 0.9145483016967774 0.06846946080525716 0.04742012023925781
42 0.0510223905245463 0.7878372192382812 0.1020447810490926 0.04723968505859375
40 0.052223201592763266 0.656253433227539 0.028976750373840333 0.05749664306640625
53 0.11583992640177408 0.9131025314331055 0.07044817606608073 0.048081588745117185
40 0.1105596383412679 0.6458553314208985 0.028602790832519532 0.047730445861816406
40 0.1675325393676758 0.6449446678161621 0.02865765889485677 0.04606189727783203
40 0.0790860652923584 0.6540596008300781 0.02987971305847168 0.059848976135253903
9 0.020633447170257568 0.34237220287323 0.041259137789408366 0.04341545104980469
40 0.02503614773352941 0.656326150894165 0.03048168122768402 0.05791521072387695
40 0.19144768714904786 0.6449868679046631 0.019836966196695963 0.044997215270996094
19 0.1260819911956787 0.3459160804748535 0.04510501225789388 0.050909805297851565
40 0.006635285417238871 0.6569157600402832 0.013270570834477743 0.0610992431640625
58 0.6761333465576171 0.3931746006011963 0.10727335611979166 0.016247272491455078
19 0.07335180441538493 0.3458249568939209 0.062374416987101236 0.05018606185913086
42 0.16499420801798503 0.7349772453308105 0.10230398178100586 0.03587255477905273
42 0.05767312049865723 0.742307186126709 0.11534624099731446 0.04598045349121094
58 0.5792411168416342 0.3932465076446533 0.06593462626139322 0.013567066192626953
