10 0.5231442226927696 0.2207106474404023 0.04975654411844269 0.03171795996550088
44 0.5328487280002921 0.6304817793896637 0.08638955747651922 0.06761264503930588
47 0.5245246570196178 0.3594502600553994 0.05089736050846174 0.04344098813065859
13 0.5612507236301073 0.158616419521819 0.03771507706998788 0.03307057318286361
55 0.42952191466439793 0.5605353239540741 0.08373816323742642 0.04901256145346573
12 0.5214275032529541 0.15625886530891014 0.04036414656282462 0.03281179172599056
39 0.45298242965233293 0.6350570868851612 0.07712426013893699 0.06511372123551888
13 0.5951290606131514 0.16054383987949644 0.03236194726833016 0.031594368527611466
47 0.4712521877975675 0.35747851315317125 0.052653896511426594 0.04450418347510222
12 0.4833280822246689 0.15615578529619353 0.03515451700733639 0.03416587853357428
30 0.49882448148859504 0.5165966663776529 0.05448892440161877 0.03131084501557632
17 0.4730859265102904 0.2939948084941163 0.05423341365402095 0.033364483129198305
10 0.47206836393995627 0.21894649850245204 0.052680483154973166 0.033313953245168906
16 0.52791692675646 0.2942259601343458 0.04795938845816742 0.03234920323452103
29 0.5114761732952087 0.4712714079384492 0.0568456253516707 0.03338470934336059
55 0.43098090428064406 0.5123219237520688 0.07893747768243595 0.04495866722035631
58 0.5795274137459964 0.4015202507423092 0.06958278328427978 0.045637279284706
16 0.5735790220984461 0.2948978578561563 0.043228107145948755 0.032363725228473035
47 0.5777752313587474 0.35390676813333577 0.05408991340785146 0.037541945032612926
46 0.5290536642735024 0.6971054790175963 0.06203809405297784 0.06155414521879868
58 0.5734938518492468 0.4584600383247542 0.06501850328947369 0.03679350380585573
28 0.498353213154378 0.5643096638617114 0.053847928456652525 0.02996826171875
31 0.5146969190264673 0.41620935457889163 0.05264366762789993 0.023658110716632593
46 0.46966607682922873 0.7051738370616116 0.05079376136166897 0.06254900875863999
10 0.5751725511207475 0.2229734165274837 0.04918017611939491 0.031576828050464856
58 0.44463063078904086 0.4579345132702979 0.056851542887595224 0.050485486182096966
58 0.4328767982546312 0.39365411918854043 0.062091351876298474 0.03777679253218701
45 0.5653608750108207 0.551237991665754 0.06676358463361323 0.05597784214673384
47 0.4326902479346109 0.3544868873287213 0.02573828023556527 0.04049449694862247
58 0.5663406076193517 0.5024390057239948 0.06510396941546918 0.04759425463334794
