17 0.5041520012749566 0.3436882972717285 0.05599085489908854 0.05173206329345703
16 0.5621578640407986 0.345387601852417 0.058302815755208334 0.05144996643066406
12 0.21753548516167534 0.253629207611084 0.042709435356987846 0.047696495056152345
10 0.4039884779188368 0.25910110473632814 0.05718443128797743 0.050164794921875
12 0.17375916375054254 0.2521133661270142 0.042618815104166666 0.04661297798156738
10 0.4616040547688802 0.26067590713500977 0.058400472005208336 0.05068349838256836
7 0.6231076558430989 0.22217755317687987 0.07718014187282986 0.0331939697265625
16 0.6787337409125433 0.3477921009063721 0.05952640109592014 0.050651836395263675
12 0.13094728257921007 0.25042760372161865 0.04072265625 0.04602417945861816
39 0.14870313538445368 0.41631579399108887 0.10858916176689995 0.05300283432006836
25 0.16098090277777777 0.3289009094238281 0.04459207322862413 0.04719409942626953
17 0.4472765604654948 0.34170031547546387 0.0564787122938368 0.05198049545288086
3 0.46802855597601994 0.21995067596435547 0.06865183512369792 0.03404674530029297
17 0.3913330078125 0.3397828102111816 0.05526970757378472 0.05181188583374023
9 0.3216775046454536 0.2158353567123413 0.07318017747667101 0.03289198875427246
13 0.3053014119466146 0.25588345527648926 0.04415740966796875 0.04703235626220703
6 0.6975648456149631 0.26682653427124026 0.05854225158691406 0.05064125061035156
9 0.17355838351779515 0.21276671886444093 0.06617012023925781 0.03166685104370117
3 0.3956602308485243 0.21815669536590576 0.06926812065972222 0.033630657196044925
16 0.6202747344970703 0.3471975803375244 0.056280517578125 0.052461433410644534
9 0.2468505647447374 0.2143329381942749 0.06959860059950086 0.031766319274902345
25 0.11743808322482639 0.32678053379058836 0.04288103315565321 0.047611236572265625
25 0.20593153635660807 0.33130831718444825 0.04661513434516059 0.04701423645019531
3 0.5437758975558811 0.22108786106109618 0.07460640801323784 0.03357043266296387
6 0.6384884304470486 0.26456847190856936 0.058946312798394095 0.05126380920410156
13 0.3510246276855469 0.25721468925476076 0.046080864800347225 0.04861946105957031
20 0.29714376661512587 0.33607945442199705 0.046064207288953996 0.04925880432128906
2 0.5801990932888454 0.2632209300994873 0.05880550808376736 0.050858259201049805
20 0.34166399637858075 0.3376559019088745 0.04532360500759548 0.049178361892700195
13 0.26127118004692923 0.254790210723877 0.0436944325764974 0.04712762832641602
44 0.2549303266737196 0.42357916831970216 0.10300225151909723 0.04883155822753906
20 0.2520846684773763 0.3337209701538086 0.04569091796875 0.04797053337097168
7 0.7014711380004883 0.2247706890106201 0.06779543558756511 0.034896469116210936
2 0.5212204827202691 0.2618696689605713 0.05915459526909722 0.05043716430664062
58 0.36747059292263456 0.4468239784240723 0.12445848253038194 0.01800384521484375
61 0.5043634202745225 0.44661455154418944 0.12587771945529513 0.017674064636230467
56 0.639943355984158 0.44521350860595704 0.13333621554904515 0.022727203369140626
61 0.5088381873236762 0.4340235710144043 0.12152769300672743 0.010230445861816406
61 0.5214411417643229 0.424362850189209 0.10493316650390624 0.011891555786132813
