6 0.6393939971923828 0.28896198272705076 0.05382334391276042 0.061712646484375
17 0.7743303298950195 0.17094491720199584 0.06018892923990885 0.062155747413635255
10 0.5306672732035319 0.29110782146453856 0.05324090321858724 0.06108956336975098
9 0.8221402486165365 0.2822154760360718 0.07522862752278646 0.0612213134765625
51 0.5986248016357422 0.6690741539001465 0.07620595296223959 0.07649354934692383
16 0.713595962524414 0.17335453033447265 0.05987421671549479 0.06345963478088379
13 0.7397694269816081 0.28552975654602053 0.04872296651204427 0.06097688674926758
2 0.5849764506022136 0.29007620811462403 0.054123179117838545 0.0611236572265625
24 0.7602391560872396 0.3845773458480835 0.03211161295572917 0.05424237251281738
23 0.8000171661376954 0.384136962890625 0.03423868815104167 0.053522586822509766
13 0.6911861419677734 0.28734574317932127 0.04701385498046875 0.05965080261230469
0 0.38358999888102213 0.29931888580322263 0.06311391194661459 0.04974527359008789
46 0.6764431635538737 0.6708860874176026 0.07684427897135417 0.07833166122436523
1 0.4477086385091146 0.29727840423583984 0.06497294108072917 0.050986289978027344
21 0.8349286397298177 0.3823901414871216 0.028083038330078126 0.05467619895935059
2 0.840948740641276 0.1695654034614563 0.07224299112955729 0.060136270523071286
