43 0.6113325754801432 0.5212644100189209 0.06079661051432292 0.08059215545654297
43 0.5511942545572917 0.5213206291198731 0.059710057576497395 0.08250007629394532
38 0.4374493281046549 0.5205539703369141 0.056331761678059894 0.07846393585205078
59 0.28937403361002606 0.4230048179626465 0.08772347768147787 0.022375106811523438
38 0.4919201215108236 0.5213682174682617 0.05388476053873698 0.07761497497558593
49 0.2509009043375651 0.5393169403076172 0.09587942759195964 0.04798622131347656
58 0.5442722161610921 0.44352521896362307 0.13930031458536785 0.02150096893310547
49 0.3564100901285807 0.5389046669006348 0.09395929972330729 0.046630477905273436
34 0.7455999374389648 0.5179872989654541 0.05088233947753906 0.08081674575805664
59 0.19022436141967775 0.4488973140716553 0.08704903920491537 0.02065563201904297
58 0.541458002726237 0.42632060050964354 0.1388684590657552 0.016195106506347656
59 0.2820125500361125 0.44811439514160156 0.08442295392354329 0.023709487915039063
58 0.5308852831522624 0.3808109998703003 0.13125413258870441 0.013686466217041015
59 0.19615596135457355 0.4266200065612793 0.08895899454752604 0.022023677825927734
58 0.5332878748575847 0.396195650100708 0.13183212280273438 0.015523338317871093
58 0.5354555606842041 0.41103239059448243 0.14485934575398762 0.017277336120605467
55 0.6912363688151042 0.39677906036376953 0.158154296875 0.020786762237548828
44 0.3558195114135742 0.49575605392456057 0.09971733093261718 0.03258247375488281
34 0.6985773722330729 0.5190155029296875 0.04588406880696615 0.07766923904418946
55 0.7027718861897786 0.44045562744140626 0.16035664876302083 0.026503467559814455
55 0.6886067072550456 0.37875986099243164 0.15667317708333334 0.018844032287597658
55 0.6975704193115234 0.4171731948852539 0.16041895548502605 0.023231983184814453
59 0.22369179725646973 0.3856574535369873 0.07329581578572592 0.01899852752685547
59 0.30427780946095784 0.3803873062133789 0.07653641700744629 0.016168928146362303
59 0.2986224810282389 0.3946514129638672 0.07524623870849609 0.015483283996582031
59 0.21250314712524415 0.4012500762939453 0.07098890940348307 0.01432037353515625
34 0.6587451934814453 0.5196818351745606 0.036407852172851564 0.076153564453125
