51 0.7848162333170573 0.6936978340148926 0.07669804890950521 0.0943023681640625
44 0.4801912943522135 0.6817724227905273 0.08231531778971354 0.07288074493408203
43 0.2820044279098511 0.7033167839050293 0.09975609779357911 0.03262004852294922
39 0.6605625152587891 0.6809033393859864 0.08898658752441406 0.07170524597167968
34 0.16769447326660156 0.6716866970062256 0.11676769256591797 0.032980155944824216
43 0.2853813171386719 0.6677733421325683 0.10736242930094402 0.03745279312133789
46 0.8565919240315755 0.6935573577880859 0.06780776977539063 0.09468631744384766
58 0.5416600545247395 0.45578393936157224 0.09918187459309896 0.016356945037841797
39 0.566012954711914 0.6796886444091796 0.08633855183919271 0.07127189636230469
54 0.8068390528361002 0.5786869525909424 0.09981575012207031 0.09113130569458008
38 0.38616765340169273 0.6990296840667725 0.09404748280843099 0.0351715087890625
48 0.7951306025187175 0.4656537055969238 0.09782969156901042 0.09188880920410156
34 0.17339423894882203 0.7036115646362304 0.111292831103007 0.030101776123046875
58 0.5407559712727864 0.4369966506958008 0.10264905293782552 0.021907711029052736
55 0.3214183489481608 0.43581042289733884 0.11069062550862631 0.023096370697021484
55 0.31944433848063153 0.4559983253479004 0.09093570709228516 0.01765899658203125
61 0.645697275797526 0.42902517318725586 0.10007247924804688 0.020619869232177734
38 0.38928448359171547 0.6650326728820801 0.09309450785319011 0.03514118194580078
58 0.4325201670328776 0.4365870475769043 0.09504566192626954 0.019206428527832033
59 0.2512434641520182 0.4295166492462158 0.02713292439778646 0.02027435302734375
59 0.20797545115152996 0.4282246112823486 0.032075691223144534 0.022730159759521484
