43 0.39027557373046873 0.45124454498291017 0.04217847188313802 0.03997783660888672
16 0.3187143325805664 0.34070391654968263 0.03649857838948568 0.03770856857299805
16 0.28148234685262047 0.3404146909713745 0.03794364929199219 0.03806734085083008
17 0.42848402659098306 0.341979455947876 0.03563410441080729 0.036753606796264646
17 0.4712292989095052 0.34231789112091066 0.034160486857096356 0.036614513397216795
24 0.5034383138020834 0.2821635723114014 0.02328656514485677 0.03923320770263672
13 0.24345510800679523 0.33994417190551757 0.034658018747965494 0.03816432952880859
12 0.2412920316060384 0.27486615180969237 0.03259417215983073 0.03754501342773438
16 0.35589783986409507 0.34125666618347167 0.03536911010742187 0.03833918571472168
38 0.26964309215545657 0.45097503662109373 0.04372315406799317 0.03994121551513672
10 0.36030661265055336 0.2764585018157959 0.037206776936848956 0.036766767501831055
12 0.27386159896850587 0.27564899921417235 0.032124900817871095 0.0367485523223877
2 0.4700830141703288 0.2785353183746338 0.03584340413411458 0.03594655990600586
2 0.4338102658589681 0.2780862331390381 0.03653774261474609 0.03653364181518555
39 0.3300152778625488 0.4510744571685791 0.07242170969645183 0.0395355224609375
17 0.39211400349934894 0.3416138172149658 0.036265055338541664 0.037458038330078124
44 0.44870227177937827 0.4511407852172852 0.06788444519042969 0.03782739639282227
2 0.3975425084431966 0.27780425548553467 0.03642756144205729 0.03657231330871582
10 0.31559276580810547 0.27590208053588866 0.03473599751790365 0.03697652816772461
23 0.5022020975748698 0.40048537254333494 0.02159093221028646 0.03630199432373047
21 0.5004612604777018 0.4521240234375 0.0232757568359375 0.03576469421386719
27 0.50492738087972 0.3438588857650757 0.024780972798665365 0.03837285041809082
61 0.3572404861450195 0.4123952865600586 0.07498893737792969 0.012332534790039063
61 0.36053816477457684 0.3993960380554199 0.07492828369140625 0.013122844696044921
58 0.2751230557759603 0.4103459358215332 0.08461558024088542 0.014770698547363282
55 0.44157752990722654 0.41225786209106446 0.09092941284179687 0.014230823516845703
55 0.44298439025878905 0.39935715198516847 0.0861151377360026 0.01175532341003418
58 0.27848456700642904 0.3977821826934814 0.08807627360026042 0.013658809661865234
61 0.36199159622192384 0.3888683319091797 0.07380135854085286 0.008996295928955077
