51 0.6692890167236328 0.5487573623657227 0.0576934814453125 0.05635986328125
38 0.6765836503770616 0.47258405685424804 0.03335520426432292 0.045689964294433595
43 0.642596181233724 0.47586584091186523 0.03580525716145833 0.046874046325683594
17 0.3251541667514377 0.6064757982889811 0.034081586201985675 0.031064287821451823
29 0.17854169209798176 0.5383937994639079 0.06083958943684896 0.033786741892496745
44 0.7208645502726237 0.4717677593231201 0.05591392517089844 0.039935970306396486
31 0.2296226395501031 0.5004302978515625 0.058577707078721786 0.03179111480712891
47 0.47683851453993054 0.5878332455952963 0.041616397433810765 0.03479429880777995
17 0.3597362412346734 0.6032133102416992 0.03404322730170356 0.030725479125976562
28 0.2866633627149794 0.49618330001831057 0.052630509270562065 0.029983901977539064
34 0.6028828938802083 0.4767049789428711 0.039436594645182295 0.05353736877441406
28 0.2974806679619683 0.5268233140309652 0.05588124593098958 0.030598036448160806
31 0.23945583767361112 0.5320144176483155 0.05801217820909288 0.03198671340942383
29 0.17083230018615722 0.5085329055786133 0.05809024175008138 0.0284881591796875
17 0.3939840104844835 0.5982671737670898 0.03270670572916667 0.030770492553710938
47 0.4642467498779297 0.5577638626098633 0.04122314453125 0.026160049438476562
39 0.7722398969862196 0.46485328674316406 0.05240995619032118 0.044309043884277345
46 0.7672156863742404 0.5396746635437012 0.05123214721679688 0.05091304779052734
46 0.7207051595052083 0.5454237937927247 0.04801737467447917 0.05116062164306641
10 0.43285878499348956 0.5904720942179362 0.042122904459635416 0.03900909423828125
0 0.21310624016655816 0.42887058258056643 0.05378036499023438 0.029810523986816405
33 0.5602155049641927 0.4812442779541016 0.03011932373046875 0.049116325378417966
38 0.5294826295640733 0.48424062728881834 0.040238571166992185 0.048599624633789064
