54 0.546563466389974 0.744697093963623 0.06199010213216146 0.06981945037841797
43 0.6382614135742187 0.5288894494374593 0.04201304117838542 0.06070381800333659
38 0.5576243082682292 0.5104226112365723 0.035871632893880206 0.06768245697021484
38 0.5958010779486762 0.5183791160583496 0.040336863199869795 0.06514186859130859
44 0.8816207461886936 0.5663057327270508 0.10036968655056423 0.08033103942871093
39 0.6984224955240885 0.53703506787618 0.078045654296875 0.06468540827433268
39 0.7852549235026042 0.5494670708974202 0.09293060302734375 0.07532784144083658
48 0.6157018025716146 0.7678938865661621 0.07171122233072917 0.05914287567138672
47 0.5515671836005317 0.6779682159423828 0.03373858133951823 0.03005523681640625
40 0.4100963380601671 0.4969809850056966 0.020373407999674478 0.044845962524414064
34 0.5200166702270508 0.5069261074066163 0.03684018452962239 0.06353616714477539
61 0.13219932450188532 0.2862108071645101 0.05250376595391167 0.012430349985758463
47 0.5853768666585286 0.6860870997111003 0.031299591064453125 0.029784774780273436
38 0.19000342686971028 0.36947919527689616 0.05946788787841797 0.02084627151489258
38 0.48418231540256074 0.4999908447265625 0.03241043090820313 0.061731147766113284
