44 0.7653214772542317 0.6850738525390625 0.07375284830729166 0.04653034210205078
44 0.6897514343261719 0.6907005310058594 0.0767682393391927 0.04455986022949219
35 0.11596975326538086 0.6926294326782226 0.07721465428670247 0.018218231201171876
39 0.3992459297180176 0.6917303562164306 0.07629801432291666 0.043653678894042966
38 0.49237260818481443 0.6802007675170898 0.09573103586832682 0.03205089569091797
43 0.8562065760294596 0.685515022277832 0.08309974670410156 0.03428516387939453
34 0.21413427988688152 0.6814302444458008 0.08182910283406576 0.032053375244140626
37 0.309876815478007 0.6960787296295166 0.09758683840433756 0.041378021240234375
42 0.5960800170898437 0.6985976219177246 0.0995758056640625 0.050841331481933594
35 0.12226668198903402 0.6741340637207032 0.0906361738840739 0.015847015380859374
34 0.20579245885213215 0.7115644931793212 0.07845509847005208 0.02010173797607422
38 0.4889773686726888 0.7061921119689941 0.0812405268351237 0.01860179901123047
37 0.3095849911371867 0.6487149238586426 0.09998539288838705 0.031977272033691405
