44 0.5464939771835774 0.5582955360412598 0.07498304295240586 0.04152545928955078
37 0.4523791963585251 0.42598772048950195 0.09767913179916318 0.0353449821472168
42 0.44531985486401676 0.49830923080444334 0.0926116304916318 0.02733192443847656
42 0.34789329113820605 0.4991177558898926 0.09913233034780335 0.02697153091430664
12 0.48704307907296024 0.6219666004180908 0.029039046155857742 0.01915292739868164
47 0.45010439820868203 0.6227952480316162 0.035430218684623434 0.024257183074951172
47 0.3979629580445868 0.6227809906005859 0.03741940294848326 0.024408531188964844
37 0.5533505491631799 0.426950740814209 0.09706091461820084 0.034232711791992186
42 0.5450015526935147 0.4988457202911377 0.10230534126569038 0.02668628692626953
42 0.5467020585447175 0.4699863433837891 0.10367334597280335 0.02881622314453125
13 0.5417943212277719 0.6219882965087891 0.025471324202405856 0.018585586547851564
13 0.5684716388271444 0.6222292423248291 0.027704955543933055 0.019183540344238283
12 0.5153288645724372 0.6218490600585938 0.026476080347803348 0.01859626770019531
37 0.3471629122809885 0.4287589073181152 0.09555888794456067 0.027948570251464844
47 0.3447216592573222 0.6235550880432129 0.03494581916841004 0.02416362762451172
65 0.371301907974307 0.6236770629882813 0.0181532855811977 0.02259197235107422
42 0.3523851721855387 0.4688365936279297 0.09605227673901674 0.030708885192871092
42 0.44818947764121336 0.46878833770751954 0.09176970286349373 0.029771804809570312
44 0.4700900153634937 0.5513670921325684 0.06864110715219665 0.022623634338378905
65 0.31763486981890693 0.6265052318572998 0.020281497205151672 0.020444107055664063
65 0.4261199823483264 0.6225648880004883 0.016532712800732218 0.023911190032958985
