15 0.7759522755940755 0.49181604385375977 0.042213694254557295 0.037047958374023436
15 0.7541535695393881 0.5395058631896973 0.045104726155598955 0.03741884231567383
15 0.6914544423421224 0.48322267532348634 0.0409149169921875 0.033052825927734376
15 0.7330106099446615 0.48752574920654296 0.04170710245768229 0.036315536499023436
3 0.44276243845621743 0.4494220733642578 0.024217987060546876 0.025347137451171876
15 0.7113506317138671 0.5325881958007812 0.04052937825520833 0.03635673522949219
16 0.8716349283854167 0.5590853691101074 0.04261856079101563 0.04387340545654297
17 0.9128292083740235 0.34944853782653806 0.04399058024088542 0.04006171226501465
9 0.5653953552246094 0.5089480400085449 0.03313446044921875 0.028571605682373047
10 0.6210434595743816 0.3452298641204834 0.029636255900065103 0.033466529846191403
10 0.6281069437662761 0.3893008232116699 0.031006368001302083 0.03164043426513672
17 0.8661984125773112 0.3484081268310547 0.046025848388671874 0.03893876075744629
17 0.823353385925293 0.34783592224121096 0.039641952514648436 0.03704023361206055
9 0.4938154856363932 0.4569860935211182 0.028214772542317707 0.02741098403930664
17 0.8169470469156901 0.49631528854370116 0.03767725626627604 0.04057502746582031
9 0.5337497075398763 0.5031565189361572 0.03141454060872396 0.030287933349609376
10 0.6516709645589193 0.34537639617919924 0.03157056172688802 0.0334416389465332
9 0.5881960550944011 0.46837577819824217 0.033040618896484374 0.029361915588378907
10 0.5719365437825521 0.38652184009552004 0.025407155354817707 0.030597352981567384
10 0.5982741038004558 0.38821635246276853 0.029094950358072916 0.031507015228271484
9 0.503767999013265 0.4979888916015625 0.030274581909179688 0.0270538330078125
3 0.4488659858703613 0.48768463134765627 0.029933039347330728 0.0247802734375
7 0.6341149648030598 0.5188662052154541 0.03635838826497396 0.03332719802856445
10 0.5639742533365886 0.34415123462677 0.027271779378255208 0.03191676139831543
10 0.5144288063049316 0.34320359230041503 0.022110811869303384 0.029125308990478514
10 0.5916069030761719 0.3448516845703125 0.02919489542643229 0.033509254455566406
10 0.4926493962605794 0.3421619415283203 0.021880976359049478 0.028029251098632812
10 0.5471482594807943 0.3851613998413086 0.025496927897135417 0.03033285140991211
15 0.671474838256836 0.5259052753448487 0.039621988932291664 0.034259700775146486
16 0.9439315795898438 0.5116601943969726 0.047409311930338545 0.04429492950439453
17 0.8541759490966797 0.5011368751525879 0.039102935791015626 0.04073009490966797
16 0.8321029663085937 0.5524208545684814 0.0376824696858724 0.04218082427978516
10 0.537625233332316 0.34361963272094725 0.02560427983601888 0.03042469024658203
3 0.4671578089396159 0.4527724266052246 0.025486882527669272 0.02477998733520508
9 0.5556632359822591 0.46389079093933105 0.032400894165039065 0.02736949920654297
17 0.7846229553222657 0.3468822479248047 0.037289937337239586 0.036966800689697266
7 0.5990648905436198 0.513911247253418 0.035255177815755205 0.031791305541992186
22 0.7931143442789713 0.21127529740333556 0.05213597615559896 0.05006531476974487
7 0.6538775126139323 0.47637214660644533 0.03402353922526042 0.031464004516601564
9 0.5232952117919922 0.4608441352844238 0.03207855224609375 0.026947593688964842
7 0.6209176381429037 0.4736049652099609 0.03263397216796875 0.030709075927734374
29 0.6644337972005209 0.7568300247192383 0.03962237040201823 0.019387245178222656
16 0.9155737559000651 0.5669346809387207 0.04549967447916667 0.0443115234375
3 0.41895872751871743 0.44595966339111326 0.02446568806966146 0.022613143920898436
2 0.43261146545410156 0.3409110546112061 0.020332972208658855 0.026035881042480467
16 0.7952996571858724 0.5455190658569335 0.03758951822916667 0.04268321990966797
6 0.7493143717447917 0.3453670501708984 0.033881123860677084 0.035723209381103516
22 0.7448268890380859 0.21326017379760742 0.04461110432942708 0.04457135200500488
6 0.6835917790730794 0.3445651292800903 0.03139775594075521 0.03433470726013184
6 0.7157585144042968 0.3448345422744751 0.032864888509114586 0.03474831581115723
28 0.4836373964945475 0.6904187679290772 0.031020609537760417 0.020344352722167967
29 0.7532831827799479 0.7924200534820557 0.044082895914713545 0.02300539016723633
2 0.45178699493408203 0.34129092693328855 0.019388580322265626 0.026000547409057616
29 0.7400430043538412 0.7548617362976074 0.05006764729817708 0.02852764129638672
9 0.47610708872477214 0.49219708442687987 0.025665791829427083 0.027236366271972658
29 0.7131009419759115 0.7792054176330566 0.04205678304036458 0.027217578887939454
10 0.47172473271687826 0.3415283441543579 0.021819496154785158 0.02681307792663574
25 0.3509495417277018 0.47174739837646484 0.016932233174641927 0.025130462646484376
10 0.5227397282918295 0.38417189121246337 0.02587102254231771 0.03017592430114746
17 0.9558554331461588 0.35095834732055664 0.04374567667643229 0.04043140411376953
28 0.5132895787556966 0.693142318725586 0.03232911427815755 0.02059183120727539
29 0.6258301417032878 0.7442097663879395 0.039892323811848956 0.024956703186035156
28 0.5468375523885091 0.7073266983032227 0.03964983622233073 0.02581157684326172
2 0.4129998842875163 0.33947124481201174 0.020680999755859374 0.024002933502197267
29 0.6523810068766276 0.726710319519043 0.04174880981445313 0.023860836029052736
17 0.8953457514444987 0.5058643341064453 0.04603144327799479 0.04252815246582031
6 0.690671157836914 0.39238486289978025 0.032729848225911455 0.03447637557983398
1 0.6844348907470703 0.26790311336517336 0.05257364908854167 0.02525167465209961
29 0.7797536214192708 0.7712622165679932 0.03821436564127604 0.025816059112548827
25 0.38117822011311847 0.4435266494750977 0.014256795247395834 0.02617340087890625
28 0.5843502044677734 0.7168349742889404 0.038521830240885416 0.026701736450195312
16 0.9607707341512044 0.5757546901702881 0.04698956807454427 0.048378944396972656
6 0.6589719136555989 0.39106948375701905 0.0309783935546875 0.03297514915466308
29 0.6877304077148437 0.7384564399719238 0.04118843078613281 0.02254791259765625
6 0.725201161702474 0.39321155548095704 0.03677927652994792 0.033858299255371094
10 0.49565658569335935 0.3827423095703125 0.02890752156575521 0.02961578369140625
28 0.8161219278971354 0.8152266502380371 0.04493904113769531 0.03079051971435547
17 0.9886862436930338 0.3515601634979248 0.022454325358072916 0.040866661071777347
13 0.34925753275553384 0.33697986602783203 0.013956324259440104 0.020025253295898438
13 0.3625403086344401 0.3374001979827881 0.014674886067708334 0.020022773742675783
13 0.37744776407877606 0.3382243633270264 0.016286214192708332 0.02012805938720703
28 0.8663262049357097 0.8319330215454102 0.050118637084960935 0.02621917724609375
17 0.8418223063151041 0.39909677505493163 0.04411875406901042 0.03587770462036133
17 0.8015825907389323 0.3962225914001465 0.039276123046875 0.03261890411376953
5 0.46577409108479817 0.23764390945434571 0.0471923828125 0.026106500625610353
31 0.42068487803141275 0.6603960037231446 0.03288415273030599 0.02222442626953125
1 0.6325455983479817 0.26978914737701415 0.05005340576171875 0.024033594131469726
25 0.362965456644694 0.47226691246032715 0.016403579711914064 0.025203227996826172
