13 0.5418804009755452 0.4642155170440674 0.020401795705159504 0.018565559387207033
9 0.45880486170450846 0.4649359703063965 0.024720001220703124 0.019149589538574218
38 0.2770249605178833 0.5533259868621826 0.041600306828816734 0.010669136047363281
17 0.5881036758422852 0.4660080909729004 0.020450337727864584 0.020371627807617188
9 0.45032933553059895 0.485428524017334 0.028971290588378905 0.02290630340576172
16 0.6589612325032552 0.46916046142578127 0.024628194173177083 0.022203636169433594
9 0.4842884063720703 0.4653071403503418 0.025626118977864584 0.019747161865234376
43 0.18075408935546874 0.542254114151001 0.04446697235107422 0.014400577545166016
16 0.6478518168131511 0.4966428756713867 0.0255645751953125 0.022870922088623048
17 0.5658939361572266 0.46523442268371584 0.0218780517578125 0.019765758514404298
10 0.376786994934082 0.4590127468109131 0.020269393920898438 0.019443035125732422
10 0.35723104476928713 0.4590757846832275 0.019101397196451823 0.019565105438232422
16 0.6236235936482747 0.49585723876953125 0.02486864725748698 0.02274456024169922
10 0.386298402150472 0.4827861785888672 0.023057937622070312 0.022234249114990234
9 0.4344215710957845 0.4635920524597168 0.024455833435058593 0.018972206115722656
3 0.3157139460245768 0.47771215438842773 0.029089991251627603 0.02271728515625
12 0.523849614461263 0.46274375915527344 0.01626930236816406 0.017286300659179688
10 0.4106787999471029 0.4616698265075684 0.022777684529622397 0.01971302032470703
7 0.23882249196370442 0.456243896484375 0.01974515914916992 0.0176605224609375
2 0.27444203694661456 0.4556880950927734 0.017615254720052084 0.018588829040527343
10 0.36476945877075195 0.48207244873046873 0.02236340840657552 0.020652580261230468
7 0.21978578567504883 0.45610337257385253 0.019016456604003907 0.01794710159301758
16 0.6342306772867838 0.46790370941162107 0.02393646240234375 0.020868682861328126
10 0.3434144655863444 0.4810236930847168 0.025267982482910158 0.021234893798828126
3 0.28904863993326824 0.47622833251953123 0.028898874918619793 0.021552848815917968
9 0.4206756591796875 0.48423185348510744 0.03282076517740885 0.023499107360839842
12 0.5156247774759929 0.4889944076538086 0.01975383758544922 0.023242378234863283
16 0.6000564575195313 0.49432034492492677 0.0249969482421875 0.02269611358642578
12 0.5071997960408529 0.4628314971923828 0.017229906717936196 0.017300224304199217
43 0.22755454381306967 0.5483799934387207 0.043944231669108075 0.015707969665527344
3 0.24063884417215983 0.4760581016540527 0.0232145627339681 0.02079601287841797
9 0.4771330197652181 0.4869844436645508 0.025511550903320312 0.022957611083984374
58 0.5280157407124837 0.5576178550720214 0.04920660654703776 0.009666824340820312
3 0.3104596455891927 0.4578794002532959 0.018816693623860677 0.015958499908447266
17 0.5770837148030599 0.49364051818847654 0.024646759033203125 0.021746444702148437
2 0.25730584462483724 0.45568094253540037 0.01737041473388672 0.018203926086425782
43 0.24987147649129232 0.528135871887207 0.040888214111328126 0.0114715576171875
38 0.2846416473388672 0.5431391716003418 0.03917700449625651 0.009113121032714843
2 0.2888293902079264 0.4561032295227051 0.013124974568684895 0.017498016357421875
13 0.5329190572102864 0.49033093452453613 0.01900901794433594 0.024155712127685545
7 0.2202167510986328 0.4747586250305176 0.023085276285807293 0.020577430725097656
