39 0.5101787567138671 0.37715213298797606 0.07396685282389323 0.062335538864135745
39 0.43815867106119794 0.3793639183044434 0.07457567850748698 0.05938720703125
47 0.39561112721761066 0.2006136417388916 0.05407091776529948 0.06310791969299316
44 0.7270655949910482 0.3735930919647217 0.081280517578125 0.05764646530151367
44 0.5822827657063802 0.3787825107574463 0.08057276407877605 0.055265045166015624
39 0.34991604487101235 0.37515161037445066 0.10191148122151693 0.0684049129486084
44 0.655746587117513 0.3774084568023682 0.07224273681640625 0.05429210662841797
30 0.6394640604654948 0.2160268783569336 0.05868110656738281 0.026690673828125
47 0.4675073305765788 0.20227506160736083 0.051609230041503903 0.06338438987731934
31 0.5223437627156575 0.2121022641658783 0.05610860188802083 0.024627792835235595
29 0.5799613952636719 0.21291107535362244 0.05890324910481771 0.03012763261795044
58 0.5896020253499349 0.31218781471252444 0.09524917602539062 0.018948745727539063
58 0.565489387512207 0.27812116146087645 0.07189292907714843 0.010005950927734375
58 0.5831116994222005 0.29529643058776855 0.09220911661783854 0.016270256042480467
58 0.39434636433919273 0.28228230476379396 0.08025035858154297 0.019660186767578126
55 0.6802590688069662 0.2983978748321533 0.09293289184570312 0.017345905303955078
55 0.6842395782470703 0.31607885360717775 0.0873583475748698 0.01694622039794922
