28 0.5573816776275635 0.6854293823242188 0.049586009979248044 0.04088754653930664
28 0.5955079396565756 0.6624444961547852 0.04958546956380208 0.036830997467041014
17 0.44751644134521484 0.21973838210105895 0.060498555501302086 0.07977916002273559
19 0.5892381032307943 0.21207449436187745 0.0435699462890625 0.04718618392944336
10 0.7261364618937175 0.3934950351715088 0.024258168538411458 0.04144487380981445
28 0.6291151682535807 0.6397740364074707 0.04576416015625 0.03515758514404297
19 0.6574347813924154 0.20841847062110902 0.038072967529296876 0.03980931043624878
31 0.7569353739420573 0.5590884208679199 0.039293162027994794 0.023884963989257813
29 0.5165327707926433 0.711697006225586 0.054336166381835936 0.04252605438232422
10 0.7491287231445313 0.3809136152267456 0.020877838134765625 0.0358396053314209
47 0.41157662073771156 0.6050912857055664 0.04193687438964844 0.05073699951171875
12 0.5765072504679362 0.33226699829101564 0.026263427734375 0.04613838195800781
17 0.4980928421020508 0.22039718627929689 0.04063466389973958 0.07785615921020508
10 0.7687509536743165 0.2972098827362061 0.017343648274739585 0.03657298088073731
10 0.7041803359985351 0.4005082011222839 0.022265116373697918 0.041337990760803224
31 0.7769196192423503 0.547116470336914 0.03779271443684896 0.026023292541503908
12 0.5291267395019531 0.45879764556884767 0.027268600463867188 0.04724140167236328
12 0.6029490152994792 0.327133846282959 0.026237996419270833 0.043327617645263675
12 0.668898328145345 0.31556293964385984 0.019129562377929687 0.037508821487426756
12 0.5507190704345704 0.3361236572265625 0.026422627766927085 0.04779062271118164
47 0.5980403264363606 0.5664730072021484 0.03768297831217448 0.04608211517333984
31 0.6886409759521485 0.6066160202026367 0.041298294067382814 0.027196121215820313
10 0.7292393366495769 0.3053265571594238 0.01874682108561198 0.03866434097290039
47 0.49706277847290037 0.6106632232666016 0.03722031911214193 0.06230735778808594
10 0.829153315226237 0.2876181364059448 0.01633313496907552 0.03492136001586914
12 0.4955790837605794 0.3481395721435547 0.031809298197428386 0.05220212936401367
12 0.5246243794759115 0.343221116065979 0.026943079630533853 0.05071616172790527
12 0.5541784922281902 0.452988338470459 0.0233917236328125 0.04712352752685547
10 0.7492817560831706 0.3013004302978516 0.022107823689778646 0.038376140594482425
12 0.5774581909179688 0.44439234733581545 0.023138427734375 0.0452672004699707
47 0.6567303975423177 0.5328487873077392 0.02747650146484375 0.04437599182128906
31 0.6608142852783203 0.6226929187774658 0.044416046142578124 0.032783794403076175
12 0.6272060394287109 0.3233306884765625 0.023712539672851564 0.04232864379882813
19 0.6248297373453776 0.20855984687805176 0.029396820068359374 0.0421257495880127
47 0.5330791473388672 0.5916436672210693 0.04587618509928385 0.05529661178588867
12 0.4348222096761068 0.3494588613510132 0.03689994812011719 0.052306413650512695
7 0.7739658991495768 0.45043272972106935 0.037573623657226565 0.036443138122558595
43 0.31375068028767905 0.37771053314208985 0.10904916127522786 0.15138721466064453
12 0.38452154795328775 0.45967874526977537 0.026704915364583335 0.04405403137207031
10 0.811211903889974 0.2896930932998657 0.022227096557617187 0.035175323486328125
10 0.7853497823079427 0.2931732177734375 0.017173004150390626 0.0353142261505127
12 0.649069341023763 0.32023062705993655 0.020702870686848958 0.0392059326171875
13 0.6183559417724609 0.42984399795532224 0.01988194783528646 0.04282293319702148
12 0.5019556045532226 0.4677134990692139 0.028894551595052085 0.05115947723388672
19 0.6902896881103515 0.20922008156776428 0.028917948404947918 0.04079903364181518
47 0.6296249389648437 0.5457480430603028 0.029352315266927085 0.04379253387451172
10 0.6862681070963542 0.40491409301757814 0.014003753662109375 0.03742361068725586
65 0.6865848541259766 0.5187570571899414 0.02247034708658854 0.03867359161376953
13 0.6720493952433269 0.4092200756072998 0.016360092163085937 0.036586856842041014
10 0.8126322428385416 0.36566715240478515 0.015579477945963541 0.03364143371582031
31 0.7140237172444661 0.5909598350524903 0.04020640055338542 0.026233673095703125
12 0.400354798634847 0.33875069618225095 0.029205830891927083 0.04272260665893555
31 0.7361878712972005 0.5736988067626954 0.03971875508626302 0.02450428009033203
13 0.655835215250651 0.41376925706863404 0.01651140848795573 0.03812329769134522
13 0.6383019129435221 0.4213557720184326 0.01931788126627604 0.03847684860229492
10 0.7829565684000651 0.370560359954834 0.019367218017578125 0.034107398986816403
13 0.6864536285400391 0.3125399827957153 0.01640040079752604 0.035625123977661134
19 0.7255181630452474 0.20743844509124756 0.042520395914713544 0.03898606300354004
13 0.7043326695760092 0.3101583242416382 0.016892369588216147 0.034858179092407224
29 0.4349683125813802 0.7039649009704589 0.03944854736328125 0.04510221481323242
47 0.7066805521647136 0.5107319831848145 0.01770604451497396 0.03231182098388672
19 0.8304093678792318 0.20605065822601318 0.03215510050455729 0.035506391525268556
12 0.598619016011556 0.43577938079833983 0.019937896728515626 0.03957633972167969
10 0.7179396311442058 0.3074721574783325 0.013567352294921875 0.0370851993560791
65 0.5675577799479167 0.580295181274414 0.026420211791992186 0.03765029907226562
29 0.4905713081359863 0.7423027038574219 0.022201728820800782 0.04686241149902344
19 0.5435049057006835 0.20948104858398436 0.05075518290201823 0.04895405769348145
12 0.4178144454956055 0.46247177124023436 0.029091517130533855 0.041936492919921874
