43 0.5784248352050781 0.642352294921875 0.06256701151529948 0.08245744705200195
38 0.4596621831258138 0.6408199310302735 0.05420277913411458 0.08035907745361329
34 0.6393774668375651 0.643160057067871 0.05564244588216146 0.08439502716064454
59 0.23233656883239745 0.5538064002990722 0.0866850217183431 0.024797821044921876
59 0.3133022944132487 0.5550375938415527 0.07144521077473959 0.025135612487792967
34 0.6981424331665039 0.6449897766113282 0.06077651977539063 0.08523406982421874
59 0.3327917734781901 0.4709268569946289 0.08326841990152994 0.022780799865722658
39 0.2774661064147949 0.6414772987365722 0.11010913848876953 0.08759002685546875
38 0.5166767120361329 0.640229320526123 0.056335830688476564 0.07981729507446289
39 0.38529837926228844 0.616701316833496 0.09045499165852865 0.03542461395263672
59 0.31721375783284506 0.5122047424316406 0.08693008422851563 0.02042522430419922
58 0.6354074478149414 0.5028661727905274 0.09899202982584636 0.014271163940429687
59 0.2401134967803955 0.4844193935394287 0.08509531021118164 0.023352813720703126
59 0.24551715850830078 0.46571917533874513 0.0849639892578125 0.019149208068847658
59 0.22744439442952474 0.5291064262390137 0.08318138122558594 0.021200180053710938
61 0.6440647125244141 0.5688439846038819 0.13247833251953126 0.02285289764404297
59 0.23228028615315754 0.5066738128662109 0.08499482472737631 0.021526908874511717
49 0.3834573745727539 0.6605425834655761 0.09120903015136719 0.046297645568847655
59 0.32890421549479165 0.4929668426513672 0.08058115641276041 0.02070770263671875
58 0.637803332010905 0.5162528038024903 0.1062914530436198 0.014072227478027343
58 0.641103998819987 0.530788803100586 0.1178070068359375 0.015764617919921876
55 0.7770482381184896 0.5327476501464844 0.14156519571940104 0.021812057495117186
55 0.7943458557128906 0.5713210105895996 0.1581311543782552 0.025495338439941406
33 0.8089107513427735 0.6447793960571289 0.048879241943359374 0.08545570373535157
60 0.4147315979003906 0.5288724899291992 0.1057159423828125 0.022313308715820313
55 0.786676025390625 0.5509792327880859 0.15101903279622395 0.01935272216796875
59 0.31572494506835935 0.5319228172302246 0.07904790242513021 0.020163917541503908
60 0.4058225631713867 0.5567765235900879 0.10981267293294271 0.029774284362792967
60 0.5238135973612468 0.5323893547058105 0.10860538482666016 0.023050498962402344
60 0.5205272356669108 0.5597719192504883 0.11331411997477213 0.030058860778808594
60 0.42720362345377605 0.4916383743286133 0.10330766042073568 0.021936988830566405
60 0.5272131284077962 0.5116469383239746 0.10062948862711589 0.020020484924316406
60 0.43046998977661133 0.4707948684692383 0.10104319254557291 0.020699691772460938
60 0.42271544138590494 0.5105099678039551 0.10462493896484375 0.016952705383300782
60 0.5377740065256754 0.4907928466796875 0.10456698735555013 0.021300125122070312
61 0.6425200780232747 0.5484658241271972 0.12835833231608074 0.01969451904296875
34 0.7573609670003255 0.6449429988861084 0.04982884724934896 0.08812808990478516
