26 0.37233994801839193 0.563667106628418 0.06707903544108072 0.07267227172851562
1 0.5259330749511719 0.4588335990905762 0.04089164733886719 0.021062469482421874
53 0.8165966033935547 0.47089276313781736 0.029140599568684897 0.041333484649658206
19 0.7285882314046224 0.46327362060546873 0.022316996256510416 0.02529754638671875
4 0.501856803894043 0.5514394760131835 0.057642491658528645 0.06712207794189454
11 0.43909918467203773 0.5581968307495118 0.0668298085530599 0.0690877914428711
19 0.7057629903157552 0.4646811008453369 0.02258440653483073 0.026073551177978514
5 0.42634379069010414 0.4617112159729004 0.053537178039550784 0.022629356384277342
22 0.5722164154052735 0.477342414855957 0.026615651448567708 0.027965259552001954
5 0.48023494084676105 0.4601139068603516 0.052379608154296875 0.021362113952636718
51 0.8423080444335938 0.4693312644958496 0.023867034912109376 0.038603782653808594
47 0.8819618225097656 0.4769477367401123 0.021167500813802084 0.02502164840698242
1 0.5396434783935546 0.482679557800293 0.03746388753255208 0.026171016693115234
5 0.4387887318929036 0.48716325759887696 0.055690765380859375 0.024124908447265624
22 0.5988375345865885 0.476638126373291 0.026058705647786458 0.02968463897705078
46 0.7828863779703776 0.4731884002685547 0.03433392842610677 0.045400047302246095
16 0.004308101534843445 0.6843136787414551 0.00861620306968689 0.032856178283691403
16 0.020338415602842965 0.6815906524658203 0.023574440677960714 0.031278038024902345
18 0.7532141367594402 0.48827567100524905 0.019898351033528647 0.022182464599609375
47 0.8629604339599609 0.47626943588256837 0.01737696329752604 0.023561859130859376
5 0.4939822514851888 0.4852923393249512 0.052018992106119794 0.025635147094726564
18 0.7510808308919271 0.46299190521240235 0.022261555989583334 0.027048206329345702
