31 0.6270929972330729 0.15334615707397461 0.0910247802734375 0.03092226982116699
44 0.6293824937608506 0.3362377882003784 0.1364349365234375 0.056140899658203125
44 0.48645608690049913 0.331178617477417 0.1377904256184896 0.06031036376953125
44 0.775327385796441 0.33796939849853513 0.13600938585069444 0.05646390914916992
47 0.3605819278293186 0.14483826160430907 0.07366519504123265 0.038968563079833984
39 0.33673018349541556 0.32583045959472656 0.143282593621148 0.06048460006713867
39 0.18571559058295356 0.3240634918212891 0.14195433722601997 0.057683801651000975
28 0.7233678181966146 0.15540882349014282 0.09111192491319445 0.029860663414001464
29 0.4413416544596354 0.1509873867034912 0.08601752387152778 0.0331728458404541
30 0.5322353786892361 0.15337347984313965 0.0895017835828993 0.03127269744873047
47 0.2848697238498264 0.14191899299621583 0.07224434746636285 0.03796176910400391
56 0.5684576246473524 0.23952550888061525 0.13192782931857638 0.023943042755126952
58 0.2855197482638889 0.23135948181152344 0.13975440131293404 0.02426290512084961
61 0.4300863477918837 0.23363642692565917 0.13906656901041667 0.02854628562927246
