13 0.6240497589111328 0.39018731117248534 0.05668156941731771 0.05558023452758789
10 0.2662432352701823 0.6816061019897461 0.0630673090616862 0.06472187042236328
31 0.8581710815429687 0.5028768539428711 0.09033584594726562 0.046802425384521486
17 0.39434598286946615 0.6714954376220703 0.06114629109700521 0.0633514404296875
29 0.7662556330362956 0.5084666728973388 0.09143498738606771 0.04336252212524414
23 0.7962527592976888 0.38878493309020995 0.03513768513997396 0.050633716583251956
12 0.5657460530598958 0.38863344192504884 0.05657628377278646 0.053528118133544925
3 0.8506587982177735 0.6468512535095214 0.07546399434407552 0.06619796752929688
45 0.09262296358744303 0.6737507820129395 0.039929707845052086 0.11587657928466796
45 0.05640321175257365 0.6756662845611572 0.034473729133605954 0.11235628128051758
45 0.12711538473765055 0.6730300426483155 0.03606584866841634 0.11238536834716797
24 0.6752670923868815 0.3918635845184326 0.042541885375976564 0.05102672576904297
27 0.7578934987386068 0.38932509422302247 0.039082845052083336 0.04981803894042969
27 0.7178703308105469 0.3899984359741211 0.039602406819661456 0.050154495239257815
