51 0.7016229629516602 0.6364752451578776 0.03050823211669922 0.07111918131510417
47 0.6014449596405029 0.6057150522867839 0.027902889251708984 0.039850107828776044
47 0.599458885192871 0.6534968058268229 0.02604389190673828 0.03338750203450521
53 0.7333385467529296 0.6372212727864583 0.036019515991210935 0.07182057698567708
19 0.7632424831390381 0.35717271169026693 0.030765533447265625 0.04379119873046875
47 0.6307446479797363 0.6088798522949219 0.028662967681884765 0.042907969156901045
18 0.7316341876983643 0.3562880198160807 0.02928152084350586 0.04162114461263021
47 0.6266586780548096 0.6551645914713542 0.026499271392822266 0.033637746175130205
46 0.6683025360107422 0.6420077006022136 0.036292076110839844 0.06587270100911459
19 0.7583678245544434 0.39604930877685546 0.029050445556640624 0.028156153361002603
23 0.6177309989929199 0.3730084737141927 0.03356990814208984 0.008617019653320313
24 0.6991650104522705 0.3927375157674154 0.03524599075317383 0.014498011271158854
18 0.7303884506225586 0.3941535949707031 0.025494956970214845 0.026185989379882812
21 0.5811704635620117 0.36705970764160156 0.033102798461914065 0.010088793436686198
23 0.6210311889648438 0.38898499806722003 0.031500244140625 0.01203778584798177
