43 0.7115633010864257 0.3388211727142334 0.06573333740234374 0.07304916381835938
43 0.3941521962483724 0.34780285358428953 0.05171324412027995 0.06626896858215332
43 0.4431640625 0.347602105140686 0.04124717712402344 0.06378931999206543
38 0.47933842341105143 0.34762327671051024 0.03728688557942708 0.06170401573181152
34 0.3424425760904948 0.3434399843215942 0.05029767354329427 0.0740117073059082
3 0.09012287457784017 0.3921016454696655 0.05620104471842448 0.04143757820129394
10 0.14208377599716188 0.39164910316467283 0.04288945992787679 0.04232378005981445
17 0.09311013221740723 0.4633781909942627 0.04031119346618652 0.03981075286865234
44 0.5702382564544678 0.34504079818725586 0.07865215937296549 0.0629617691040039
38 0.5151769955952962 0.3469209671020508 0.03604818979899089 0.062084197998046875
16 0.13211347262064616 0.4645646095275879 0.036468092600504556 0.0413787841796875
9 0.03372085988521576 0.39213833808898924 0.056240683794021605 0.04096088409423828
38 0.77736021677653 0.3371715784072876 0.0629217783610026 0.0713742733001709
21 0.17116587956746418 0.533011531829834 0.026351292928059895 0.03791332244873047
12 0.1667310078938802 0.4650202751159668 0.03337529500325521 0.04089488983154297
39 0.6433650970458984 0.3451234817504883 0.06909535725911459 0.06050939559936523
47 0.0908082644144694 0.7531241416931153 0.046598021189371744 0.050220489501953125
2 0.18575204213460286 0.39135284423828126 0.04354928334554036 0.042854690551757814
23 0.20754804611206054 0.5321788311004638 0.024545605977376303 0.03745250701904297
24 0.10505270957946777 0.5345582962036133 0.02904367446899414 0.03546829223632812
31 0.17568365732828775 0.8135899543762207 0.05055427551269531 0.029960441589355468
31 0.23570210138956707 0.8035781860351563 0.050429153442382815 0.02726116180419922
46 0.02770823041598002 0.7519701004028321 0.05541646083196004 0.05600032806396484
58 0.48353840510050455 0.2446354627609253 0.10491771697998047 0.018688344955444337
13 0.2010656992594401 0.4649949073791504 0.034244600931803384 0.04102325439453125
17 0.052060412367184956 0.46278090476989747 0.04071803291638692 0.03901472091674805
27 0.13793638547261555 0.5346018314361572 0.03122603098551432 0.03629589080810547
58 0.6036787033081055 0.24793620109558107 0.09968630472819011 0.019925022125244142
55 0.36432571411132814 0.26157617568969727 0.0956780751546224 0.016588687896728516
58 0.48120851516723634 0.22991280555725097 0.09790198008219402 0.011294746398925781
31 0.12348008950551351 0.812318992614746 0.05245823860168457 0.035855674743652345
61 0.2511182467142741 0.24740951061248778 0.08798192342122396 0.015392827987670898
35 0.29127394358317055 0.3438584327697754 0.04299837748209635 0.07537784576416015
60 0.7871604919433594 0.21639084815979004 0.07964808146158854 0.013576221466064454
55 0.36338704427083335 0.23648781776428224 0.10605239868164062 0.010760974884033204
