44 0.49536800384521484 0.4445028305053711 0.061426544189453126 0.04051475524902344
43 0.2057144006093343 0.4652388572692871 0.08093744913736979 0.02538719177246094
39 0.3655476252237956 0.4548313140869141 0.05602893829345703 0.05390996932983398
34 0.290995717048645 0.46499242782592776 0.0797293504079183 0.025966453552246093
35 0.1834399700164795 0.5722535133361817 0.0760731061299642 0.01951141357421875
35 0.1828679084777832 0.5535715103149415 0.07687269846598307 0.017601776123046874
44 0.5623049577077229 0.44101715087890625 0.06164979934692383 0.04195613861083984
42 0.7285459518432618 0.4579354763031006 0.09573694864908854 0.04246644973754883
33 0.10089125633239746 0.5538087844848633 0.07786086400349936 0.01778411865234375
33 0.10486429532368978 0.5732619285583496 0.07386385599772136 0.018286418914794923
38 0.11689653396606445 0.44580821990966796 0.08127244313557942 0.021651172637939455
43 0.20549755096435546 0.44159374237060545 0.0782272974650065 0.023718833923339844
34 0.29167409737904865 0.43944883346557617 0.07941807111104329 0.024765205383300782
38 0.1145184834798177 0.4682952880859375 0.07951602935791016 0.021973705291748045
39 0.4288864771525065 0.4449170112609863 0.06361732482910157 0.03890151977539062
42 0.7263494491577148 0.42513418197631836 0.09329948425292969 0.0274200439453125
37 0.6367451985677083 0.45671281814575193 0.08218345642089844 0.04448251724243164
