44 0.7085971832275391 0.8011378288269043 0.05131327311197917 0.03140182495117187
44 0.7017948150634765 0.7622795104980469 0.05165379842122396 0.04269723892211914
44 0.6476244608561198 0.7650606632232666 0.053377532958984376 0.03976707458496094
39 0.593410873413086 0.769337511062622 0.052111307779947914 0.03431634902954102
38 0.44659379323323567 0.7931838989257812 0.06885261535644531 0.023672866821289062
43 0.29861608346303303 0.7848649024963379 0.06731238365173339 0.02668476104736328
43 0.2987113396326701 0.7606239795684815 0.06864635149637859 0.02174072265625
38 0.3728538195292155 0.7724281787872315 0.06850948333740234 0.021753787994384766
45 0.7870630900065104 0.7956473350524902 0.018329874674479166 0.03970127105712891
44 0.6525427500406901 0.8020114660263061 0.050592803955078126 0.030681657791137695
38 0.3740493138631185 0.7941695213317871 0.06837488810221354 0.022821044921875
39 0.5943075180053711 0.8034223556518555 0.05295372009277344 0.030516624450683594
45 0.748089345296224 0.793959379196167 0.018706258138020834 0.04729394912719727
38 0.4462024052937826 0.7676513671875 0.06861254374186197 0.026449012756347656
41 0.08428692022959391 0.800413703918457 0.1331500212351481 0.08283271789550781
38 0.37275209426879885 0.7534717082977295 0.0653350830078125 0.015967655181884765
42 0.5236051559448243 0.7810999870300293 0.07705281575520834 0.03749351501464844
45 0.7680312474568685 0.7942830562591553 0.017763264973958335 0.04405031204223633
45 0.8064425150553386 0.7956937313079834 0.01774012247721354 0.04091215133666992
