66 0.8742438422309028 0.7800223350524902 0.11396077473958334 0.08894119262695313
15 0.3917241414388021 0.5174196243286133 0.019691636827256945 0.011623001098632813
11 0.288616943359375 0.5626687049865723 0.03345633612738715 0.031167221069335938
11 0.3203887939453125 0.5651540756225586 0.033684794108072916 0.030922889709472656
15 0.3736687554253472 0.5319749355316162 0.020508914523654515 0.011140060424804688
15 0.39456354777018227 0.533894157409668 0.018955485026041666 0.009339141845703124
15 0.37248238457573785 0.5170768737792969 0.020102945963541667 0.012761878967285156
3 0.43438241746690537 0.5216058731079102 0.022665829128689235 0.01439208984375
16 0.40517349243164064 0.4075143814086914 0.01735314263237847 0.01399993896484375
6 0.2987886216905382 0.4108522891998291 0.015679634941948784 0.010019588470458984
16 0.40291332668728297 0.42935986518859864 0.01728702121310764 0.01587505340576172
3 0.45724461873372396 0.521779727935791 0.02458072238498264 0.013959503173828125
16 0.3854418436686198 0.42919135093688965 0.01785981920030382 0.015792655944824218
3 0.4575174543592665 0.5385069847106934 0.0206329345703125 0.0115325927734375
15 0.412549082438151 0.5190867900848388 0.02123752170138889 0.013534832000732421
16 0.3695482465955946 0.4284400463104248 0.015476735432942708 0.01284618377685547
