47 0.44604420132107203 0.46367859840393066 0.07481613159179687 0.06926584243774414
47 0.37181243896484373 0.46399946212768556 0.07581837972005208 0.07323265075683594
46 0.14695404900444878 0.43099360466003417 0.15113499959309895 0.11419000625610351
10 0.9459301418728299 0.2110278844833374 0.06123623318142361 0.05234193801879883
46 0.27809886932373046 0.4326672077178955 0.11619385613335503 0.10110702514648437
10 0.957186041937934 0.26051375865936277 0.05580156114366319 0.04956331253051758
45 0.5724178738064236 0.644448184967041 0.030337354871961805 0.08054618835449219
45 0.536959457397461 0.6556546211242675 0.04373185899522569 0.07419815063476562
10 0.9862882826063368 0.21300415992736815 0.02290157741970486 0.04757280349731445
45 0.6001551734076606 0.6390880584716797 0.0287506103515625 0.07785663604736329
44 0.9692053900824653 0.44068145751953125 0.05914120144314236 0.06982574462890626
45 0.6249059889051649 0.6395096778869629 0.02269100613064236 0.0719217300415039
