44 0.36827324761284724 0.7152937889099121 0.06116934882269965 0.054544258117675784
17 0.30864429473876953 0.4612541198730469 0.03851598103841146 0.04121456146240234
10 0.5062646653917101 0.48065695762634275 0.04061431884765625 0.0454503059387207
43 0.6367694854736328 0.698277759552002 0.09310480753580729 0.03376331329345703
17 0.38412066565619574 0.46766138076782227 0.03999824523925781 0.04555072784423828
10 0.42558763292100693 0.4718149185180664 0.039965057373046876 0.04618339538574219
44 0.3143005265129937 0.7053188006083171 0.045067787170410156 0.04829476674397786
51 0.4869458728366428 0.7342779795328777 0.05338393317328559 0.05299784342447917
12 0.6173952738444011 0.4925567944844564 0.03490880330403646 0.04565410614013672
10 0.5456294377644857 0.4844978332519531 0.037655003865559894 0.04557361602783203
10 0.4653977500067817 0.47603044509887693 0.04070625305175781 0.045126914978027344
39 0.26113102171156144 0.6969944318135579 0.05905170440673828 0.04825394948323568
17 0.3459557745191786 0.46456212997436525 0.03579875098334418 0.04396629333496094
48 0.6395697275797526 0.7581791241963705 0.0761383056640625 0.05499566396077474
29 0.6652879079182943 0.5628054300944011 0.06251068115234375 0.030791473388671876
43 0.5398789087931315 0.6807183583577474 0.08759727478027343 0.033935801188151045
1 0.2573706203036838 0.4620880126953125 0.0570034662882487 0.031778717041015626
54 0.5566312789916992 0.7449185371398925 0.08117993672688802 0.05696887969970703
12 0.5820247014363606 0.4885744412740072 0.034847132364908856 0.04834194183349609
58 0.5371750513712565 0.6320839881896972 0.09377530415852865 0.02100238800048828
13 0.6878941853841146 0.4974374771118164 0.03868408203125 0.0480499267578125
13 0.6511765797932942 0.49497523307800295 0.034883880615234376 0.047444820404052734
29 0.602279535929362 0.5558046023050944 0.06143315633138021 0.028888130187988283
58 0.44560228983561195 0.6193095842997233 0.09007924397786458 0.022245470682779947
58 0.5462345123291016 0.6120739301045736 0.09139048258463542 0.01697254180908203
34 0.362584834628635 0.6566971143086752 0.08179656134711372 0.03089288075764974
34 0.4473153856065538 0.6710955301920573 0.0872362772623698 0.029295730590820312
38 0.27985298368665906 0.6450944900512695 0.0785702387491862 0.026253128051757814
55 0.6401441997951931 0.6475608507792155 0.10370750427246093 0.021393013000488282
22 0.20780401229858397 0.45364990234375 0.0417416254679362 0.03466949462890625
58 0.45494446224636503 0.6005422910054524 0.08560473124186198 0.015833727518717446
61 0.3579421255323622 0.6080955187479655 0.07823950449625651 0.023469225565592448
55 0.6464827219645183 0.6120993296305338 0.09704030354817708 0.016962051391601562
23 0.3699946297539605 0.5300908883412679 0.05772048102484809 0.012261358896891277
24 0.48093130323621963 0.5430277188618978 0.05759565565321181 0.011465009053548176
24 0.5402396308051215 0.5484534899393717 0.06206817626953125 0.014982795715332032
46 0.42995077768961587 0.7247856775919597 0.055334854125976565 0.0504119873046875
24 0.538271713256836 0.5606822649637858 0.06327590942382813 0.013908195495605468
60 0.28935806486341686 0.5849369684855144 0.06598067813449436 0.015752029418945313
58 0.5490858713785808 0.5995160738627116 0.08833033243815104 0.011748822530110677
59 0.22904008229573566 0.5820011456807455 0.049462381998697916 0.015460522969563802
60 0.28460778130425346 0.5988150596618652 0.061396280924479164 0.016826057434082033
55 0.6433868408203125 0.6291595141092936 0.10215682983398437 0.01895771026611328
61 0.37157840728759767 0.5914974530537923 0.07367871602376302 0.014945665995279947
24 0.5438567267523872 0.5387728850046793 0.06424280802408854 0.010983435312906902
21 0.42608278062608507 0.5369093259175618 0.057084147135416666 0.013107744852701823
60 0.3029585838317871 0.5709984779357911 0.06574014027913412 0.01660747528076172
61 0.380319775475396 0.5807246208190918 0.07289121415879991 0.014704322814941407
