16 0.6750232696533203 0.4763392448425293 0.021437581380208334 0.024651813507080077
26 0.25265571276346843 0.7449667930603028 0.07970476150512695 0.0814666748046875
4 0.3945368766784668 0.7168215751647949 0.07708155314127604 0.08023719787597657
2 0.6482638676961263 0.36836743354797363 0.023529434204101564 0.025005817413330078
16 0.6972780227661133 0.4749438285827637 0.02276776631673177 0.024732017517089845
15 0.7862645467122396 0.36835103034973143 0.026068369547526043 0.021399879455566408
7 0.5762659708658854 0.5742828369140625 0.027657318115234374 0.025419235229492188
7 0.5778483708699544 0.6090688705444336 0.030147679646809897 0.024080181121826173
25 0.6546393712361653 0.4778124809265137 0.019576517740885417 0.023025131225585936
10 0.6008071899414062 0.4093193531036377 0.026016108194986978 0.03585100173950195
9 0.5164875666300456 0.6170042991638184 0.03404947916666667 0.023506355285644532
10 0.6295247395833333 0.4081744194030762 0.024238204956054686 0.03478536605834961
28 0.6149897893269857 0.6825042247772217 0.033363723754882814 0.021046257019042967
15 0.7858787536621094 0.3982351779937744 0.025483194986979166 0.02025146484375
7 0.6075870513916015 0.6050775527954102 0.02917340596516927 0.021857452392578126
11 0.3250006993611654 0.734325647354126 0.06756401062011719 0.07237682342529297
10 0.5952934265136719 0.37009763717651367 0.024812062581380207 0.03656249046325684
2 0.6519476572672526 0.40206203460693357 0.02101414998372396 0.024533748626708984
4 0.4641021092732747 0.7051445960998535 0.06396573384602865 0.07472696304321289
5 0.6077833811442057 0.5696739196777344 0.02926177978515625 0.029639625549316408
9 0.542477528254191 0.5816824913024903 0.032733949025472005 0.027516746520996095
10 0.6249070485432943 0.36964342594146726 0.021356964111328126 0.03362288475036621
29 0.668746821085612 0.6526253700256348 0.03331476847330729 0.019694709777832033
2 0.6723180135091146 0.36788742542266845 0.024605814615885416 0.024877023696899415
29 0.6351983388264973 0.6548878669738769 0.033587137858072914 0.020009708404541016
6 0.6981023152669271 0.36607635021209717 0.02599919637044271 0.025457334518432618
31 0.5120975494384765 0.7005877494812012 0.03278617858886719 0.02141437530517578
3 0.4425544102986654 0.6261821746826172 0.03313611348470052 0.026358509063720705
2 0.6714557011922201 0.40148335695266724 0.017859395345052084 0.024207472801208496
9 0.5097529093424479 0.5843726634979248 0.032973861694335936 0.02908611297607422
28 0.5829096476236979 0.6864794731140137 0.034409586588541666 0.01874828338623047
3 0.4827880859375 0.6230242252349854 0.03275655110677083 0.025825691223144532
6 0.7354818979899088 0.40138195753097533 0.015656026204427083 0.029244637489318846
25 0.6380797068277995 0.511374568939209 0.01983222961425781 0.021456146240234376
9 0.5482561747233073 0.6135388851165772 0.028205362955729167 0.02260169982910156
5 0.4623703956604004 0.3041813850402832 0.05411446889241536 0.024071407318115235
29 0.6508705139160156 0.6737052917480468 0.03581441243489583 0.01933450698852539
28 0.6002356211344401 0.661643123626709 0.0348962148030599 0.020503807067871093
25 0.6573060353597006 0.5098653793334961 0.018661626180013022 0.021468544006347658
29 0.6853085835774739 0.6702786445617676 0.034834798177083334 0.01943206787109375
13 0.5737051645914714 0.5170719146728515 0.020779927571614582 0.019758987426757812
22 0.6349246978759766 0.26636157035827634 0.034160614013671875 0.026227188110351563
5 0.4712657928466797 0.271349573135376 0.04968725840250651 0.026873111724853516
31 0.5307232856750488 0.6770236015319824 0.03626524607340495 0.022561073303222656
6 0.7316474914550781 0.3625761032104492 0.020540491739908854 0.024582481384277342
13 0.5476935068766277 0.48503880500793456 0.02237726847330729 0.021378421783447267
31 0.546411148707072 0.6972328662872315 0.03564856847127278 0.021082305908203126
13 0.552712885538737 0.5184395790100098 0.02050933837890625 0.0201080322265625
30 0.7384496688842773 0.6435046672821045 0.027244059244791667 0.015799427032470705
17 0.7430886586507162 0.4717527389526367 0.023842239379882814 0.023651504516601564
20 0.6172278086344402 0.5135799407958984 0.020715840657552085 0.021225643157958985
5 0.4367182413736979 0.589316987991333 0.03586743672688802 0.029779529571533202
20 0.5920893351236979 0.483333683013916 0.021735127766927084 0.02349433898925781
28 0.5667096455891927 0.6684065341949463 0.03406982421875 0.01886329650878906
25 0.6345461527506511 0.4791572093963623 0.020290120442708334 0.02220287322998047
17 0.7458035151163737 0.5033234596252442 0.023283767700195312 0.02351522445678711
20 0.6131704966227214 0.48152961730957033 0.020707194010416666 0.022359085083007813
12 0.5309090296427409 0.5200922012329101 0.023148854573567707 0.02006702423095703
30 0.7520337422688802 0.6608284950256348 0.02861048380533854 0.017926979064941406
5 0.4738094965616862 0.5872749805450439 0.03560905456542969 0.030875301361083983
13 0.5693456013997396 0.48353018760681155 0.021143722534179687 0.021326637268066405
16 0.6774000803629557 0.5074785709381103 0.020657984415690105 0.021779823303222656
30 0.7225861231486003 0.6646604537963867 0.031187820434570312 0.017510223388671874
15 0.7614938100179036 0.36846470832824707 0.022910181681315103 0.0216494083404541
22 0.5967720667521159 0.2657142639160156 0.041932169596354166 0.02633810043334961
