63 0.48332017262776694 0.7524110794067382 0.04666182200113932 0.05137500762939453
63 0.48471333185831705 0.7012636184692382 0.049664878845214845 0.05172100067138672
63 0.43871517181396485 0.5417618751525879 0.04946060180664062 0.05042572021484375
63 0.4397706985473633 0.4902796268463135 0.048477554321289064 0.05188941955566406
63 0.43317152659098307 0.7490642547607422 0.04717966715494792 0.051289939880371095
63 0.48585853576660154 0.6464614868164062 0.04873237609863281 0.050992488861083984
63 0.4885358492533366 0.5421523094177246 0.0477780024210612 0.05088024139404297
63 0.4362016677856445 0.6463167190551757 0.04811223347981771 0.050321006774902345
63 0.4339885711669922 0.6991233825683594 0.046903800964355466 0.05007162094116211
63 0.48916009267171223 0.4905235290527344 0.048150634765625 0.05140619277954102
63 0.447042719523112 0.4362637519836426 0.04346822102864583 0.051597976684570314
63 0.4941970507303874 0.43718686103820803 0.04636459350585938 0.05105304718017578
63 0.43616727193196614 0.607642126083374 0.047937774658203126 0.027347564697265625
63 0.48608086903889974 0.6084657669067383 0.04988416035970052 0.025788307189941406
