67 0.2951754252115885 0.2078086793422699 0.12676308949788412 0.10765076875686645
43 0.9809656143188477 0.666742467880249 0.03806877136230469 0.03540325164794922
23 0.8052634557088216 0.6562803268432618 0.0607598622639974 0.015706920623779298
67 0.16564695040384927 0.20337666869163512 0.13652690251668295 0.11077100038528442
24 0.7451433817545573 0.5950789451599121 0.05859654744466146 0.01755828857421875
24 0.6756453196207682 0.6375727653503418 0.060759480794270834 0.020364761352539062
24 0.6789393107096354 0.6073945999145508 0.05885238647460937 0.018928337097167968
24 0.7416348775227865 0.6402928352355957 0.06162745157877604 0.017895317077636717
43 0.8913751602172851 0.6305768966674805 0.08986066182454427 0.026647377014160156
24 0.742715581258138 0.6244932174682617 0.061262893676757815 0.01830577850341797
43 0.8942675272623698 0.6777550220489502 0.10025405883789062 0.03153362274169922
24 0.7408029556274414 0.656460189819336 0.06048863728841146 0.018408679962158205
24 0.6806608835856119 0.5921582221984864 0.05681254069010417 0.018489265441894533
23 0.8058745066324869 0.6423709869384766 0.06082585652669271 0.017906570434570314
43 0.9769861857096355 0.6354301452636719 0.045941670735677086 0.027593040466308595
23 0.8047274271647136 0.6695611476898193 0.05958391825358073 0.016356277465820312
43 0.8937402089436849 0.6538597583770752 0.09924952189127605 0.030261898040771486
24 0.6750370661417643 0.6547480583190918 0.05947863260904948 0.019826889038085938
24 0.7437737147013347 0.6097344398498535 0.06016489664713542 0.01723003387451172
43 0.9808593114217122 0.6942410469055176 0.03828137715657552 0.03151283264160156
24 0.6773719787597656 0.6221723556518555 0.05948168436686198 0.0197265625
38 0.3744602839152018 0.43806772232055663 0.08800048828125 0.03298244476318359
