15 0.5883093516031901 0.6271222114562989 0.029742431640625 0.03321008682250977
16 0.6856515248616536 0.6098424434661865 0.02232335408528646 0.027840042114257814
9 0.45776208241780597 0.639266061782837 0.03502864837646484 0.03240756988525391
15 0.5302116711934407 0.6660120487213135 0.03189563751220703 0.0256103515625
28 0.48075332641601565 0.750916576385498 0.040209452311197914 0.025328826904296876
9 0.4932734807332357 0.635090446472168 0.03534075419108073 0.03121356964111328
16 0.7072537740071615 0.6075227737426758 0.022040812174479167 0.0272491455078125
9 0.4248777071634928 0.6799842834472656 0.03907655080159505 0.02586669921875
15 0.5265327135721842 0.6341857433319091 0.03108806610107422 0.033606433868408205
15 0.5922154744466146 0.6557621002197266 0.029488372802734374 0.027045631408691408
25 0.44097099304199217 0.389890193939209 0.019884300231933594 0.024175739288330077
15 0.5577807108561198 0.632332706451416 0.03149083455403646 0.03477687835693359
15 0.5619881947835287 0.6619301795959472 0.031547800699869795 0.025817203521728515
28 0.45925111770629884 0.7800754070281982 0.042632738749186196 0.023877525329589845
17 0.6199121475219727 0.6511919975280762 0.025335311889648438 0.025058555603027343
32 0.23319819768269856 0.5816336154937745 0.04715048472086589 0.03901958465576172
32 0.13661988576253256 0.5888504028320313 0.048302745819091795 0.04023904800415039
9 0.42083514531453453 0.6426351547241211 0.03822898864746094 0.03232078552246094
9 0.49677851994832356 0.6706742763519287 0.033446121215820315 0.02544431686401367
32 0.1850990613301595 0.5854674339294433 0.046345456441243486 0.039760780334472653
2 0.614846674601237 0.5441587448120118 0.025832112630208334 0.02456321716308594
6 0.7393657048543294 0.5028635025024414 0.023662439982096353 0.02546844482421875
10 0.6397209803263346 0.507718849182129 0.024436187744140626 0.03368988037109375
20 0.4612660725911458 0.39018640518188474 0.021796290079752603 0.023794937133789062
2 0.5886459350585938 0.5453291893005371 0.027141062418619792 0.024963188171386718
20 0.48648179372151695 0.390217924118042 0.027918497721354168 0.023942947387695312
12 0.2764007568359375 0.5676750183105469 0.032286453247070315 0.02503623962402344
28 0.5577191670735677 0.7379761219024659 0.03821436564127604 0.023046398162841798
3 0.3423458099365234 0.6583632469177246 0.04447167714436849 0.041801071166992186
16 0.7070287068684896 0.6402055740356445 0.019980875651041667 0.023692798614501954
28 0.578296407063802 0.7588716983795166 0.03754208882649739 0.023662471771240236
20 0.4951679229736328 0.4272881507873535 0.023587926228841146 0.02207813262939453
9 0.46240526835123696 0.6757820129394532 0.034719594319661456 0.02633037567138672
7 0.4054190953572591 0.5679261207580566 0.03296826680501302 0.03579368591308594
17 0.615325927734375 0.617124605178833 0.02422014872233073 0.028162002563476562
2 0.5847345987955729 0.5113603591918945 0.02693761189778646 0.026406097412109374
28 0.5226833661397298 0.743902587890625 0.03852519989013672 0.023698043823242188
28 0.5010626792907715 0.7733110904693603 0.04161847432454427 0.024336814880371094
2 0.556869633992513 0.5126448154449463 0.026921971638997396 0.02691335678100586
25 0.4468304951985677 0.42819766998291015 0.025348917643229166 0.02300434112548828
2 0.6107952117919921 0.5099904537200928 0.025524393717447916 0.026358699798583983
31 0.4134843826293945 0.791014289855957 0.04382794698079427 0.025728225708007812
31 0.36939706802368166 0.7989358901977539 0.04479503631591797 0.024205970764160156
17 0.6394663492838542 0.6148738861083984 0.024394734700520834 0.028053092956542968
7 0.45609976450602213 0.5184316635131836 0.03562876383463542 0.036478614807128905
32 0.2325687090555827 0.5410768985748291 0.04697291056315104 0.03917112350463867
7 0.501957893371582 0.5205955505371094 0.031040318806966147 0.03414020538330078
28 0.4408092498779297 0.7559287071228027 0.040224647521972655 0.024894905090332032
17 0.6436333974202474 0.6490557670593262 0.024022420247395832 0.024407005310058592
31 0.39659105936686195 0.766421890258789 0.044396464029947916 0.02736692428588867
16 0.7290196736653646 0.6057492256164551 0.021864827473958334 0.02725563049316406
31 0.3540853500366211 0.7745800018310547 0.04238688151041667 0.025530147552490234
3 0.3850069046020508 0.6871164321899415 0.03854497273763021 0.026210975646972657
3 0.34492623011271156 0.6918595314025879 0.04321982065836589 0.02532615661621094
16 0.7287944157918295 0.6382017135620117 0.02331403096516927 0.024051094055175783
7 0.41329030990600585 0.530693244934082 0.029346466064453125 0.03698892593383789
3 0.38313976923624676 0.6533523559570312 0.03715464274088542 0.042517471313476565
28 0.5424199422200521 0.7644048690795898 0.03756001790364583 0.021744346618652342
30 0.684829839070638 0.7347512245178223 0.033738962809244794 0.019976997375488283
30 0.7179492950439453 0.7315515518188477 0.03411916097005208 0.02177734375
25 0.4191852569580078 0.38965530395507814 0.0257476806640625 0.025232505798339844
20 0.4716242472330729 0.4276124954223633 0.022906112670898437 0.022116661071777344
2 0.5561428070068359 0.54787278175354 0.02734095255533854 0.025525569915771484
12 0.3028785069783529 0.5241108894348144 0.027789560953776042 0.027649116516113282
2 0.5311254819234212 0.5136984825134278 0.025037574768066406 0.0257843017578125
12 0.27289143403371174 0.5257772445678711 0.032046238581339516 0.028592491149902345
17 0.6632725397745768 0.6125998020172119 0.023698806762695312 0.028293895721435546
13 0.33499552408854166 0.5632508277893067 0.02742907206217448 0.02488288879394531
32 0.18420510292053222 0.5436697006225586 0.0483375867207845 0.042108917236328126
10 0.6748086929321289 0.5074501037597656 0.01443939208984375 0.034515380859375
29 0.6382457097371419 0.745942497253418 0.03837013244628906 0.024976730346679688
10 0.6953535715738932 0.5071993827819824 0.018726094563802084 0.034025382995605466
28 0.5417913913726806 0.7186719894409179 0.03461306889851888 0.019486236572265624
25 0.42037652333577474 0.4283787727355957 0.027473258972167968 0.022807884216308593
17 0.6664529164632161 0.6454998016357422 0.02181396484375 0.023122310638427734
13 0.362691593170166 0.5617365837097168 0.02682959238688151 0.02436370849609375
31 0.3823530832926432 0.7451360702514649 0.04036394755045573 0.020850372314453126
30 0.694158426920573 0.7121837615966797 0.03353068033854167 0.019275665283203125
12 0.3066349983215332 0.5658255577087402 0.027228291829427084 0.02445697784423828
31 0.34213059743245444 0.7525588989257812 0.040985361735026045 0.020582866668701173
28 0.5052431424458822 0.7243500709533691 0.03547032674153646 0.017477989196777344
28 0.4648517290751139 0.7307209014892578 0.03771750132242838 0.019822216033935545
13 0.33077338536580403 0.5228564739227295 0.02628637949625651 0.02692575454711914
32 0.13098692099253337 0.5454527378082276 0.05779557228088379 0.04297761917114258
28 0.42527621587117515 0.7358692646026611 0.037141036987304685 0.017708015441894532
4 0.9886889139811198 0.5268280029296875 0.02247314453125 0.05358543395996094
6 0.7164602915445963 0.5030824661254882 0.022927093505859374 0.025240230560302734
37 0.03596721092859904 0.7308500289916993 0.07185051441192628 0.05677776336669922
13 0.3564183553059896 0.5220690727233886 0.02435302734375 0.02717247009277344
16 0.6872665405273437 0.6427625179290771 0.020818583170572915 0.023485851287841798
61 0.057392819722493486 0.5850770473480225 0.08303941090901693 0.016660213470458984
30 0.6627330780029297 0.7170880794525146 0.033994038899739586 0.02029428482055664
2 0.5292247454325358 0.5491915702819824 0.026712354024251303 0.025494384765625
6 0.7166033426920573 0.5379470348358154 0.02085431416829427 0.025439929962158204
61 0.050785366694132486 0.544523048400879 0.08785858154296874 0.014292526245117187
10 0.6955874760945638 0.5424029350280761 0.021401214599609374 0.03208160400390625
61 0.054117182890574135 0.5620845794677735 0.09098107814788818 0.012175369262695312
30 0.6725715637207031 0.6955764770507813 0.028607686360677082 0.01793079376220703
54 0.6121318817138672 0.7247740745544433 0.052800496419270836 0.026893806457519532
30 0.6444174448649088 0.7000393390655517 0.027739461263020834 0.016833114624023437
