25 0.7321551852756076 0.3662330150604248 0.03195359971788195 0.03198022842407226
25 0.7651318020290798 0.36478891372680666 0.032196723090277775 0.031552886962890624
25 0.6986232333713107 0.3673888683319092 0.03369004991319444 0.03359537124633789
20 0.5724443223741319 0.37256908416748047 0.030543094211154514 0.030494499206542968
25 0.6329891628689236 0.36994051933288574 0.03100975884331597 0.0316737174987793
25 0.6023562113444011 0.37151827812194826 0.03037533230251736 0.029950809478759766
25 0.6649560716417101 0.36875922679901124 0.03275536431206597 0.03365988731384277
20 0.549322043524848 0.3468523740768433 0.02783576117621528 0.020689916610717774
20 0.577776124742296 0.3461714744567871 0.029951307508680556 0.021416616439819337
20 0.39563140869140623 0.37580463886260984 0.03248291015625 0.033111047744750974
25 0.6090868208143446 0.3451417922973633 0.030679999457465277 0.021442270278930663
20 0.42735824584960935 0.3758289337158203 0.029797193739149304 0.03291254043579102
25 0.7655505710177951 0.3371422290802002 0.03390231662326389 0.022754859924316407
25 0.7338328043619792 0.3388011932373047 0.029911973741319445 0.02223663330078125
25 0.6384897020128039 0.34321458339691163 0.027887980143229168 0.021659088134765626
25 0.799846903483073 0.33608646392822267 0.03461642795138889 0.022591543197631837
25 0.7997309366861979 0.36389894485473634 0.03532782660590278 0.031197738647460938
20 0.5202455732557508 0.34841194152832033 0.028735436333550347 0.020530509948730468
25 0.6722198910183377 0.3414464950561523 0.030392201741536458 0.0208038330078125
25 0.7034439086914063 0.34051947593688964 0.03134952121310764 0.021043777465820312
20 0.46392283969455295 0.350439715385437 0.027244652642144096 0.019328498840332033
20 0.5412586636013454 0.37383475303649905 0.030692715115017363 0.029875946044921876
20 0.4918763054741753 0.3499575614929199 0.02850706312391493 0.019959211349487305
20 0.5108087327745225 0.3745341062545776 0.029277462429470488 0.02956099510192871
20 0.4369681888156467 0.350551438331604 0.02634336683485243 0.018804502487182618
20 0.48307151794433595 0.37494711875915526 0.02738121880425347 0.030187320709228516
20 0.45605718824598523 0.3753509044647217 0.026978641086154515 0.03172502517700195
