29 0.5075906117757162 0.30241611003875735 0.07751210530598958 0.03696837425231934
17 0.22519753774007162 0.5557581901550293 0.049735005696614584 0.05009918212890625
6 0.6657978693644205 0.34753942489624023 0.05514666239420573 0.07198810577392578
10 0.745295524597168 0.34740433692932127 0.0426483154296875 0.07201480865478516
47 0.6952260335286459 0.5691563606262207 0.06145909627278646 0.06748504638671875
17 0.27538855870564777 0.5578200340270996 0.04933586120605469 0.05084724426269531
51 0.2475958824157715 0.6746016502380371 0.07863413492838542 0.05104637145996094
51 0.32468789418538413 0.6738044738769531 0.08013216654459636 0.05207061767578125
47 0.6350142796834309 0.568639087677002 0.0595849355061849 0.06794986724853516
47 0.5744522094726563 0.5669811725616455 0.057275390625 0.06603155136108399
40 0.5299483935038248 0.5634679317474365 0.0305178960164388 0.06538887023925781
28 0.5054667790730795 0.3336888551712036 0.07627296447753906 0.027497196197509767
40 0.4980033238728841 0.5625505447387695 0.02763786315917969 0.06355762481689453
1 0.5926199595133463 0.2991313934326172 0.07973378499348958 0.03341388702392578
1 0.592907969156901 0.332194447517395 0.08122227986653646 0.03466153144836426
4 0.36614955266316734 0.45342426300048827 0.12295907338460287 0.08022651672363282
40 0.4664571444193522 0.5612022876739502 0.028504180908203124 0.06476984024047852
24 0.4245269457499186 0.29123797416687014 0.08328456878662109 0.013470458984375
40 0.36717313130696616 0.5594342231750489 0.028505706787109376 0.06449604034423828
54 0.5812733968098959 0.6785105228424072 0.06831512451171876 0.06066551208496094
40 0.3979705492655436 0.5601779460906983 0.030036036173502603 0.06699571609497071
24 0.4187304496765137 0.3032802104949951 0.08694210052490234 0.013007736206054688
24 0.41746705373128257 0.31602332592010496 0.08644256591796876 0.01387791633605957
53 0.49412244160970054 0.6759708404541016 0.08138872782389323 0.054522705078125
17 0.3252221425374349 0.5577572822570801 0.04934196472167969 0.049734878540039065
46 0.4092898368835449 0.6779973983764649 0.07995738983154296 0.04764432907104492
40 0.4301883379618327 0.5601194381713868 0.029689979553222657 0.06694450378417968
48 0.661508051554362 0.6845479011535645 0.09300384521484376 0.05264148712158203
4 0.23956514994303385 0.44939231872558594 0.12100003560384115 0.07877960205078124
23 0.22548694610595704 0.2950772762298584 0.08820273081461588 0.01659531593322754
23 0.23897733688354492 0.26965811252593996 0.08614584604899088 0.016449737548828124
23 0.2343165397644043 0.2812178134918213 0.08620878855387369 0.014393043518066407
24 0.4171671549479167 0.3311640977859497 0.08595072428385417 0.01637415885925293
58 0.5173931757609049 0.4727480888366699 0.1293713887532552 0.02353191375732422
21 0.21025096575419108 0.3261662483215332 0.08974084854125977 0.019028329849243165
21 0.21624865531921386 0.31015634536743164 0.08768040339152018 0.014345359802246094
27 0.32310479482014975 0.3001641988754272 0.08680826822916667 0.014098739624023438
27 0.3180677096048991 0.32847516536712645 0.08614514668782552 0.017694091796875
27 0.3203653971354167 0.312998628616333 0.08705348968505859 0.013630390167236328
