64 0.2818916400273641 0.5898187637329102 0.04491066932678223 0.07603702545166016
64 0.3133103688557943 0.5885297775268554 0.046525828043619794 0.07666053771972656
64 0.34082361857096355 0.5857496738433838 0.04336395263671875 0.07484455108642578
64 0.3624997138977051 0.5837028980255127 0.04520765940348307 0.07436647415161132
65 0.3876796722412109 0.5808322906494141 0.0460748036702474 0.07416067123413086
29 0.4391052563985189 0.11856203377246857 0.10855916341145834 0.066817706823349
55 0.3971331278483073 0.232168048620224 0.060026931762695315 0.08013011217117309
31 0.5500384012858073 0.11298062801361083 0.10872154235839844 0.07467284202575683
39 0.2798533042271932 0.35054974555969237 0.15444159507751465 0.06538562774658203
47 0.22438265482584635 0.08861980438232422 0.10818201700846354 0.11091821193695069
43 0.45785223642985023 0.35056228637695314 0.17081743876139324 0.05194158554077148
47 0.33414745330810547 0.09798551797866821 0.10457967122395834 0.11568830013275147
65 0.41402263641357423 0.5764755249023438 0.04477399190266927 0.07235431671142578
58 0.4899022102355957 0.22884047031402588 0.040863990783691406 0.07433280944824219
54 0.03501545985539754 0.7905071258544922 0.06985094547271728 0.13243389129638672
62 0.540760866800944 0.5604068756103515 0.052171579996744794 0.0721628189086914
62 0.5701161702473958 0.5556346893310546 0.046384175618489586 0.07527074813842774
40 0.2585966428120931 0.21183838844299316 0.14870287577311198 0.030324649810791016
65 0.4591090202331543 0.5690695285797119 0.04844748179117839 0.07037353515625
58 0.5312147776285807 0.22741692066192626 0.04605013529459635 0.07303409576416016
55 0.4447750727335612 0.22994766235351563 0.05272324879964193 0.07494831085205078
65 0.43314304351806643 0.5718170166015625 0.04245707194010417 0.06946640014648438
40 0.2741289456685384 0.24477620124816896 0.14229615529378256 0.03225545883178711
61 0.352953847249349 0.23353272080421447 0.0438622792561849 0.07915600538253784
62 0.5027954737345378 0.5685078620910644 0.04122937520345052 0.0652688980102539
40 0.27015981674194334 0.2715726613998413 0.1391562779744466 0.02265195846557617
