9 0.7011577606201171 0.34462599754333495 0.04115015665690104 0.026080608367919922
11 0.6434336344401042 0.3236953020095825 0.06778742472330729 0.08835349082946778
11 0.5696317672729492 0.3239147663116455 0.08384857177734376 0.09034147262573242
28 0.4996826171875 0.33649344444274903 0.047372690836588544 0.018950366973876955
9 0.741038449605306 0.34418959617614747 0.038790130615234376 0.026009273529052735
9 0.698504384358724 0.3066264152526855 0.04423319498697917 0.026511669158935547
29 0.4495478312174479 0.3360539436340332 0.05096092224121094 0.018454742431640626
28 0.4897432327270508 0.32023546695709226 0.045656712849934895 0.014183759689331055
9 0.7414848327636718 0.306993293762207 0.04001744588216146 0.02794017791748047
28 0.4796204884847005 0.3071465492248535 0.04790293375651042 0.013078594207763672
23 0.5301961898803711 0.464629077911377 0.043717575073242185 0.009122467041015625
29 0.4407774607340495 0.3205409526824951 0.04242108662923177 0.014050483703613281
24 0.5730464935302735 0.4541581153869629 0.046987660725911456 0.008754253387451172
24 0.5786502838134766 0.46340694427490237 0.04336598714192708 0.009593582153320313
23 0.5255430221557618 0.45603103637695314 0.04471397399902344 0.009472846984863281
24 0.5669563293457032 0.4457714557647705 0.044413248697916664 0.008980178833007812
40 0.46026271184285483 0.4431160926818848 0.06842047373453776 0.011544036865234374
29 0.43647403717041017 0.30684266090393064 0.03376490275065104 0.012873601913452149
40 0.46816590627034504 0.4582733154296875 0.060935020446777344 0.01639404296875
23 0.5157752672831217 0.4416109561920166 0.037557156880696614 0.008702659606933593
