44 0.536511484781901 0.5827665805816651 0.032892862955729164 0.02893991470336914
44 0.47069886525472004 0.5823518753051757 0.030597368876139324 0.029309654235839845
37 0.33817192713419597 0.6346270561218261 0.052883211771647134 0.027724647521972658
42 0.33661667505900067 0.5827475547790527 0.05424722035725912 0.020780181884765624
32 0.3547369003295898 0.6836857795715332 0.018567911783854165 0.016304206848144532
44 0.5032639821370443 0.5821966171264649 0.03177941640218099 0.031056022644042967
32 0.3322532018025716 0.7014889717102051 0.019822120666503906 0.017743873596191406
45 0.3913304646809896 0.6917511940002441 0.010560226440429688 0.028126335144042967
32 0.3342562357584635 0.6839581489562988 0.02002271016438802 0.016746330261230468
40 0.4593457857767741 0.6994646072387696 0.009928448994954427 0.02016277313232422
32 0.35274200439453124 0.7009176254272461 0.0189205805460612 0.017249393463134765
40 0.45750439961751305 0.6751775741577148 0.010017649332682291 0.018682479858398438
43 0.4335989316304525 0.587490463256836 0.0416622797648112 0.017177391052246093
43 0.434742800394694 0.5688817977905274 0.0399712880452474 0.01256732940673828
32 0.31400864919026694 0.683842945098877 0.01872425079345703 0.016017055511474608
39 0.556270980834961 0.6283131599426269 0.03219477335611979 0.01935920715332031
39 0.5222509702046713 0.6297472000122071 0.03363234202067057 0.018480491638183594
38 0.38676745096842446 0.6425047874450683 0.04507369995117187 0.012923431396484376
40 0.4366755167643229 0.6984429359436035 0.011292203267415365 0.01754417419433594
32 0.3127758026123047 0.7009681701660156 0.018648401896158854 0.017967605590820314
45 0.40337038040161133 0.6918741703033447 0.012183062235514323 0.028802108764648438
40 0.4705677032470703 0.7024919509887695 0.010037740071614584 0.023041534423828124
45 0.4136285146077474 0.691731071472168 0.01021575927734375 0.029016685485839844
40 0.4415961583455404 0.6752854347229004 0.004181671142578125 0.018854331970214844
39 0.5918718338012695 0.6281282424926757 0.03416531880696615 0.018654060363769532
49 0.5566146850585938 0.6441823005676269 0.02959442138671875 0.011560344696044922
45 0.37950051625569664 0.6921945095062256 0.010588391621907552 0.026786422729492186
45 0.4245426177978516 0.6923267364501953 0.009627787272135417 0.02882976531982422
40 0.4459468523661296 0.6753899574279785 0.010092798868815105 0.018821907043457032
40 0.46997385025024413 0.6754243850708008 0.010900243123372396 0.018343544006347655
42 0.38766276041666664 0.5836088180541992 0.04566256205240885 0.020343017578125
40 0.49098453521728513 0.6755255699157715 0.00902544657389323 0.018367767333984375
