19 0.6293664932250976 0.459840202331543 0.026048851013183594 0.043503888448079425
53 0.5155169486999511 0.6022715250651042 0.030271148681640624 0.05817413330078125
51 0.5821320056915283 0.604816182454427 0.0337031364440918 0.06265716552734375
47 0.5508054256439209 0.45194918314615884 0.025871086120605468 0.04501075744628906
47 0.5244197845458984 0.45217825571695963 0.025227165222167967 0.0442291259765625
51 0.5476422309875488 0.6030707041422526 0.03316421508789062 0.059005991617838545
51 0.6163819313049317 0.6080835342407227 0.03544178009033203 0.062110519409179686
19 0.6297856330871582 0.5022681872049968 0.025339508056640626 0.039032300313313804
18 0.5775355815887451 0.4608563741048177 0.024559783935546874 0.043247095743815106
19 0.656962776184082 0.45931396484375 0.026787185668945314 0.04408671061197917
46 0.6930773735046387 0.6141952514648438 0.03760795593261719 0.06081695556640625
18 0.6039824962615967 0.5024060567220052 0.02453641891479492 0.037943267822265626
19 0.6568188667297363 0.4972208023071289 0.02657470703125 0.03020057678222656
47 0.5482447624206543 0.5013647397359212 0.024109458923339842 0.04042517344156901
46 0.655555534362793 0.6109839121500651 0.03568563461303711 0.0601043701171875
18 0.6029281139373779 0.46075617472330727 0.025072765350341798 0.042494583129882815
19 0.6846119880676269 0.4584088961283366 0.02692422866821289 0.04441026051839193
46 0.7350419044494629 0.6174459457397461 0.03954238891601562 0.06655426025390625
19 0.6846447944641113 0.4958436330159505 0.027345848083496094 0.0294647216796875
30 0.9759408950805664 0.9510026295979818 0.03699054718017578 0.029926300048828125
18 0.578292989730835 0.5024332682291667 0.02445363998413086 0.036525853474934894
47 0.5225392818450928 0.5011711120605469 0.0241058349609375 0.04029769897460937
30 0.938199806213379 0.9448228200276693 0.03568191528320312 0.030020395914713543
30 0.9313831329345703 0.917167599995931 0.029635238647460937 0.025083033243815105
30 0.9650702476501465 0.9221209208170573 0.03505096435546875 0.02556635538736979
30 0.9237943649291992 0.8800341288248698 0.03297882080078125 0.02855224609375
30 0.9573766708374023 0.8823086420694987 0.03429336547851562 0.030684534708658853
