15 0.6138233184814453 0.4297626972198486 0.0845934549967448 0.08029117584228515
9 0.27413810094197594 0.4108739852905273 0.0812069574991862 0.07010459899902344
9 0.3575418472290039 0.4142030715942383 0.08587671915690104 0.06826839447021485
9 0.1865375836690267 0.4103304386138916 0.09247786204020182 0.06980695724487304
28 0.30236708323160805 0.6740231513977051 0.08566309611002604 0.04920768737792969
15 0.529098637898763 0.49457383155822754 0.08128509521484376 0.051287269592285155
15 0.610079574584961 0.4953176975250244 0.08133595784505208 0.05193796157836914
15 0.44565264383951825 0.42832036018371583 0.08521995544433594 0.08222360610961914
15 0.4461510976155599 0.49353961944580077 0.0825082778930664 0.04976100921630859
17 0.7579266866048177 0.418289852142334 0.0658739725748698 0.06676273345947266
15 0.5300623575846354 0.42855372428894045 0.08386446634928385 0.08147106170654297
9 0.19212085405985516 0.4888404369354248 0.08907661437988282 0.05187644958496094
9 0.2781208992004395 0.49034709930419923 0.08273162841796874 0.05254907608032226
17 0.8252307891845703 0.419614315032959 0.06837412516276041 0.06775264739990235
2 0.7030688603719075 0.12086843252182007 0.08317782084147135 0.07540738582611084
17 0.7494576772054037 0.4974947929382324 0.06606826782226563 0.053308868408203126
7 0.3461081186930339 0.2306671619415283 0.09784024556477865 0.09685511589050293
17 0.6903940836588541 0.4168586254119873 0.06870956420898437 0.06687402725219727
28 0.5682164351145427 0.6818938732147217 0.08314695358276367 0.05161705017089844
9 0.3616684913635254 0.49143733978271487 0.0822561264038086 0.049447154998779295
28 0.3886611302693685 0.6782261848449707 0.08539969126383463 0.051793670654296874
7 0.0896468718846639 0.12399258315563202 0.10973544120788574 0.0997643530368805
31 0.20650018056233724 0.6668375492095947 0.08507245381673177 0.051124954223632814
2 0.6174057006835938 0.11867206394672394 0.08045450846354167 0.076127427816391
31 0.11785297393798828 0.674371862411499 0.08793888092041016 0.05498208999633789
2 0.5348382949829101 0.115329909324646 0.08180681864420573 0.07767140865325928
3 0.09400862256685892 0.41805224418640136 0.09288720687230428 0.08570928573608398
16 0.8773329416910808 0.4997729301452637 0.06353480021158854 0.05509824752807617
7 0.0617611567179362 0.2214052200317383 0.08212278683980306 0.09476294517517089
17 0.8146032969156901 0.4987116813659668 0.06469014485677084 0.052781867980957034
2 0.6196050008138021 0.22054665088653563 0.07781117757161458 0.07085962295532226
31 0.13989699681599935 0.6227858543395997 0.08236478169759115 0.05008010864257813
31 0.22405563990275065 0.6173295974731445 0.08214015960693359 0.046514034271240234
28 0.4824164072672526 0.6805308341979981 0.08235956827799479 0.05204753875732422
7 0.22950042088826497 0.10685496330261231 0.10542322794596354 0.10343308448791504
28 0.3978510538736979 0.6244909286499023 0.07689196268717448 0.051067543029785153
54 0.6721002578735351 0.6556713581085205 0.11415265401204427 0.10697469711303711
2 0.4523829142252604 0.11120399236679077 0.081976318359375 0.07805016040802001
7 0.22844041188557943 0.22569069266319275 0.09444230397542318 0.0957769513130188
3 0.09968790213267008 0.4877609729766846 0.09179463386535644 0.05159692764282227
16 0.8937843322753907 0.42041449546813964 0.06652425130208334 0.0673213005065918
28 0.5618728001912435 0.6306275367736817 0.07742220560709635 0.04943170547485352
7 0.3608391761779785 0.12084769904613495 0.09900385538736979 0.10489388108253479
2 0.6979145050048828 0.22168295383453368 0.07687911987304688 0.06926941871643066
2 0.5168483098347981 0.21862005591392517 0.07897326151529947 0.07365390062332153
2 0.43627541859944663 0.21551682949066162 0.07818412780761719 0.07313094139099122
3 0.02407996654510498 0.41692360639572146 0.048149975140889485 0.09076006412506103
30 0.8146018346150716 0.6321078300476074 0.07384847005208334 0.048852157592773435
3 0.027395594120025634 0.4868201732635498 0.05479118824005127 0.04782238006591797
10 0.8079583485921223 0.12143733501434326 0.07201258341471355 0.10515613555908203
28 0.48236560821533203 0.6291030883789063 0.07591438293457031 0.051270675659179685
30 0.8985293070475261 0.6273664951324462 0.07943089803059895 0.038237380981445315
30 0.9106292724609375 0.6715220451354981 0.08601786295572916 0.052472591400146484
16 0.9400183359781901 0.5010357856750488 0.06579678853352865 0.055656147003173825
30 0.8339234670003255 0.6816828727722168 0.07447764078776041 0.050157356262207034
10 0.90059814453125 0.1280181884765625 0.07977816263834635 0.10233025550842285
29 0.6823134104410807 0.6821293830871582 0.08539962768554688 0.05948772430419922
17 0.683932367960612 0.49688191413879396 0.06546529134114583 0.05251789093017578
10 0.9629705429077149 0.24320151805877685 0.07399253845214844 0.10084853172302247
28 0.31388409932454425 0.6237699508666992 0.081622314453125 0.05054922103881836
29 0.748263422648112 0.6459471702575683 0.032053629557291664 0.04495048522949219
16 0.9598715464274089 0.4219381809234619 0.06750946044921875 0.0698969841003418
29 0.7560060501098633 0.687243127822876 0.04723434448242188 0.03664875030517578
9 0.2856106440226237 0.334177303314209 0.08011423746744792 0.041136884689331056
16 0.9856683095296224 0.5014860153198242 0.028396097819010417 0.053512191772460936
10 0.9812692960103353 0.13400096893310548 0.037461407979329425 0.09836618900299073
9 0.20820121765136718 0.3327160358428955 0.07255236307779948 0.03854837417602539
