47 0.7426968892415364 0.3364920139312744 0.031790669759114584 0.025273609161376952
53 0.5402076721191407 0.35658893585205076 0.044861094156901045 0.04730634689331055
53 0.5800175348917643 0.35566000938415526 0.03476270039876302 0.0483973503112793
47 0.7343672434488933 0.4648486614227295 0.03151295979817708 0.02218904495239258
67 0.22982123692830403 0.6429682731628418 0.07184403737386068 0.061917686462402345
47 0.7011981964111328 0.46451101303100584 0.03108978271484375 0.02165679931640625
47 0.711214828491211 0.33623409271240234 0.030835469563802082 0.024176311492919923
47 0.7760323206583659 0.36661419868469236 0.03116010030110677 0.022102546691894532
47 0.6392679850260417 0.4334151268005371 0.029774983723958332 0.026814842224121095
67 0.15850683848063152 0.6349900245666504 0.07017714182535807 0.055042457580566403
47 0.743766721089681 0.36715221405029297 0.03134371439615886 0.021557044982910157
47 0.7752611796061198 0.33637313842773436 0.03290201822916667 0.02433786392211914
47 0.614459482828776 0.33810901641845703 0.030811818440755208 0.023185110092163085
66 0.326856803894043 0.6482412338256835 0.0994469960530599 0.08712482452392578
47 0.7346782684326172 0.43358526229858396 0.03134969075520833 0.024794292449951173
47 0.6152942657470704 0.3676931142807007 0.030686187744140624 0.022573232650756836
47 0.6790773391723632 0.33763813972473145 0.031366856892903645 0.02499523162841797
47 0.6075428009033204 0.4643522262573242 0.02880833943684896 0.021810340881347656
47 0.6465862274169922 0.36782116889953614 0.029807281494140626 0.022356510162353516
47 0.6467998504638672 0.33796086311340334 0.03109919230143229 0.02502584457397461
47 0.702669906616211 0.4334902763366699 0.031377156575520836 0.024944877624511717
47 0.6082316080729167 0.4344038009643555 0.031099955240885418 0.024863243103027344
47 0.6377437591552735 0.4647823333740234 0.030028152465820312 0.021868896484375
47 0.6704137166341145 0.433400821685791 0.03059412638346354 0.026272010803222657
47 0.7114336649576823 0.36706056594848635 0.03106867472330729 0.02095479965209961
67 0.09255154927571614 0.6333150863647461 0.06361438433329264 0.05070648193359375
47 0.767284647623698 0.4643576145172119 0.032399749755859374 0.021888542175292968
47 0.6693307240804036 0.4649680137634277 0.029534657796223957 0.02154989242553711
47 0.6787410736083984 0.3679765462875366 0.031159464518229166 0.02114253044128418
46 0.5699962615966797 0.45277996063232423 0.037982813517252606 0.0433441162109375
47 0.7668502807617188 0.43354406356811526 0.03160654703776042 0.025295829772949217
46 0.5285466512044271 0.45375690460205076 0.04188550313313802 0.04325847625732422
