39 0.09287233352661133 0.8293211221694946 0.1847998301188151 0.21478533744812012
49 0.8706722895304362 0.912646484375 0.21119702657063802 0.09494361877441407
49 0.27081085840861 0.8918806076049804 0.18009764353434246 0.10275764465332031
49 0.4636480967203776 0.9002114295959472 0.18186365763346354 0.09353008270263671
49 0.6618000666300455 0.9037294387817383 0.18599039713541668 0.08350067138671875
37 0.09550117651621501 0.5202700614929199 0.18901445070902506 0.06060237884521484
37 0.2970279057820638 0.5166446685791015 0.21271260579427084 0.0625732421875
37 0.9524847666422526 0.4773093223571777 0.09424718221028645 0.1128458023071289
42 0.7824045817057291 0.49813642501831057 0.24173011779785156 0.0774195671081543
42 0.5512864430745442 0.4290055274963379 0.2177520751953125 0.049480533599853514
42 0.5380425930023194 0.49534358978271487 0.23658215204874675 0.08339519500732422
37 0.3073917309443156 0.4486095428466797 0.2212692419687907 0.0718764305114746
38 0.10646138191223145 0.4578239440917969 0.1853123664855957 0.058826255798339847
42 0.7777372996012369 0.4259200930595398 0.2333857218424479 0.06674273014068603
