51 0.6449996948242187 0.6175786018371582 0.0690826416015625 0.07655372619628906
10 0.7865910847981771 0.10705522298812867 0.05257860819498698 0.055904197692871097
53 0.49914162953694663 0.6414865970611572 0.07275950113932292 0.07576484680175781
21 0.7690057118733724 0.33345375061035154 0.02983436584472656 0.04879508018493652
47 0.6992221196492513 0.6173571586608887 0.04754791259765625 0.05805072784423828
22 0.6991397857666015 0.23475050926208496 0.06234410603841146 0.053256988525390625
17 0.786981709798177 0.23036775588989258 0.046657562255859375 0.05979833602905273
54 0.32124382654825845 0.6773552894592285 0.09370409647623698 0.08938846588134766
13 0.8363969802856446 0.23080427646636964 0.046625010172526044 0.05483155250549317
2 0.8330818176269531 0.1086480587720871 0.041177622477213544 0.05383778214454651
46 0.5750996907552083 0.6292963981628418 0.06953887939453125 0.07680721282958984
0 0.637494150797526 0.23502535820007325 0.06299235026041666 0.05331506729125977
16 0.7454335530598958 0.23035497665405275 0.03852996826171875 0.060927200317382815
3 0.7323487599690756 0.10709787607192993 0.05565923055013021 0.053671741485595705
48 0.4142573038736979 0.6591329574584961 0.09519596099853515 0.08487281799316407
19 0.761837387084961 0.4208406925201416 0.05572052001953125 0.0569915771484375
27 0.8207687377929688 0.3318632125854492 0.034137725830078125 0.04831418991088867
24 0.7946123123168946 0.3324590682983398 0.0312408447265625 0.047397518157958986
