9 0.5656023661295573 0.628357219696045 0.04393971761067708 0.03895759582519531
9 0.5208112398783366 0.6254003524780274 0.04589074452718099 0.03737630844116211
6 0.38619041442871094 0.4743401050567627 0.03659744262695312 0.03572025299072266
9 0.516061528523763 0.6659422874450683 0.0425635019938151 0.02755107879638672
0 0.36274042129516604 0.39540443420410154 0.058917935689290366 0.03558006286621094
17 0.2814085642496745 0.6159738540649414 0.03262901306152344 0.03678951263427734
7 0.6118487040201823 0.6350258827209473 0.0462652842203776 0.046468353271484374
6 0.3492703119913737 0.4718433380126953 0.03690198262532552 0.03743743896484375
10 0.23512989679972332 0.46606173515319826 0.039003213246663414 0.0357661247253418
2 0.27463397979736326 0.4675876617431641 0.03806578318277995 0.03608865737915039
10 0.16012134552001953 0.46250190734863283 0.03743801116943359 0.03613758087158203
6 0.3846186637878418 0.5166687965393066 0.03721764882405599 0.03096904754638672
6 0.3473222732543945 0.514665937423706 0.037044525146484375 0.03135871887207031
13 0.3129157384236654 0.6216603279113769 0.030019632975260415 0.042357444763183594
9 0.5598882039388021 0.668758773803711 0.043998336791992186 0.02652454376220703
17 0.24648914337158204 0.6148591041564941 0.03706277211507161 0.037134552001953126
12 0.40169410705566405 0.6270582675933838 0.03456802368164062 0.04302339553833008
12 0.37005062103271485 0.6256588935852051 0.030487950642903647 0.0430877685546875
47 0.3115365982055664 0.08270047903060913 0.051414807637532554 0.05399186611175537
40 0.871658198038737 0.6810609817504882 0.02458165486653646 0.051317024230957034
40 0.8948322931925455 0.6812994956970215 0.022746149698893228 0.05000247955322266
10 0.19725985527038575 0.4644777297973633 0.037096691131591794 0.03584423065185547
47 0.2046166737874349 0.07648060321807862 0.0516961415608724 0.05245542526245117
7 0.6566001892089843 0.6357881546020507 0.04589246114095052 0.04456825256347656
57 0.7604880650838216 0.7880309104919434 0.11770032246907552 0.09085979461669921
47 0.25893735885620117 0.08018016815185547 0.05278174082438151 0.05312888622283936
2 0.3119716008504232 0.46988391876220703 0.03677711486816406 0.03597335815429688
2 0.31076393127441404 0.5120878696441651 0.03535652160644531 0.03085460662841797
17 0.24542147318522137 0.6561500072479248 0.03507687250773112 0.026971817016601562
2 0.27551713784535725 0.5106052875518798 0.03464878400166829 0.03062610626220703
17 0.2809255282084147 0.6565399646759034 0.03506902058919271 0.026555347442626952
13 0.3418231646219889 0.6224859237670899 0.028477795918782554 0.042852592468261716
1 0.301874033610026 0.3907912731170654 0.06009343465169271 0.03469858169555664
13 0.31453158060709635 0.6569046020507813 0.03014094034830729 0.025352287292480468
40 0.9147140502929687 0.6814155578613281 0.022187423706054688 0.04970884323120117
7 0.6493705749511719 0.6703570365905762 0.043857447306315106 0.02670879364013672
39 0.9497065226236979 0.6772540092468262 0.05258509318033854 0.05628547668457031
7 0.6056067148844401 0.6700299263000489 0.04255549112955729 0.025953292846679688
13 0.3445471445719401 0.6584460258483886 0.028944778442382812 0.02693634033203125
44 0.9856349309285481 0.6780402183532714 0.028680038452148438 0.061802005767822264
10 0.16124986012776693 0.5047038078308106 0.0369232177734375 0.030195999145507812
23 0.8514752705891927 0.25705709457397463 0.056724929809570314 0.01641116142272949
42 0.9793350219726562 0.8261412620544434 0.04123980204264323 0.047620201110839845
24 0.9181204477945963 0.2626526355743408 0.05190480550130208 0.015571212768554688
12 0.37513386408487953 0.6612253189086914 0.02887903849283854 0.028395462036132812
23 0.8427714029947917 0.24186220169067382 0.06345418294270834 0.010101032257080079
21 0.7882083892822266 0.2615952491760254 0.061124420166015624 0.01325817108154297
