43 0.41337337493896487 0.4476715882619222 0.023514429728190105 0.03149576187133789
44 0.5361059188842774 0.45258102416992185 0.035427220662434894 0.025284004211425782
41 0.314166259765625 0.363076384862264 0.09389495849609375 0.05334463119506836
43 0.4385730531480577 0.4478133678436279 0.025272242228190103 0.03187780380249024
40 0.35188638899061414 0.45253863334655764 0.01410018073187934 0.020707416534423827
40 0.33824999067518446 0.45289316177368166 0.01267712910970052 0.019856834411621095
40 0.31327711741129555 0.4519007682800293 0.012000274658203126 0.0210113525390625
55 0.6069971508449978 0.4542839050292969 0.015277735392252604 0.029266548156738282
55 0.6221107482910156 0.4544862747192383 0.016114552815755207 0.029702377319335938
40 0.32505168914794924 0.45239246686299645 0.011483510335286459 0.020615100860595703
40 0.28558489481608074 0.4512277603149414 0.013022232055664062 0.02005901336669922
41 0.4018605550130208 0.36378246943155923 0.07954559326171876 0.05231698354085287
38 0.3922349082099067 0.44821691513061523 0.01867323981391059 0.029704856872558593
60 0.6454811096191406 0.3680548667907715 0.046031951904296875 0.008944511413574219
55 0.6389424641927083 0.45520505905151365 0.018314107259114584 0.02908153533935547
58 0.5757240295410156 0.45521796544392906 0.013475799560546875 0.026237869262695314
38 0.37127227783203126 0.44922809600830077 0.021384684244791667 0.027443504333496092
60 0.6460050582885742 0.37740710576375325 0.04354871114095052 0.007939529418945313
