43 0.5224119822184244 0.644057035446167 0.061688232421875 0.06393365859985352
16 0.634112548828125 0.4724318504333496 0.05720965067545573 0.06676273345947266
43 0.5808298110961914 0.6439156532287598 0.05396486918131511 0.06424312591552735
17 0.5773278554280599 0.472764778137207 0.052056884765625 0.0664642333984375
38 0.35970207850138347 0.6465029716491699 0.05936164855957031 0.059151077270507814
6 0.6900430043538411 0.369064474105835 0.0584747314453125 0.06530513763427734
17 0.506486447652181 0.4728658676147461 0.0567785898844401 0.06560020446777344
12 0.3351037343343099 0.37240936756134035 0.05042330423990885 0.06674151420593262
17 0.4494009017944336 0.4739570140838623 0.0555843989054362 0.0672989845275879
16 0.692665163675944 0.47235689163208006 0.059290313720703126 0.06623783111572265
10 0.449575678507487 0.37097740173339844 0.058487955729166666 0.06757583618164062
44 0.6596190134684244 0.6436139583587647 0.10285568237304688 0.0629201889038086
2 0.6314510345458985 0.3704239845275879 0.057870101928710935 0.06528863906860352
10 0.5172748247782389 0.37122111320495604 0.057511456807454425 0.06658411026000977
12 0.3847398122151693 0.3734912872314453 0.047584788004557295 0.06641016006469727
58 0.39197924931844075 0.5535317897796631 0.1296916961669922 0.015085983276367187
2 0.5744241078694662 0.37094008922576904 0.05583877563476562 0.06500058174133301
13 0.3352995236714681 0.4751175880432129 0.04851735432942708 0.06582269668579102
39 0.44225616455078126 0.6452504634857178 0.10067583719889323 0.059798812866210936
13 0.3848528544108073 0.47632389068603515 0.04893506368001302 0.06621379852294922
24 0.741611099243164 0.3680736541748047 0.03605321248372396 0.060950279235839844
58 0.39007066090901693 0.5701324462890625 0.13540515899658204 0.0210205078125
21 0.7392799377441406 0.5553773880004883 0.027836736043294272 0.0500737190246582
61 0.5167256673177083 0.566948127746582 0.12450218200683594 0.020889759063720703
61 0.5208946228027344 0.5860429763793945 0.11821772257486979 0.014413166046142577
23 0.7320796966552734 0.6389155864715577 0.029322052001953126 0.049678993225097653
55 0.6465052286783854 0.5661411285400391 0.13783137003580728 0.019777679443359376
61 0.520214049021403 0.5381012916564941 0.10710875193277995 0.012457275390625
55 0.6518358866373698 0.5835461616516113 0.1428187052408854 0.01889934539794922
55 0.6393030802408854 0.5383975982666016 0.13091341654459634 0.014462661743164063
55 0.6431994120279948 0.5511731147766114 0.1340179443359375 0.014052581787109376
61 0.5185088475545248 0.5503710269927978 0.11522382100423177 0.013461780548095704
