18 0.5061912497008454 0.34496684074401857 0.04483311099550558 0.02732677459716797
18 0.5520330094350338 0.3423798084259033 0.04376429857866044 0.030006885528564453
51 0.8569763120213525 0.5311023712158203 0.04318525684709242 0.06485233306884766
47 0.752853567850305 0.5628564357757568 0.04052899163583853 0.04902935028076172
47 0.7156261154919522 0.5702102661132813 0.03298104069314642 0.04582767486572266
19 0.6827603000470535 0.2871079683303833 0.04233672240070094 0.0377598762512207
19 0.644403728988188 0.3377814531326294 0.042022102965991695 0.03367462158203125
19 0.6404707325334242 0.29005770683288573 0.04140490633923936 0.03562355041503906
19 0.6866503247095664 0.3335052490234375 0.04120703327816719 0.03357257843017578
53 0.9447353596751688 0.5163951873779297 0.03476126444055036 0.05733413696289062
23 0.21191428433078596 0.3446345329284668 0.07716662762444834 0.011973857879638672
18 0.49434477270330346 0.29598705768585204 0.05356072636779595 0.0331789493560791
19 0.5968698915539006 0.2907854080200195 0.044841128593912254 0.032808876037597655
46 0.8113049658659462 0.5418528556823731 0.05309082538291796 0.06061267852783203
53 0.9039407415182048 0.5235731124877929 0.0468121268172378 0.05702400207519531
23 0.22657417780637493 0.36506123542785646 0.07332245855440356 0.016463565826416015
23 0.21914455774293387 0.35419340133666993 0.08045704367252401 0.013940143585205077
19 0.5989590938960281 0.3397010326385498 0.046587253780503636 0.030260753631591798
21 0.14049324835819865 0.37099170684814453 0.07919229129145573 0.014807748794555663
18 0.5473585911133827 0.29195868968963623 0.049487279335410174 0.03240499496459961
21 0.13167802567051207 0.3490483045578003 0.07772656021831191 0.011394023895263672
24 0.44716954057956904 0.3484239101409912 0.056667624975661995 0.014211034774780274
24 0.4175469862956743 0.31981935501098635 0.06446694188895379 0.010750293731689453
24 0.42751358998774985 0.32902185916900634 0.06350894979474948 0.010155963897705077
21 0.1354992035640982 0.35844931602478025 0.08037100501768561 0.011744213104248048
27 0.37379786728079567 0.35262038707733157 0.0684756143318406 0.014304733276367188
24 0.43460517162350726 0.33767023086547854 0.05928421416634216 0.009706497192382812
27 0.3019836679302148 0.3591360092163086 0.06675452433394989 0.014325237274169922
23 0.20512928868627497 0.33595287799835205 0.07680285682559385 0.012339210510253907
27 0.27329197900441327 0.318833065032959 0.07113644291926272 0.012866878509521484
27 0.36179289218668875 0.33403596878051756 0.065719208365784 0.011721611022949219
27 0.2960396169502044 0.3483137607574463 0.07213201948663032 0.01144709587097168
21 0.12688200842678113 0.3378481388092041 0.07506418673791618 0.011509895324707031
24 0.409818972135011 0.31050288677215576 0.06172384577005452 0.011338424682617188
