9 0.37093391418457033 0.5687341478135851 0.04536638259887695 0.11456671820746528
9 0.4681680679321289 0.5756226433648004 0.052423095703125 0.11738772922092014
3 0.32261765003204346 0.5699852413601345 0.05188918113708496 0.11810285780164931
23 0.8164165496826172 0.10052862167358398 0.029329681396484376 0.104173215230306
9 0.41693997383117676 0.574651590983073 0.0498748779296875 0.1181154039171007
9 0.4202387690544128 0.6708864000108506 0.04663679599761963 0.07510884602864583
2 0.24839506149291993 0.5556737263997396 0.035703182220458984 0.11091291639539931
9 0.3726497650146484 0.6651628282335069 0.04849405288696289 0.07614627414279514
31 0.5259428024291992 0.40648896959092884 0.06018972396850586 0.08777635362413194
3 0.32688686847686765 0.6633183373345269 0.04471278190612793 0.06507644653320313
47 0.6595895290374756 0.6754874335394965 0.05451803207397461 0.12280748155381944
10 0.2227353572845459 0.6446251763237847 0.03267107009887695 0.07777201334635417
28 0.5897110939025879 0.4050917731391059 0.06433849334716797 0.08992462158203125
10 0.1910134434700012 0.6401285807291667 0.03118088245391846 0.07872382269965278
9 0.46734166145324707 0.6739976671006944 0.04731874465942383 0.07640635172526042
2 0.2817328929901123 0.5568145751953125 0.03317251205444336 0.11165991889105903
10 0.18259429931640625 0.5489480760362413 0.03514456748962402 0.10376993815104167
40 0.5720170021057129 0.662577395968967 0.020604896545410156 0.12546556260850694
10 0.16079297065734863 0.63046875 0.03134574890136719 0.08684471978081597
29 0.6542794227600097 0.4068605211046007 0.06192455291748047 0.09236789279513889
17 0.12433376312255859 0.6241889105902778 0.03856825828552246 0.08018680148654514
10 0.21561362743377685 0.5526964823404948 0.0328977108001709 0.10767720540364584
40 0.5490036964416504 0.6620836046006945 0.02488536834716797 0.12136077880859375
2 0.25441884994506836 0.647689225938585 0.031248092651367188 0.07871941460503472
13 0.5457644462585449 0.12219381332397461 0.035453414916992186 0.08986937204996745
23 0.8474819183349609 0.09646804597642687 0.03277015686035156 0.10221174028184679
27 0.8795581817626953 0.09599410163031684 0.03344917297363281 0.1051436530219184
2 0.2868196964263916 0.6509554545084636 0.03479866981506348 0.08005828857421875
24 0.9131912231445313 0.0933349609375 0.037935638427734376 0.1044692145453559
13 0.5818365573883056 0.12089943355984158 0.036928844451904294 0.09217936197916667
17 0.08853243589401245 0.6239137437608507 0.03321881294250488 0.08264211018880209
45 0.5947864532470704 0.6592027452256944 0.02631721496582031 0.14068162706163195
27 0.9478590011596679 0.09171508153279623 0.042677116394042966 0.10583294762505426
