58 0.7068640391031901 0.4936240196228027 0.042050679524739586 0.04476718902587891
29 0.6661673227945963 0.4671936988830566 0.03546981811523438 0.029142189025878906
30 0.6694591522216797 0.5500888824462891 0.0359771728515625 0.027909469604492188
58 0.7119759877522787 0.5780339241027832 0.042668914794921874 0.04025001525878906
47 0.6669025421142578 0.4142165184020996 0.030476125081380208 0.02342853546142578
30 0.6689893086751302 0.5909368515014648 0.0394500732421875 0.028553199768066407
58 0.7116897583007813 0.5375361442565918 0.04169260660807292 0.040653228759765625
10 0.6602486292521159 0.3705543041229248 0.027125422159830728 0.021279048919677735
55 0.6207977294921875 0.5789535522460938 0.05152613321940104 0.03813247680664063
10 0.6892555872599284 0.3705602645874023 0.027263132731119792 0.021254730224609376
31 0.6648806254069011 0.5051270484924316 0.03825734456380208 0.024971961975097656
47 0.6348473866780598 0.41477479934692385 0.030880482991536458 0.02461833953857422
58 0.7081473032633464 0.45010852813720703 0.04063975016276042 0.04180202484130859
2 0.684623654683431 0.32652983665466306 0.024978256225585936 0.02025003433227539
13 0.6965446472167969 0.2814960956573486 0.02152989705403646 0.020363426208496092
10 0.6328622182210286 0.37059531211853025 0.026746368408203124 0.021404361724853514
12 0.6299275080362956 0.2806246280670166 0.023276774088541667 0.020057487487792968
2 0.6590370814005534 0.32644028663635255 0.025060145060221355 0.020380210876464844
47 0.6977925618489583 0.410987651348114 0.02939427693684896 0.02769491672515869
12 0.6519218444824219 0.28138439655303954 0.020232137044270834 0.020121383666992187
55 0.6229150136311848 0.5399589538574219 0.052772776285807295 0.041506385803222655
12 0.6740544001261394 0.28146426677703856 0.02274004618326823 0.02011570930480957
2 0.6334903081258138 0.32639760971069337 0.025890858968098958 0.020514869689941408
