7 0.6046546300252279 0.6226869583129883 0.026942316691080728 0.018082237243652342
11 0.8165944417317709 0.8916407585144043 0.050257110595703126 0.050197410583496097
7 0.568306032816569 0.6883468627929688 0.02673174540201823 0.02292766571044922
7 0.5780894597371419 0.6220376014709472 0.025347900390625 0.017339134216308595
10 0.5051212310791016 0.6174260139465332 0.02178192138671875 0.0206787109375
7 0.5952768961588542 0.6886137008666993 0.02672856648763021 0.02301931381225586
7 0.5669548670450847 0.7339670658111572 0.024866358439127604 0.01808338165283203
9 0.5139710108439127 0.6859187602996826 0.026873270670572918 0.023668766021728516
7 0.6038105010986328 0.647733736038208 0.02785186767578125 0.01829357147216797
11 0.7640196482340494 0.8912152290344239 0.05718231201171875 0.048415184020996094
16 0.47504685719807943 0.5588322639465332 0.02108167012532552 0.0182952880859375
9 0.48560752868652346 0.7071529388427734 0.027736663818359375 0.018640518188476562
7 0.5411511103312174 0.6874951362609864 0.026982879638671874 0.02342987060546875
7 0.5934029897054036 0.734319019317627 0.028408559163411458 0.017714405059814455
10 0.4821435292561849 0.6432747840881348 0.021496709187825522 0.01950550079345703
7 0.5401008605957032 0.7325940608978272 0.02814966837565104 0.01752328872680664
7 0.5667644500732422 0.709530258178711 0.026450093587239584 0.01674938201904297
18 0.2795845031738281 0.6389988422393799 0.02722333272298177 0.016633987426757812
9 0.45777530670166017 0.7066043853759766 0.027068328857421876 0.01827545166015625
9 0.456494394938151 0.7307960033416748 0.02775891621907552 0.017424583435058594
7 0.5788947423299153 0.6014837741851806 0.026227569580078124 0.02255401611328125
16 0.6072718302408854 0.5629703998565674 0.021590423583984376 0.018797683715820312
7 0.5508403142293294 0.6461756706237793 0.026248804728190103 0.018618011474609376
7 0.576963742574056 0.6473456859588623 0.025793838500976562 0.018439006805419923
9 0.45891990661621096 0.6843270778656005 0.02657012939453125 0.022154521942138673
10 0.4829380671183268 0.6169081687927246 0.021892801920572916 0.020171546936035158
10 0.4616797129313151 0.616675853729248 0.020786603291829426 0.019529056549072266
10 0.46015195846557616 0.6429296016693116 0.022444788614908853 0.019231796264648438
16 0.5448380788167317 0.5358305931091308 0.02207921346028646 0.01701202392578125
16 0.5418949127197266 0.5608240127563476 0.023017120361328126 0.01778106689453125
9 0.5127350807189941 0.7079109191894531 0.027484957377115884 0.01757678985595703
9 0.4849448521931966 0.7316789627075195 0.027285003662109376 0.01761941909790039
16 0.5641962687174479 0.5616722106933594 0.0204376220703125 0.018386650085449218
7 0.5937513987223307 0.7101294517517089 0.027873992919921875 0.016582298278808593
9 0.5123669942220052 0.7322383403778077 0.02667579650878906 0.017242622375488282
11 0.8652912139892578 0.8928916931152344 0.055779520670572916 0.053639984130859374
9 0.48654565811157224 0.6849748611450195 0.02803516387939453 0.02282428741455078
7 0.5398879369099935 0.7086375236511231 0.026238759358723957 0.015855026245117188
10 0.5042051951090495 0.6435877799987793 0.02274640401204427 0.019655990600585937
18 0.2792453130086263 0.6138704299926758 0.02636063893636068 0.018163299560546874
16 0.5854214986165365 0.5626962661743165 0.02185541788736979 0.018967056274414064
7 0.5518829345703125 0.6005103588104248 0.027495066324869793 0.02263631820678711
7 0.552086067199707 0.6206248760223388 0.025853856404622396 0.016356468200683594
11 0.911688486735026 0.8940132141113282 0.041882832845052086 0.05382270812988281
10 0.5271400451660156 0.6178495407104492 0.021859232584635416 0.019947147369384764
16 0.5880839029947916 0.5376351356506348 0.022072601318359374 0.018528556823730467
30 0.8219027201334635 0.7845523834228516 0.030440266927083334 0.01485595703125
16 0.609875742594401 0.5380913734436035 0.02206395467122396 0.018798828125
18 0.30681095123291013 0.6402797698974609 0.027109972635904946 0.0173675537109375
16 0.45407724380493164 0.5583838939666748 0.020444234212239582 0.018107795715332033
29 0.6905785242716471 0.7812379360198974 0.03227043151855469 0.018215274810791014
10 0.5259823481241862 0.644017505645752 0.02056910196940104 0.019110107421875
16 0.566326649983724 0.5366402626037597 0.02089970906575521 0.017205238342285156
29 0.656164805094401 0.7816634178161621 0.03329658508300781 0.0201141357421875
16 0.4974054972330729 0.5592312812805176 0.021005757649739585 0.017873382568359374
30 0.7881237030029297 0.7826759338378906 0.031420135498046876 0.015625953674316406
16 0.4774101893107096 0.5331258773803711 0.021742884318033853 0.01788158416748047
19 0.339345645904541 0.5307951927185058 0.025278472900390626 0.017659568786621095
18 0.30631631215413413 0.6152281761169434 0.027222696940104166 0.019087791442871094
16 0.4713993708292643 0.39450831413269044 0.021743901570638022 0.018468666076660156
16 0.4925021807352702 0.3954307556152344 0.020405069986979166 0.01821756362915039
31 0.8556892395019531 0.7849271774291993 0.03054631551106771 0.0147705078125
19 0.31311969757080077 0.5309472560882569 0.027007166544596353 0.017776966094970703
16 0.4493440310160319 0.39358084201812743 0.021490987141927084 0.018814516067504884
31 0.8891220092773438 0.7859782218933106 0.0317596435546875 0.014957332611083984
16 0.45637823740641276 0.5328642368316651 0.020391400655110678 0.017812252044677734
