15 0.5033328374226888 0.5894983291625977 0.056669998168945315 0.056781578063964847
9 0.23447252909342448 0.5586297512054443 0.057387351989746094 0.04443340301513672
15 0.39336655934651693 0.5801335334777832 0.05355841318766276 0.053684329986572264
15 0.44771998723347983 0.5852561473846436 0.05460840861002604 0.05515975952148437
9 0.28720518747965496 0.5616510391235352 0.048091888427734375 0.045423126220703124
17 0.6471952438354492 0.5913530826568604 0.04818572998046875 0.0478611946105957
3 0.1786579132080078 0.5598576068878174 0.05347283681233724 0.05376243591308594
15 0.5006122589111328 0.6346798419952393 0.05417009989420573 0.03680553436279297
28 0.3648323694864909 0.722959327697754 0.0568091074625651 0.036339950561523435
28 0.4838113784790039 0.7413681983947754 0.05864651997884115 0.035424995422363284
9 0.3381603240966797 0.5671867370605469 0.053593889872233076 0.042510986328125
17 0.5550996780395507 0.5837113857269287 0.045415496826171874 0.04687910079956055
28 0.2825703382492065 0.7538538932800293 0.059702030817667645 0.03395423889160156
31 0.24486703872680665 0.7084136009216309 0.05674584706624349 0.03179492950439453
3 0.12400660514831544 0.5560346603393554 0.056653563181559244 0.05432262420654297
6 0.7792118072509766 0.42060223817825315 0.05038922627766927 0.04703214168548584
7 0.3390551884969076 0.45867033004760743 0.057732772827148435 0.053703022003173825
9 0.22905559539794923 0.6092486381530762 0.05286852518717448 0.03590316772460937
20 0.3301067352294922 0.19091763496398925 0.04235636393229167 0.03778529167175293
28 0.4105756441752116 0.769881010055542 0.060864702860514326 0.03764190673828125
9 0.28159939448038734 0.6141834259033203 0.05263589223225911 0.036231040954589844
15 0.4455857276916504 0.6294504165649414 0.05480136871337891 0.0365631103515625
10 0.7160093943277995 0.48307785987854 0.05121739705403646 0.05981903076171875
10 0.668590799967448 0.41460461616516114 0.05111707051595052 0.060982704162597656
16 0.6900533676147461 0.6529475688934326 0.04708671569824219 0.042633342742919925
17 0.6426429748535156 0.6473922729492188 0.04584197998046875 0.040314102172851564
7 0.2685385306676229 0.45310344696044924 0.05211056073506673 0.05477848052978516
28 0.34288787841796875 0.7595532417297364 0.061435508728027347 0.03626575469970703
28 0.4733136177062988 0.7764054298400879 0.06284554799397786 0.035509490966796876
16 0.6970600128173828 0.5957923889160156 0.046158854166666666 0.050528430938720705
7 0.2034962813059489 0.39611952304840087 0.06002740859985352 0.05140671730041504
6 0.7688172658284506 0.4798753261566162 0.0524139404296875 0.04343538284301758
15 0.39046208063761395 0.6244688987731933 0.054402923583984374 0.03687152862548828
7 0.35235745112101235 0.39993696212768554 0.05320275624593099 0.057419967651367185
9 0.3353692372639974 0.6184093475341796 0.05376154581705729 0.03571872711181641
16 0.7362898508707683 0.6560314655303955 0.04856783548990885 0.04091339111328125
17 0.6004000345865885 0.5868168830871582 0.04447250366210938 0.04797830581665039
16 0.7435044606526693 0.5997579574584961 0.04737027486165365 0.051036834716796875
7 0.2795404434204102 0.3904634714126587 0.0548000971476237 0.05484271049499512
28 0.42439015706380206 0.7331881046295166 0.05641581217447917 0.03659887313842773
17 0.5511028130849203 0.6390921115875244 0.044986756642659505 0.039104557037353514
17 0.5964874267578125 0.6432770729064942 0.045752461751302084 0.040250396728515624
30 0.680039660135905 0.7612950325012207 0.060636138916015624 0.03972282409667969
3 0.1740100860595703 0.6037227630615234 0.05592886606852213 0.0330047607421875
31 0.16084027290344238 0.7402031898498536 0.06099570592244466 0.03608541488647461
20 0.2889178911844889 0.19011662006378174 0.04009176890055339 0.03899760246276855
10 0.6075466791788737 0.41018458604812624 0.047881062825520834 0.06119992733001709
30 0.6785261789957683 0.8004637718200683 0.06019515991210937 0.0409271240234375
31 0.18832054138183593 0.70693998336792 0.057440662384033205 0.03374462127685547
31 0.22147935231526691 0.7408331394195556 0.05945440928141276 0.032685279846191406
2 0.547863753636678 0.4069663047790527 0.04842151006062825 0.044517803192138675
28 0.30551942189534503 0.7188868522644043 0.05892664591471354 0.035778236389160153
2 0.4487400690714518 0.4016389727592468 0.047868601481119794 0.04294397830963135
2 0.49817352294921874 0.404374361038208 0.0488433837890625 0.04350271224975586
2 0.49974333445231117 0.4606795787811279 0.04698740641276042 0.04165439605712891
13 0.12245914141337076 0.43149528503417967 0.03759463628133138 0.035836219787597656
3 0.11879440943400064 0.599482250213623 0.05378398895263672 0.03334999084472656
25 0.2500779628753662 0.18979825973510742 0.0372953732808431 0.03896474838256836
10 0.7283026377360026 0.420759379863739 0.050818379720052084 0.06174280643463135
12 0.0499954104423523 0.3716944456100464 0.03554092248280843 0.03444819450378418
2 0.4017866770426432 0.3986670017242432 0.04680951436360677 0.042990684509277344
29 0.620739237467448 0.7681573867797852 0.04130121866861979 0.035943222045898435
16 0.7862401962280273 0.6066665172576904 0.03824005126953125 0.042928314208984374
28 0.49418732325236003 0.711190128326416 0.05145880381266276 0.026446437835693358
2 0.5466414133707682 0.4637141227722168 0.046065139770507815 0.04065284729003906
25 0.20877676010131835 0.24938082695007324 0.0335354487101237 0.037746238708496097
13 0.0862807273864746 0.37436161041259763 0.035627063115437826 0.034302043914794925
13 0.04950949748357137 0.4260292053222656 0.035565574963887535 0.03332576751708984
2 0.3909081776936849 0.4536004066467285 0.0459506352742513 0.04192905426025391
2 0.43810043334960935 0.4560370922088623 0.047813034057617186 0.040653324127197264
12 0.015669876337051393 0.3702435255050659 0.031339752674102786 0.0366910457611084
13 0.08540089925130208 0.42874631881713865 0.034934584299723306 0.034012985229492185
29 0.5574270884195963 0.7876247882843017 0.06215667724609375 0.04561166763305664
13 0.015609316031138102 0.4232006072998047 0.031094189484914145 0.03259735107421875
25 0.21258357365926106 0.18888845443725585 0.038429578145345054 0.03870301246643067
31 0.21594659487406412 0.6805483818054199 0.05164947509765625 0.021990013122558594
25 0.24439282417297364 0.248932409286499 0.03704541524251302 0.03607254028320313
29 0.6264502207438151 0.7321938514709473 0.03608830769856771 0.03473739624023438
20 0.2846560796101888 0.24408721923828125 0.04036439259847005 0.02371492385864258
13 0.12336181004842123 0.3766605854034424 0.03752346038818359 0.035170459747314455
7 0.17326107025146484 0.4447192192077637 0.030771573384602863 0.0468297004699707
30 0.6838337580362955 0.730440902709961 0.055321121215820314 0.02591991424560547
28 0.44016831715901694 0.703205680847168 0.05020217895507813 0.022725486755371095
31 0.26702133814493817 0.6842611312866211 0.047577857971191406 0.019773483276367188
20 0.32727667490641277 0.2451343297958374 0.043220138549804686 0.02202119827270508
30 0.7258318583170573 0.7920790672302246 0.04423446655273437 0.034600830078125
28 0.32417157491048176 0.690040922164917 0.05178292592366537 0.022415828704833985
