55 0.3476464589436849 0.6468554496765136 0.09345084296332465 0.014156341552734375
55 0.347762033674452 0.6331266403198242 0.09634927113850912 0.013670921325683594
59 0.5750207689073351 0.6426256179809571 0.04068366156684028 0.012532615661621093
61 0.7388882954915365 0.6418051242828369 0.07518259684244792 0.011930179595947266
58 0.2514842351277669 0.6506622314453125 0.08544926113552517 0.011508941650390625
58 0.25168743133544924 0.6405753135681153 0.08694784376356336 0.00942401885986328
55 0.34752676222059464 0.6207053184509277 0.09817309909396701 0.011806106567382813
59 0.6241372850206163 0.6459101676940918 0.040877617730034725 0.00813121795654297
58 0.14162320031060113 0.6508795261383057 0.0794714609781901 0.01111288070678711
58 0.14441556930541993 0.6410480499267578 0.07786799536810982 0.008533096313476563
61 0.8310596042209202 0.6316205501556397 0.0731625027126736 0.011147117614746094
