38 0.3878920078277588 0.4654648674858941 0.03695201873779297 0.142889404296875
51 0.5825542449951172 0.45539923773871527 0.05435304641723633 0.1427018059624566
43 0.35021979808807374 0.47176233927408856 0.03509740829467774 0.13469390869140624
24 0.18188329935073852 0.28126458062065973 0.027668213844299315 0.07227393256293403
55 0.8612228393554687 0.2390779283311632 0.028999710083007814 0.12394951714409722
38 0.425737190246582 0.46654493543836806 0.03531808853149414 0.136370849609375
54 0.47199068069458006 0.4665510389539931 0.05481910705566406 0.13382483588324653
47 0.01956244558095932 0.7446589152018229 0.03912489116191864 0.10583597819010417
44 0.2912218809127808 0.4789157019721137 0.08040733337402343 0.12917683919270834
23 0.13359930515289306 0.27989184061686195 0.029372787475585936 0.07484291924370659
55 0.8802534103393554 0.2374020258585612 0.03087902069091797 0.12470342848036024
46 0.527746057510376 0.45534142388237847 0.05362882614135742 0.14941431681315104
23 0.10925477743148804 0.2803825166490343 0.02964036464691162 0.07686390346950955
58 0.8204051971435546 0.24421564737955728 0.02856903076171875 0.12157457139756944
58 0.8408626556396485 0.24145321316189236 0.025174903869628906 0.12173063490125868
27 0.15808068513870238 0.280909792582194 0.02818903923034668 0.07446941799587674
58 0.805394172668457 0.24664134979248048 0.01744556427001953 0.11656104193793403
58 0.7876125812530518 0.2546452840169271 0.02011861801147461 0.10287899441189235
