15 0.5853557586669922 0.5356854915618896 0.048073832194010416 0.049895191192626955
15 0.5822527567545573 0.5764937400817871 0.045954132080078126 0.031598472595214845
28 0.5222983678181966 0.6773568153381347 0.051427332560221355 0.03181324005126953
15 0.5369705200195313 0.5362743377685547 0.049002583821614584 0.05179653167724609
28 0.35942042668660484 0.7168779373168945 0.05894635518391927 0.031969451904296876
15 0.48671754201253253 0.5353333473205566 0.050457700093587236 0.052100181579589844
3 0.2629075050354004 0.5331996440887451 0.061802101135253903 0.05886125564575195
9 0.32366841634114585 0.5260854244232178 0.057764561971028645 0.04685268402099609
9 0.43239142100016276 0.5268915176391602 0.05593865712483724 0.044167709350585935
7 0.4011591593424479 0.3489534854888916 0.058925501505533856 0.05853886604309082
31 0.28090757528940835 0.6833266258239746 0.062382745742797854 0.03519496917724609
9 0.3783753712972005 0.525602149963379 0.05123608907063802 0.04482555389404297
15 0.533749008178711 0.5778683662414551 0.049954986572265624 0.03211555480957031
28 0.46944395701090497 0.6786975860595703 0.05093955993652344 0.033220672607421876
32 0.028406691551208497 0.39478588104248047 0.056505688031514484 0.05948801040649414
28 0.4203903834025065 0.715510082244873 0.0600341796875 0.0356175422668457
25 0.3859733581542969 0.19490014314651488 0.046198399861653645 0.042042326927185056
28 0.484736696879069 0.712120771408081 0.05344721476236979 0.03342752456665039
3 0.19851531982421874 0.5324934959411621 0.06662362416585287 0.060749053955078125
28 0.35019512176513673 0.6824126243591309 0.055242919921875 0.03540172576904297
7 0.47321290969848634 0.3590970039367676 0.051619529724121094 0.05623197555541992
16 0.8047061920166015 0.5285057067871094 0.03646519978841146 0.03943443298339844
9 0.4320199648539225 0.5780766487121582 0.05235099792480469 0.03407278060913086
17 0.6977614084879558 0.5751522541046142 0.03423792521158854 0.03304901123046875
7 0.45863545735677086 0.41740946769714354 0.0476348876953125 0.05259857177734375
6 0.8193007151285807 0.3770639419555664 0.033193715413411456 0.03888158798217774
7 0.3162485758463542 0.35542993545532225 0.06208254496256511 0.059410381317138675
25 0.3942822774251302 0.1316504716873169 0.044008763631184895 0.046404242515563965
16 0.7700095494588216 0.5279145240783691 0.03220100402832031 0.04045419692993164
13 0.22788647015889485 0.3928371429443359 0.04496755599975586 0.0379974365234375
17 0.7022134145100911 0.5269454479217529 0.03644612630208333 0.03961315155029297
25 0.34043629964192706 0.19063253402709962 0.04568405151367187 0.04217419624328613
20 0.4391689936319987 0.13628485202789306 0.045533370971679685 0.046229982376098634
3 0.25802809397379556 0.5799160003662109 0.06120211283365885 0.035689163208007815
3 0.19532256126403807 0.5809804916381835 0.06206808090209961 0.036794853210449216
13 0.1817028045654297 0.3283419132232666 0.04746939341227214 0.04202446937561035
9 0.37760785420735676 0.579037857055664 0.054438018798828126 0.03602867126464844
31 0.2863581339518229 0.7177725791931152 0.06354217529296875 0.03425750732421875
15 0.4835507074991862 0.5778012275695801 0.04971923828125 0.03352842330932617
16 0.7374022801717123 0.5272835731506348 0.03327369689941406 0.03910770416259766
31 0.2204224745432536 0.7261089324951172 0.06427189509073893 0.035452651977539065
13 0.13391199111938476 0.38730440139770506 0.04642807642618815 0.038907623291015624
9 0.3206426938374837 0.5794404029846192 0.05870380401611328 0.035729598999023435
13 0.08574147423108419 0.38520791530609133 0.04770345290501912 0.03924098014831543
17 0.6290894826253255 0.5265469551086426 0.0387664794921875 0.039055252075195314
31 0.22015180587768554 0.6598743438720703 0.05942595799763997 0.024311542510986328
7 0.2994278907775879 0.4118629455566406 0.061443456013997394 0.05318470001220703
17 0.6623194376627605 0.5753454208374024 0.037061818440755206 0.03309497833251953
17 0.6246635437011718 0.575155782699585 0.03836491902669271 0.032767963409423825
12 0.13192346096038818 0.3234401226043701 0.04759125709533692 0.04316520690917969
25 0.3502894083658854 0.12509379386901856 0.044729995727539065 0.04596343040466309
10 0.6986436208089193 0.36830291748046873 0.03766822814941406 0.053592586517333986
10 0.742647933959961 0.3719316005706787 0.03960622151692708 0.05386295318603516
31 0.21854766209920248 0.6897794723510742 0.06130199432373047 0.03653707504272461
20 0.43188769022623696 0.2013341009616852 0.043919881184895836 0.0399652361869812
28 0.40838683446248375 0.6784206867218018 0.055798912048339845 0.03452215194702148
13 0.22891731262207032 0.33142595291137694 0.04421860376993815 0.04002704620361328
17 0.6662225087483724 0.5271018981933594 0.03503138224283854 0.03973712921142578
28 0.5398902257283529 0.710675048828125 0.05400072733561198 0.03482332229614258
20 0.48292334874471027 0.14183616638183594 0.04318644205729167 0.04308404922485352
12 0.08227549393971761 0.32024569511413575 0.049329741795857744 0.044570541381835936
6 0.8561082204182943 0.3803649187088013 0.04174448649088542 0.03966965675354004
30 0.7258502960205078 0.6636557579040527 0.04553985595703125 0.02498970031738281
13 0.18188743591308593 0.39025614261627195 0.04548441569010417 0.03783650398254394
28 0.5102856318155925 0.6496285438537598 0.04637705485026042 0.02292003631591797
2 0.6487245559692383 0.3665768146514893 0.04326794942220052 0.04130787849426269
16 0.7955122629801432 0.5745075225830079 0.03616256713867187 0.033695411682128903
32 0.027440464496612547 0.3331868648529053 0.054880928993225095 0.06296739578247071
30 0.6804493586222331 0.6679574489593506 0.045907084147135416 0.02996959686279297
2 0.5656702677408855 0.36159615516662597 0.04235127766927083 0.0418339729309082
30 0.6644301096598307 0.6427494049072265 0.039941660563151044 0.020236396789550783
16 0.7620501200358073 0.5745583534240722 0.03220926920572917 0.03383903503417969
30 0.7446765899658203 0.6878130435943604 0.05109341939290365 0.03180198669433594
2 0.606708272298177 0.3639346122741699 0.040580495198567705 0.0400996208190918
10 0.7733227411905924 0.43093509674072267 0.03743146260579427 0.050097084045410155
30 0.7022732416788737 0.6976466655731202 0.047065989176432295 0.029506492614746093
16 0.7308489481608073 0.5743388175964356 0.03219553629557292 0.03329200744628906
10 0.7872201283772786 0.3757318496704102 0.031357828776041666 0.05099201202392578
2 0.5214048385620117 0.3579543590545654 0.04615796407063802 0.04206781387329102
54 0.5993120829264323 0.6873139381408692 0.08174273173014322 0.06852569580078124
20 0.47351433436075846 0.20056910514831544 0.0398739496866862 0.028972911834716796
2 0.6442325592041016 0.4189759373664856 0.039014434814453124 0.03902719020843506
31 0.2792912801106771 0.6553731918334961 0.056882286071777345 0.021207904815673827
6 0.8437189737955729 0.4308647155761719 0.03819071451822917 0.03883056640625
6 0.8085882186889648 0.4280693054199219 0.033844375610351564 0.03968486785888672
2 0.603378423055013 0.4157951831817627 0.0417022705078125 0.03822402954101563
2 0.5051947911580403 0.4118170738220215 0.04334602355957031 0.039447975158691403
30 0.7056967417399088 0.6420507907867432 0.04208780924479167 0.020526027679443358
28 0.45945186614990235 0.6497200012207032 0.047953033447265626 0.021384143829345705
2 0.5494618097941081 0.4135690689086914 0.04443028767903646 0.038335418701171874
28 0.34415225982666015 0.6535378456115722 0.05376243591308594 0.021850395202636718
29 0.6143338521321614 0.7037907600402832 0.053132120768229166 0.0354649543762207
7 0.3998108228047689 0.4142924785614014 0.020847002665201824 0.05672311782836914
28 0.3994370142618815 0.649924373626709 0.05004717508951823 0.019682884216308594
