24 0.4298994064331055 0.42078475952148436 0.01815023422241211 0.03909320831298828
9 0.521486473083496 0.5438222885131836 0.03851051330566406 0.05964393615722656
10 0.6820655822753906 0.5430334568023681 0.029496002197265624 0.05342639287312825
3 0.551938247680664 0.4967935562133789 0.034363174438476564 0.03302160898844401
47 0.7885663032531738 0.40551137924194336 0.03788890838623047 0.060656166076660155
12 0.7947664737701416 0.5404020309448242 0.024931621551513673 0.05058733622233073
10 0.6523240566253662 0.543619426091512 0.030100059509277344 0.05324678421020508
17 0.7113012313842774 0.541766103108724 0.028832244873046874 0.05316009521484375
29 0.4332326889038086 0.6401565551757813 0.041383552551269534 0.045762888590494794
2 0.5934201240539551 0.543600591023763 0.027890777587890624 0.05592981974283854
12 0.7691687107086181 0.541070556640625 0.026675033569335937 0.051082611083984375
2 0.62218017578125 0.5443554560343424 0.029601287841796876 0.053696695963541666
9 0.5163785934448242 0.49737043380737306 0.034960174560546876 0.03378111521402995
3 0.5609367370605469 0.5424498240152995 0.036823272705078125 0.0600067138671875
29 0.4326606750488281 0.6874563217163085 0.04225368499755859 0.04818127950032552
31 0.3892682552337646 0.6895202000935873 0.043432998657226565 0.0478143056233724
47 0.7501019477844239 0.406010373433431 0.03830585479736328 0.06155192057291667
31 0.3901583909988403 0.6421835581461589 0.04316954612731934 0.04741465250651042
24 0.4483949661254883 0.4206474939982096 0.01837158203125 0.03882179260253906
9 0.4828620910644531 0.5442268371582031 0.03749237060546875 0.061433664957682294
24 0.4670475959777832 0.4205655415852865 0.019133472442626955 0.03907330830891927
27 0.4105412483215332 0.42104562123616535 0.020667457580566408 0.03865394592285156
10 0.6464962482452392 0.5036074956258138 0.028574275970458984 0.027830759684244793
40 0.06861601024866104 0.5474682490030924 0.0389877051115036 0.07007369995117188
45 0.011308668553829193 0.5375766118367513 0.022617337107658387 0.08892339070638021
2 0.6148653030395508 0.5028048833211263 0.028776168823242188 0.026932144165039064
10 0.6756428718566895 0.5013854344685872 0.027147674560546876 0.027064005533854168
40 0.04384201169013977 0.5495645523071289 0.02890477180480957 0.06590843200683594
47 0.7397529125213623 0.36018606821695964 0.03400411605834961 0.03102289835611979
17 0.7398507118225097 0.541576067606608 0.030188655853271483 0.052656300862630206
3 0.47162232398986814 0.4987026214599609 0.0331512451171875 0.02796478271484375
45 0.02494971752166748 0.5425532658894857 0.028632032871246337 0.08593813578287761
47 0.7775503158569336 0.35819962819417317 0.03595132827758789 0.028467496236165363
17 0.7040837287902832 0.5020504633585612 0.028038692474365235 0.02735748291015625
2 0.5846112251281739 0.5008660634358724 0.02713146209716797 0.025933837890625
