9 0.3722209930419922 0.4188055992126465 0.049209213256835936 0.04372062683105469
18 0.42052268981933594 0.4188939094543457 0.046863683064778644 0.0438267707824707
10 0.4764100074768066 0.3411212682723999 0.03961226145426432 0.041836881637573244
16 0.5983154296875 0.34195585250854493 0.039053853352864584 0.04205255508422852
10 0.4368003845214844 0.3419327259063721 0.03812739054361979 0.04304294586181641
2 0.3554435094197591 0.3428366661071777 0.04089139302571614 0.04156351089477539
16 0.5593564351399739 0.3403968811035156 0.03551534016927083 0.04160261154174805
17 0.524864927927653 0.3412033557891846 0.03239790598551432 0.04103775024414062
3 0.32412907282511394 0.4201229095458984 0.044139925638834634 0.04298467636108398
2 0.39640073776245116 0.3446881532669067 0.03993841807047526 0.04444074630737305
2 0.3153635025024414 0.3432275056838989 0.0364657719930013 0.041952991485595705
47 0.6823902130126953 0.7497293472290039 0.035774485270182295 0.03903751373291016
12 0.6690636952718099 0.3367391347885132 0.030336507161458335 0.03258557319641113
13 0.7002538045247396 0.3365265607833862 0.031160990397135418 0.032182168960571286
12 0.6367632548014323 0.3376190662384033 0.033347702026367186 0.034523963928222656
13 0.7306758880615234 0.33634171485900877 0.030382792154947918 0.032920312881469724
