10 0.41055113474527993 0.3761630058288574 0.027412986755371092 0.019387006759643555
16 0.21767628987630208 0.3379179000854492 0.0309663454691569 0.03631558418273926
12 0.30834312438964845 0.33997867107391355 0.02593510945638021 0.02576451301574707
47 0.30191370646158855 0.6693702697753906 0.03463122049967448 0.03510732650756836
10 0.43893534342447915 0.3449124336242676 0.027137247721354167 0.02895984649658203
10 0.46746641794840493 0.345879340171814 0.028719456990559895 0.028882598876953124
3 0.6066308975219726 0.35584359169006347 0.035015869140625 0.0317934513092041
28 0.5208308855692546 0.6537200927734375 0.03381125132242838 0.020479202270507812
9 0.5003689448038737 0.3541563987731934 0.03644371032714844 0.034819412231445315
29 0.44427146911621096 0.6731268405914307 0.03613980611165365 0.022356128692626952
12 0.30882383982340494 0.37408297061920165 0.025474166870117186 0.018555116653442384
29 0.4815760294596354 0.6511651039123535 0.03465843200683594 0.02196197509765625
10 0.4385411580403646 0.3766936302185059 0.02770830790201823 0.019051456451416017
9 0.5358020146687825 0.35487117767333987 0.03513819376627604 0.03401966094970703
29 0.4446957270304362 0.6510826110839844 0.03703727722167969 0.021637725830078124
17 0.2803705851236979 0.33904709815979006 0.028605842590332033 0.03461408615112305
47 0.38474896748860676 0.6672253131866455 0.0316473642985026 0.032555770874023435
38 0.32331438064575196 0.5721941947937011 0.0645510991414388 0.023030471801757813
7 0.6419164021809896 0.3563513994216919 0.034675852457682295 0.03174080848693848
10 0.46767654418945315 0.37731094360351564 0.028543790181477863 0.019035530090332032
17 0.25170720418294273 0.3715641498565674 0.02779674530029297 0.020413827896118165
13 0.3586849848429362 0.3410219669342041 0.023289998372395832 0.02393817901611328
44 0.6271518707275391 0.5593299865722656 0.05364786783854167 0.039787578582763675
28 0.5245896657307942 0.674298095703125 0.03506050109863281 0.0217559814453125
44 0.5099536577860514 0.5634123802185058 0.05362504323323568 0.03543701171875
3 0.5714683532714844 0.35529427528381347 0.03483378092447917 0.03233213424682617
3 0.5852736155192058 0.32540011405944824 0.033864593505859374 0.02630605697631836
30 0.6253985722859701 0.6331573486328125 0.03443743387858073 0.018060684204101562
7 0.676629638671875 0.35692925453186036 0.035535176595052086 0.03129377365112305
39 0.4535929361979167 0.5613347053527832 0.05367635091145833 0.03478727340698242
10 0.4110493342081706 0.34389290809631345 0.02758204142252604 0.02830982208251953
43 0.24801031748453775 0.566774559020996 0.06644732157389323 0.02599811553955078
30 0.6390101750691731 0.6754032611846924 0.03578898111979167 0.021151161193847655
12 0.33380699157714844 0.340773868560791 0.02427330017089844 0.024085235595703126
38 0.3263991355895996 0.5527647018432618 0.06693604787190756 0.015650177001953126
47 0.41185150146484373 0.6620009899139404 0.025171661376953126 0.03298406600952149
44 0.5732447306315104 0.5620265483856202 0.05112660725911458 0.03717184066772461
47 0.35318622589111326 0.6670041084289551 0.029175567626953124 0.03279743194580078
17 0.24970046679178873 0.3387403726577759 0.03050966262817383 0.03659729957580567
39 0.394674809773763 0.5582837581634521 0.05595067342122396 0.038634300231933594
13 0.3836140950520833 0.37551107406616213 0.023858006795247397 0.018709468841552734
30 0.6336987813313802 0.6530710220336914 0.03346710205078125 0.022560787200927735
47 0.2715431213378906 0.6689828395843506 0.025183868408203126 0.034603023529052736
31 0.5569766998291016 0.6545224189758301 0.03589680989583333 0.02108793258666992
38 0.3243931770324707 0.5393775939941406 0.0659417470296224 0.014498710632324219
13 0.3835442860921224 0.3418733596801758 0.024717330932617188 0.02492942810058594
47 0.23338007926940918 0.6694265365600586 0.03137184778849284 0.03551464080810547
58 0.3586910247802734 0.4658626079559326 0.061794281005859375 0.010927391052246094
30 0.5982354482014974 0.6540048122406006 0.035846710205078125 0.021280956268310548
30 0.6016539255777995 0.675085973739624 0.03649953206380208 0.020200824737548827
12 0.33403987884521485 0.37436861991882325 0.02365900675455729 0.018178462982177734
13 0.3588276227315267 0.3749040126800537 0.023860931396484375 0.018295478820800782
58 0.5038895924886068 0.46996231079101564 0.05985755920410156 0.014511680603027344
58 0.35890719095865886 0.4553674697875977 0.06304639180501302 0.010807228088378907
3 0.6059446334838867 0.38002691268920896 0.03363164265950521 0.017547988891601564
31 0.5605815887451172 0.6757623672485351 0.035660807291666666 0.02228546142578125
17 0.2808831532796224 0.37248077392578127 0.027687454223632814 0.02047567367553711
30 0.5901065826416015 0.6341229438781738 0.035459645589192706 0.017822456359863282
3 0.5504524230957031 0.3247133731842041 0.03354848225911458 0.02584981918334961
60 0.2892433802286784 0.470729398727417 0.04763380686442057 0.009637069702148438
9 0.5348344802856445 0.37987527847290037 0.03314755757649739 0.017493247985839844
7 0.6752737045288086 0.38077030181884763 0.03510843912760417 0.017622756958007812
9 0.5000666936238607 0.37944085597991944 0.035260009765625 0.01760110855102539
30 0.5182573000590006 0.6344838619232178 0.03431212107340495 0.016758060455322264
3 0.5707921346028646 0.3798478364944458 0.0353173573811849 0.01771821975708008
30 0.5532913208007812 0.6347122669219971 0.03465321858723958 0.017568111419677734
60 0.23156569798787435 0.46698474884033203 0.043711121877034506 0.012512969970703124
60 0.23336852391560872 0.452211332321167 0.04455916086832682 0.009274959564208984
7 0.640000597635905 0.3808466911315918 0.03347155253092448 0.01822185516357422
43 0.25256334940592445 0.5466784477233887 0.06747264862060547 0.015317726135253906
55 0.6506520589192708 0.48425021171569826 0.05306243896484375 0.014481925964355468
55 0.6471747080485026 0.4644278049468994 0.0700518290201823 0.013193988800048828
58 0.4315268198649089 0.4706997871398926 0.06326090494791667 0.014278793334960937
3 0.5157601992289226 0.3236839294433594 0.034177080790201826 0.026396560668945312
58 0.3593818028767904 0.4453397274017334 0.0623541514078776 0.010130691528320312
58 0.5004175186157227 0.45677790641784666 0.06128120422363281 0.011327075958251952
55 0.5735411961873372 0.46578369140625 0.0686364491780599 0.013344573974609374
60 0.23581822713216147 0.44219093322753905 0.043871498107910155 0.010304069519042969
45 0.15839872360229493 0.3660264015197754 0.025599956512451172 0.06424636840820312
16 0.216815980275472 0.3704826354980469 0.02528546651204427 0.020624828338623048
60 0.2946859041849772 0.4402166366577148 0.04715506235758463 0.008086204528808594
45 0.1792064666748047 0.36879119873046873 0.01730003356933594 0.056753349304199216
60 0.2915509223937988 0.4606000900268555 0.04801673889160156 0.011134719848632813
55 0.5785071055094401 0.47791318893432616 0.05343678792317708 0.011248970031738281
44 0.4967095375061035 0.5312095642089844 0.05149364471435547 0.021979904174804686
55 0.6362355550130209 0.4518266677856445 0.06328175862630209 0.011896896362304687
