18 0.245727014541626 0.5719289779663086 0.04100605646769206 0.03544178009033203
18 0.20309279759724935 0.5756479263305664 0.04236380259195963 0.036203193664550784
18 0.24279313087463378 0.5332365036010742 0.04009650548299153 0.03812961578369141
19 0.28411592642466227 0.5300046920776367 0.04080630938212077 0.03863468170166016
16 0.989415454864502 0.4696619510650635 0.021169090270996095 0.02475566864013672
47 0.15877122879028321 0.5299141883850098 0.04178002675374349 0.043079566955566403
17 0.9218549092610677 0.507488203048706 0.02299054463704427 0.023233795166015626
19 0.2867291768391927 0.5681153297424316 0.03949381510416667 0.03330860137939453
11 0.980321756998698 0.5749363899230957 0.03926035563151042 0.060634803771972653
51 0.27958271503448484 0.6617645740509033 0.05204583803812663 0.05562896728515625
17 0.9011482238769531 0.5086082458496094 0.01848882039388021 0.023195266723632812
51 0.22465890248616535 0.666042709350586 0.05770187377929688 0.057651615142822264
17 0.9435195922851562 0.4734757423400879 0.024693044026692708 0.026302528381347657
47 0.15283679962158203 0.5789280414581299 0.0430691401163737 0.03833417892456055
31 0.7898329416910808 0.792447566986084 0.036313374837239586 0.02062854766845703
19 0.3270291646321615 0.5644346237182617 0.03928654988606771 0.034256362915039064
51 0.1645942529042562 0.6704404354095459 0.05621029535929362 0.057291507720947266
18 0.20095179875691732 0.5357746124267578 0.042783228556315105 0.038996124267578126
47 0.10737393697102865 0.5826080799102783 0.04364147186279297 0.040875244140625
17 0.9197503407796224 0.47502822875976564 0.0233551025390625 0.026678848266601562
19 0.3239495595296224 0.5254714012145996 0.03740564982096354 0.03890972137451172
47 0.10691417058308919 0.5339951515197754 0.04468100865681966 0.043193817138671875
16 0.9901885986328125 0.502217960357666 0.01944389343261719 0.024653816223144533
29 0.8824182510375976 0.7983288764953613 0.033051681518554685 0.020234298706054688
28 0.9174371083577474 0.7982375144958496 0.034328460693359375 0.016629600524902345
17 0.8965927124023437 0.47620668411254885 0.023862711588541665 0.026774024963378905
30 0.701397450764974 0.8303342819213867 0.035710652669270836 0.0224639892578125
16 0.9670645395914713 0.47049684524536134 0.023624420166015625 0.024695777893066408
28 0.927386474609375 0.7731606483459472 0.03451207478841146 0.015822696685791015
31 0.7741973876953125 0.8167608261108399 0.03881403605143229 0.02350311279296875
19 0.3657863616943359 0.5610761642456055 0.03687152862548828 0.032717323303222655
31 0.8120258331298829 0.8103021621704102 0.036412811279296874 0.02015838623046875
30 0.7373269399007162 0.8240913391113281 0.03680267333984375 0.020727157592773438
31 0.7545213063557943 0.7923362731933594 0.03688329060872396 0.021810340881347656
3 0.9871222178141276 0.1982710599899292 0.025753529866536458 0.02250509262084961
17 0.9449410756429036 0.5055671691894531 0.022714742024739585 0.02326679229736328
30 0.6966684977213542 0.7910008430480957 0.03797988891601563 0.017834949493408202
46 0.3924366633097331 0.6485188484191895 0.05161768595377604 0.054050254821777347
19 0.36206369400024413 0.5225868701934815 0.0379147211710612 0.03865270614624024
11 0.9369126637776692 0.581428337097168 0.05620651245117188 0.06602401733398437
46 0.33739185333251953 0.6540392875671387 0.055777359008789065 0.052790260314941405
29 0.8239401499430339 0.7861115455627441 0.032434336344401044 0.016550064086914062
46 0.4443183898925781 0.6428130149841309 0.050824483235677086 0.056069564819335935
29 0.8474168141682943 0.8035142898559571 0.03336944580078125 0.019896507263183594
28 0.9521436055501302 0.788593339920044 0.037063217163085936 0.017851924896240233
9 0.9891969680786132 0.14227408170700073 0.021438217163085936 0.024251294136047364
16 0.9681306838989258 0.5032797813415527 0.023115921020507812 0.024329185485839844
3 0.9605702718098958 0.19747141599655152 0.027397918701171874 0.023993611335754395
28 0.8963117599487305 0.7770973205566406 0.03029772440592448 0.019292640686035156
30 0.6822057088216146 0.8113338470458984 0.03257306416829427 0.01735057830810547
3 0.9852748235066732 0.1654137134552002 0.029450352986653647 0.022691106796264647
25 0.9729021708170573 0.4080324172973633 0.019348907470703124 0.02835092544555664
53 0.10631659030914306 0.6817991256713867 0.060411532719930015 0.05068359375
25 0.9725864410400391 0.3771850824356079 0.019374847412109375 0.029908370971679688
28 0.9052601496378581 0.7549776077270508 0.0317535400390625 0.019094467163085938
25 0.9913335164388021 0.40731412172317505 0.017200215657552084 0.029175543785095216
30 0.7153418223063152 0.8058314323425293 0.03718490600585937 0.017473220825195312
3 0.9628888448079427 0.14243714809417723 0.02901624043782552 0.023898506164550783
25 0.991172981262207 0.3765904426574707 0.017369842529296874 0.02964620590209961
29 0.8555675506591797 0.781592845916748 0.03350906372070313 0.018218231201171876
3 0.959091059366862 0.1653345227241516 0.024017842610677083 0.02294149398803711
31 0.7714153289794922 0.7714981079101563 0.03256683349609375 0.016426467895507814
3 0.9700354258219401 0.30518250465393065 0.023407618204752605 0.020984745025634764
28 0.8749199549357096 0.7581506729125976 0.0304351806640625 0.017684173583984376
31 0.7371813456217448 0.7770830154418945 0.03214340209960938 0.014019775390625
3 0.9907775243123372 0.3045083522796631 0.01837921142578125 0.021477985382080077
