9 0.3737603505452474 0.6377496719360352 0.0445465087890625 0.04760475158691406
13 0.5501780192057292 0.6629691600799561 0.027576700846354166 0.030934810638427734
9 0.3766078313191732 0.6737383842468262 0.04404576619466146 0.026470184326171875
39 0.5298219680786133 0.31572823524475097 0.0699103037516276 0.050054740905761716
12 0.6093996047973633 0.6238768577575684 0.028306198120117188 0.041562652587890624
17 0.6075784047444661 0.5557094573974609 0.03544286092122396 0.03669395446777344
44 0.6001527786254883 0.31947760581970214 0.07308158874511719 0.04445414543151856
3 0.4186367670694987 0.6335371017456055 0.04482212066650391 0.04412422180175781
13 0.5217475255330404 0.6641631603240967 0.0282196044921875 0.03218374252319336
12 0.5792467753092448 0.6617632865905761 0.028715006510416665 0.030403327941894532
57 0.47282683054606117 0.7473328590393067 0.12908236185709634 0.07074155807495117
17 0.5392628828684489 0.5564075469970703 0.03329165776570638 0.03714208602905274
67 0.35961360931396485 0.7514811992645264 0.09822095235188802 0.07524032592773437
31 0.3347252527872721 0.5267519950866699 0.052055104573567705 0.021155166625976562
12 0.6078905741373698 0.6615338325500488 0.02738609313964844 0.029491519927978514
12 0.580774434407552 0.6267111778259278 0.028410720825195312 0.038364219665527347
43 0.450937016805013 0.3302093505859375 0.08895645141601563 0.022134780883789062
48 0.5753934224446614 0.7444806098937988 0.06824773152669271 0.062061309814453125
24 0.4270769755045573 0.5563254356384277 0.0229095458984375 0.021850013732910158
43 0.448144785563151 0.3072178363800049 0.08694318135579428 0.023701858520507813
13 0.5522226969401042 0.6284232616424561 0.02767359415690104 0.03652687072753906
23 0.4915850003560384 0.5547437191009521 0.019446627298990885 0.027399730682373048
38 0.35082003275553386 0.3282249927520752 0.09937349955240886 0.02241525650024414
16 0.45477530161539714 0.6663139343261719 0.033846473693847655 0.03472480773925781
13 0.5236203511555989 0.6275569915771484 0.028377405802408853 0.038441944122314456
38 0.3422084808349609 0.301281213760376 0.0908843994140625 0.026435470581054686
24 0.4494253794352214 0.5568242073059082 0.022056198120117186 0.024904823303222655
9 0.4180135409037272 0.6701491355895997 0.03805561065673828 0.03008136749267578
17 0.5728154500325521 0.5553638935089111 0.032955169677734375 0.03875465393066406
45 0.6679380416870118 0.4113404393196106 0.028406270345052085 0.07430016994476318
58 0.4379826227823893 0.4444608688354492 0.09789339701334636 0.017317962646484376
29 0.38869667053222656 0.545276403427124 0.04956982930501302 0.023129653930664063
31 0.33426618576049805 0.5443477630615234 0.052729098002115886 0.015285491943359375
45 0.6346687316894531 0.4118052959442139 0.03907318115234375 0.07040376663208008
38 0.344330883026123 0.27860236167907715 0.08452739715576171 0.01802377700805664
45 0.6941059112548829 0.41509237289428713 0.026728057861328126 0.07508916854858398
24 0.4715139706929525 0.5560958385467529 0.02139307657877604 0.025319576263427734
17 0.48924395243326824 0.6653899192810059 0.03342310587565104 0.03436431884765625
