44 0.37531734042697484 0.7192135810852051 0.0784272935655382 0.03989753723144531
44 0.28650478786892364 0.7227522850036621 0.07824478149414063 0.036606216430664064
38 0.7516070895724827 0.58784499168396 0.1046234130859375 0.022980499267578124
44 0.45763626098632815 0.7194717407226563 0.07583109537760417 0.039001846313476564
44 0.28088912963867185 0.6574670314788819 0.08598319159613715 0.03596220016479492
44 0.19051956600613065 0.6578166007995605 0.08478694491916233 0.03389759063720703
44 0.4601252237955729 0.6503040313720703 0.07905375162760417 0.04001884460449219
44 0.3719468010796441 0.6553972721099853 0.08102247450086805 0.03270273208618164
35 0.768723636203342 0.509093189239502 0.09985419379340278 0.017818450927734375
38 0.5217506408691406 0.5877296924591064 0.10107964409722223 0.023216819763183592
35 0.3287215338812934 0.512043046951294 0.0986679924858941 0.019658374786376952
44 0.1884150611029731 0.7280048370361328 0.07504857381184896 0.03492755889892578
35 0.6588055080837674 0.5103944778442383 0.10042199028862847 0.018799972534179688
39 0.5426935831705729 0.7154411315917969 0.07687106662326389 0.042166709899902344
35 0.43852204216851126 0.511225700378418 0.09498155381944444 0.018004989624023436
38 0.6363404168023004 0.5853378295898437 0.10277184380425347 0.026349735260009766
39 0.5504664950900607 0.6540552139282226 0.08310801188151042 0.0332489013671875
39 0.6270779927571615 0.718399953842163 0.07496100531684027 0.03855600357055664
39 0.7180697970920139 0.7197648525238037 0.07690039740668403 0.03337383270263672
39 0.6390916188557942 0.6523053169250488 0.07997970581054688 0.03421077728271484
39 0.7221828884548611 0.6526638031005859 0.07756517198350694 0.03114452362060547
35 0.4428542243109809 0.4866803169250488 0.09024929470486111 0.01628246307373047
35 0.5416278415256076 0.4851986885070801 0.09417249891493056 0.018015575408935548
43 0.28101497226291233 0.5915657997131347 0.09123035007052951 0.020268058776855467
43 0.17474288410610622 0.5789061546325683 0.09838520685831706 0.016179847717285156
35 0.2129704581366645 0.5126893043518066 0.10286894904242622 0.018480682373046876
35 0.5489583333333333 0.5086529731750489 0.09633670383029513 0.018482780456542967
43 0.156370480855306 0.5968913078308106 0.10107070075141059 0.020395469665527344
43 0.40242953830295136 0.5839430809020996 0.09373338487413195 0.018041419982910156
35 0.6441980573866103 0.4842113971710205 0.09243104722764757 0.017942333221435548
43 0.29703013102213544 0.5737510681152344 0.08092498779296875 0.013437747955322266
35 0.7385877821180555 0.48554515838623047 0.09083591037326388 0.016040802001953125
38 0.7616373697916666 0.6077539443969726 0.08854268391927084 0.015410423278808594
