67 0.08150636355082194 0.2693946838378906 0.13368180592854817 0.10379695892333984
67 0.21468682289123536 0.26968989372253416 0.12972656885782877 0.09806284904479981
43 0.7473103205362955 0.6020526885986328 0.06809221903483073 0.02036762237548828
24 0.6249718983968099 0.5727657318115235 0.04954655965169271 0.01428070068359375
43 0.8346318562825521 0.6019286155700684 0.06696319580078125 0.02244148254394531
24 0.5756798426310221 0.5903237342834473 0.051068751017252605 0.013970756530761718
24 0.5731554667154948 0.5774496555328369 0.04983978271484375 0.014519786834716797
24 0.627859369913737 0.5848714351654053 0.050511932373046874 0.013914966583251953
43 0.7399246215820312 0.5823270797729492 0.06348597208658854 0.022034072875976564
43 0.8431439717610677 0.6218145370483399 0.07116165161132812 0.019274520874023437
24 0.5789933522542318 0.6037339687347412 0.052159881591796874 0.014481639862060547
24 0.5822096506754557 0.6171135902404785 0.051363627115885414 0.014407539367675781
38 0.2966768264770508 0.4767249584197998 0.09175586700439453 0.02652769088745117
23 0.6811174392700196 0.6043001174926758 0.04229532877604167 0.013591384887695313
24 0.6306560516357422 0.597325325012207 0.050974527994791664 0.014465713500976562
43 0.7588101704915364 0.6204339027404785 0.07467575073242187 0.02042675018310547
43 0.8164854685465495 0.5795654773712158 0.06690521240234375 0.01640605926513672
24 0.6337620417277018 0.6103336334228515 0.050544484456380205 0.01595726013183594
24 0.5851816177368164 0.6317559242248535 0.050692113240559895 0.015580177307128906
23 0.6852863947550456 0.614772891998291 0.04461326599121094 0.012911796569824219
24 0.6386381785074869 0.6250723838806153 0.051370493570963544 0.015434646606445312
23 0.6901428858439128 0.626370620727539 0.04646619160970052 0.013246536254882812
