63 0.37978591918945315 0.5288393497467041 0.027160008748372395 0.04862642288208008
63 0.4100325584411621 0.5310951232910156 0.03430875142415365 0.05119876861572266
63 0.4809815088907878 0.6808284759521485 0.034456125895182294 0.05360088348388672
63 0.3771381378173828 0.6603616714477539 0.03234240214029948 0.05112800598144531
63 0.37887951532999675 0.7096545219421386 0.03197644551595052 0.05031661987304688
63 0.4106611251831055 0.6671000957489014 0.03458951314290364 0.05111474990844726
63 0.4762485822041829 0.4821006774902344 0.03542671203613281 0.055220603942871094
63 0.4810662269592285 0.6273733139038086 0.03309173583984375 0.05436286926269531
63 0.4120480219523112 0.6144124031066894 0.03580970764160156 0.052831840515136716
63 0.4471621831258138 0.6208379745483399 0.0338446299235026 0.05377902984619141
63 0.47842543919881186 0.5378985404968262 0.03288415273030599 0.05478858947753906
63 0.4404065450032552 0.48195772171020507 0.03780994415283203 0.05183887481689453
63 0.44455623626708984 0.5347954750061035 0.035175323486328125 0.05311603546142578
63 0.4460165023803711 0.6741873264312744 0.03597119649251302 0.05495786666870117
63 0.4043442726135254 0.4253570556640625 0.03466987609863281 0.05308408737182617
63 0.4808765411376953 0.7334829807281494 0.034767468770345054 0.05340156555175781
63 0.37726707458496095 0.6107044696807862 0.03300399780273437 0.05027008056640625
63 0.4130622227986654 0.7170925140380859 0.03636360168457031 0.05216236114501953
63 0.4393469492594401 0.42510404586791994 0.037334314982096356 0.055713558197021486
63 0.37142823537190756 0.42591400146484376 0.03173344930013021 0.05121402740478516
63 0.44720414479573567 0.7256539344787598 0.032486343383789064 0.05088615417480469
63 0.47397019068400065 0.4250669002532959 0.033050918579101564 0.05685720443725586
