43 0.6634309768676758 0.604404878616333 0.12322769165039063 0.03988571166992187
43 0.7979284922281901 0.6653814315795898 0.1232927958170573 0.04878101348876953
43 0.6451290766398112 0.661890983581543 0.13856086730957032 0.047616767883300784
24 0.3950129826863607 0.5322856426239013 0.07428983052571615 0.027174091339111327
43 0.6535437266031902 0.6315173149108887 0.13104667663574218 0.047049522399902344
24 0.45153938929239906 0.5985485076904297 0.08091405232747396 0.026202583312988283
43 0.7921971638997396 0.701154375076294 0.1345428466796875 0.04913063049316406
24 0.3663403828938802 0.5892453193664551 0.07896919250488281 0.029057121276855467
24 0.4760173797607422 0.5419844627380371 0.0758349100748698 0.026277923583984376
43 0.799383036295573 0.625688123703003 0.12312545776367187 0.04505624771118164
24 0.35847412745157875 0.6108059883117676 0.07902278900146484 0.03103790283203125
24 0.45976607004801434 0.5796262741088867 0.08003527323404948 0.02559356689453125
23 0.5343060811360677 0.6253959655761718 0.07388331095377604 0.024926185607910156
24 0.46848583221435547 0.5598997592926025 0.07934150695800782 0.024846649169921874
23 0.5417605717976888 0.6090890407562256 0.07436485290527343 0.028349781036376955
24 0.4442707061767578 0.6200482368469238 0.07967338562011719 0.029582977294921875
24 0.38448899586995444 0.551063346862793 0.07824122111002604 0.02858104705810547
24 0.37566617329915364 0.5697175979614257 0.07960046132405599 0.02863788604736328
23 0.5284810702006022 0.6423247337341309 0.07448113759358724 0.025547504425048828
