4 0.44763908386230467 0.4998305320739746 0.09504445393880208 0.09697761535644531
26 0.2733840624491374 0.4877751350402832 0.08118699391682943 0.09091978073120117
1 0.5009881019592285 0.40395174026489256 0.06649430592854817 0.04171323776245117
11 0.3566950798034668 0.4934025764465332 0.08919048309326172 0.09075927734375
19 0.896165148417155 0.4538684368133545 0.06690228780110677 0.05659151077270508
22 0.6289515177408854 0.4008432269096375 0.060182444254557294 0.05350973606109619
19 0.8955496470133464 0.39669275283813477 0.0668011983235677 0.05751523971557617
22 0.571740468343099 0.39928569793701174 0.05403416951497396 0.05142068862915039
5 0.4356966654459635 0.36364097595214845 0.09210624694824218 0.033657264709472653
19 0.9695071538289388 0.3992949962615967 0.060985692342122394 0.057665348052978516
5 0.42618014017740885 0.3969311237335205 0.08050944010416666 0.032971763610839845
5 0.3503892262776693 0.361512565612793 0.07935625712076823 0.02905130386352539
5 0.34406598409016925 0.3930482864379883 0.07836793263753256 0.03396921157836914
1 0.5179496129353841 0.366943883895874 0.06624666849772136 0.03131790161132812
24 0.9258883794148763 0.22939677238464357 0.08039766947428385 0.010489940643310547
24 0.9305777867635091 0.24081053733825683 0.08321673075358073 0.011429500579833985
18 0.9649632771809896 0.45630674362182616 0.06762746175130209 0.05638561248779297
24 0.9344074249267578 0.25349602699279783 0.07053324381510416 0.014226245880126952
24 0.988517697652181 0.23173253536224364 0.022834014892578126 0.00925898551940918
