15 0.4751920700073242 0.5593305110931397 0.05316143035888672 0.054191970825195314
15 0.5810204823811849 0.560265064239502 0.05245157877604167 0.052216529846191406
15 0.5287954330444335 0.5602372646331787 0.05359992980957031 0.05321025848388672
9 0.36219170888264973 0.5468857765197754 0.05401153564453125 0.04531450271606445
7 0.3640744209289551 0.43542728424072263 0.04774684906005859 0.056271934509277345
9 0.3057247161865234 0.5462457656860351 0.05920499165852865 0.04582014083862305
9 0.4182972590128581 0.5489604949951172 0.05686531066894531 0.04431610107421875
17 0.7100133260091146 0.5534885406494141 0.04046147664388021 0.04133892059326172
9 0.3024367014567057 0.6000018119812012 0.05957590738932292 0.035877227783203125
15 0.5780494689941407 0.6029316425323487 0.05142834981282552 0.03378419876098633
16 0.7879945119222005 0.5552647590637207 0.03725598653157552 0.042765045166015626
9 0.3606929143269857 0.6008358955383301 0.05672467549641927 0.03550872802734375
10 0.7467421849568685 0.3916464805603027 0.04293390909830729 0.056122875213623045
3 0.1792156219482422 0.5510401725769043 0.06509685516357422 0.058191108703613284
28 0.34940789540608724 0.7405002593994141 0.06115926106770833 0.03232011795043945
3 0.24322923024495444 0.5525822639465332 0.06257794698079427 0.058660888671875
7 0.2890769004821777 0.37648084163665774 0.06346104939778646 0.06130518913269043
28 0.4712612469991048 0.7056324005126953 0.052921994527180986 0.035800743103027347
9 0.4172710418701172 0.6011776447296142 0.05473874409993489 0.03481311798095703
3 0.17587448755900065 0.5985000610351563 0.06311454772949218 0.03773059844970703
25 0.35261383056640627 0.2171231746673584 0.045568021138509114 0.04100432395935059
28 0.4801206588745117 0.7412374496459961 0.057858784993489586 0.03550376892089844
28 0.5273727416992188 0.7058888435363769 0.055021413167317706 0.0345728874206543
16 0.7798962910970052 0.6056478500366211 0.037880198160807295 0.03645401000976563
16 0.8276032129923503 0.556517219543457 0.041495132446289065 0.04353599548339844
28 0.34805450439453123 0.7050959587097168 0.05871149698893229 0.037212181091308597
17 0.7055653254191081 0.6040600776672364 0.038859049479166664 0.034639739990234376
7 0.37538496653238934 0.3701192855834961 0.06155891418457031 0.05932469367980957
28 0.5395603179931641 0.7409857749938965 0.0586846669514974 0.03596973419189453
15 0.5257637659708659 0.60281400680542 0.05283915201822917 0.034823036193847655
28 0.41254234313964844 0.7415585517883301 0.06125920613606771 0.03702220916748047
7 0.43681227366129555 0.43925952911376953 0.05364278157552083 0.05432395935058594
17 0.6288398742675781 0.5511423110961914 0.042050933837890624 0.042879486083984376
17 0.6655667622884115 0.6035614967346191 0.04118703206380208 0.03556537628173828
7 0.45231930414835614 0.3788903713226318 0.05616614023844401 0.059663009643554685
7 0.27139708201090496 0.4322536468505859 0.06492201487223308 0.05314321517944336
25 0.35961955388387046 0.15312856435775757 0.04515406290690104 0.044545435905456544
30 0.7019407908121745 0.702351188659668 0.050368245442708334 0.032096481323242186
31 0.27792256673177085 0.7024131298065186 0.062328211466471356 0.034083080291748044
20 0.4055503845214844 0.1568079948425293 0.046193695068359374 0.04383716583251953
31 0.2758836110432943 0.7383101940155029 0.06264228820800781 0.03590087890625
13 0.19846658706665038 0.4146359920501709 0.04477341969807943 0.036936378479003905
25 0.30738239288330077 0.2131664276123047 0.04471104939778646 0.04214987754821777
17 0.6247556686401368 0.6028138637542725 0.0406408945719401 0.035298919677734374
12 0.05608629484971364 0.3448702335357666 0.04628151059150696 0.04263381958007813
31 0.20973215103149415 0.7449168205261231 0.06555290222167968 0.03831062316894531
16 0.7502946217854818 0.5545722007751465 0.03855463663736979 0.04172210693359375
29 0.619565200805664 0.7377004623413086 0.056365966796875 0.03772411346435547
31 0.21461273829142252 0.7072685241699219 0.06158536275227865 0.036108207702636716
16 0.8182367960611979 0.6052770614624023 0.039693196614583336 0.0345952033996582
3 0.2388014793395996 0.5990090847015381 0.0621368408203125 0.03613090515136719
20 0.4500970204671224 0.16076276302337647 0.043884658813476564 0.04223389625549316
6 0.877856953938802 0.39931316375732423 0.046090952555338544 0.04080390930175781
13 0.10562591552734375 0.40911006927490234 0.045070521036783856 0.03708038330078125
17 0.6697296778361003 0.5526576995849609 0.03918952941894531 0.04229049682617188
2 0.503092892964681 0.3785764455795288 0.04760144551595052 0.04280858039855957
12 0.10351422627766928 0.3467050552368164 0.046935717264811196 0.042133140563964847
13 0.15250622431437175 0.4119049072265625 0.04479646682739258 0.03686952590942383
6 0.8351791381835938 0.3958698272705078 0.038635508219401045 0.041178321838378905
15 0.4722137769063314 0.6028281211853027 0.052419853210449216 0.03413410186767578
2 0.5949246724446614 0.3839578628540039 0.04429168701171875 0.04092073440551758
25 0.3145243008931478 0.14844892024993897 0.04406725565592448 0.044466400146484376
20 0.39873908360799154 0.2204277276992798 0.04358196258544922 0.03780837059020996
13 0.15199052492777507 0.35112886428833007 0.04695911407470703 0.04182333946228027
13 0.19844967524210613 0.35369338989257815 0.044402758280436196 0.03977746963500976
16 0.7432046254475911 0.604582405090332 0.036839803059895836 0.03609037399291992
10 0.783970324198405 0.45240058898925783 0.04147198994954427 0.052061939239501955
10 0.6974412282307942 0.3879784822463989 0.04024937947591146 0.05686144828796387
28 0.40818716684977213 0.7032742500305176 0.05712343851725261 0.036638069152832034
30 0.7543546676635742 0.6978187084197998 0.052222188313802084 0.024373340606689452
10 0.7969041188557943 0.3969918966293335 0.03837890625 0.054990530014038086
2 0.6407574971516927 0.3859165906906128 0.04726206461588542 0.04112639427185059
30 0.7191266377766927 0.7348569869995117 0.05065587361653646 0.03205442428588867
32 0.01701833407084147 0.41543917655944823 0.03400745391845703 0.05253458023071289
2 0.5497435887654623 0.3808337926864624 0.045113754272460935 0.0418973445892334
13 0.05928520361582438 0.4079109072685242 0.04649230639139811 0.03853418827056885
30 0.7674427668253581 0.7250892162322998 0.05685755411783854 0.033883857727050784
31 0.22414787610371908 0.6769274711608887 0.05986321767171224 0.023712348937988282
20 0.4441127141316732 0.21915431022644044 0.04459946950276693 0.025436830520629884
2 0.5935042063395183 0.4372848987579346 0.04528236389160156 0.0383112907409668
32 0.015539093812306722 0.3573354721069336 0.031078187624613444 0.06063919067382813
2 0.6384140650431315 0.43897857666015627 0.04359766642252604 0.037489700317382815
31 0.2821431477864583 0.6747822284698486 0.05460338592529297 0.020630359649658203
30 0.6891090393066406 0.6747060775756836 0.04547131856282552 0.021339035034179686
2 0.48715127309163414 0.432208251953125 0.04563763936360677 0.040151786804199216
28 0.5212736129760742 0.676475715637207 0.05067863464355469 0.023802566528320312
2 0.5343981424967448 0.4342816352844238 0.047187423706054686 0.03945941925048828
6 0.8640705744425455 0.4511901378631592 0.04145177205403646 0.037789440155029295
29 0.6664813995361328 0.743656063079834 0.029755147298177083 0.02290201187133789
30 0.735540262858073 0.6746713161468506 0.04652684529622396 0.02138385772705078
6 0.8247827529907227 0.44884414672851564 0.03941357930501302 0.03932170867919922
28 0.4660819371541341 0.6746790885925293 0.05133488972981771 0.02077350616455078
28 0.40476004282633465 0.6740296363830567 0.0535214106241862 0.02018566131591797
54 0.6087279637654622 0.7192752838134766 0.07946828206380209 0.07482881546020508
28 0.34784037272135415 0.675330924987793 0.0533453623453776 0.021195316314697267
