6 0.5470078574286567 0.3007225513458252 0.03285043504503038 0.04222517013549805
16 0.4438884735107422 0.2975307464599609 0.036052703857421875 0.04527587890625
9 0.6006367789374457 0.38374778429667156 0.038299942016601564 0.040027777353922524
18 0.36520207722981773 0.29741792678833007 0.05018183390299479 0.04561309814453125
10 0.6090136210123698 0.3019946257273356 0.03118871053059896 0.0398344357808431
17 0.48041475084092883 0.29896804491678874 0.03722780015733507 0.043343575795491536
2 0.514983155992296 0.2999847412109375 0.033008575439453125 0.04299221038818359
51 0.49594588809543183 0.701921304066976 0.041510221693250866 0.04892050425211589
10 0.5785144805908203 0.3015447616577148 0.031846110026041666 0.03977127075195312
22 0.44275987413194445 0.3944662094116211 0.04202957153320312 0.03493499755859375
9 0.5676896413167317 0.385615078608195 0.030358632405598957 0.04041865666707357
1 0.4831158532036675 0.3938182671864828 0.03932732476128472 0.0347193717956543
12 0.5149631288316515 0.38984587987263997 0.028158357408311633 0.040934181213378905
48 0.3281891187032064 0.738841438293457 0.06534061431884766 0.04768295288085937
16 0.4087345759073893 0.2971821308135986 0.036117935180664064 0.046462726593017575
24 0.5753824869791667 0.4726208527882894 0.01831029256184896 0.03190183639526367
23 0.557530763414171 0.4736976941426595 0.019384256998697915 0.03273200988769531
46 0.45307576921251086 0.7139803886413574 0.04974047342936198 0.05189952850341797
54 0.3962251663208008 0.7182374000549316 0.06309191385904948 0.052854728698730466
13 0.5403205659654405 0.3884411017100016 0.026959355672200522 0.04134308497111003
23 0.6075298733181423 0.4706498940785726 0.018624369303385416 0.029658412933349608
