51 0.5358900547027587 0.8763596534729003 0.07872393925984701 0.10368633270263672
30 0.5004242897033692 0.6623574733734131 0.05899969736735026 0.04743146896362305
10 0.4553657531738281 0.318493127822876 0.03675543467203776 0.030342864990234374
12 0.4842138926188151 0.18411028385162354 0.03276475270589193 0.03142478466033936
30 0.5039188385009765 0.5932234764099121 0.05744126637776693 0.043729114532470706
47 0.4504431406656901 0.3837758541107178 0.04718583424886068 0.03279953002929688
58 0.570659891764323 0.5045510768890381 0.06424026489257813 0.06350383758544922
29 0.502915891011556 0.5235490798950195 0.06073048909505208 0.04402179718017578
10 0.49351361592610676 0.3171966075897217 0.0380621592203776 0.030674552917480467
12 0.4513883590698242 0.1850306749343872 0.03256429036458333 0.030419063568115235
10 0.5449048519134522 0.31738274097442626 0.03934831619262695 0.030017995834350587
47 0.5003732681274414 0.3824798583984375 0.04819628397623698 0.03309450149536133
58 0.5738566080729167 0.5684926986694336 0.07022908528645834 0.06105937957763672
58 0.572643534342448 0.43941168785095214 0.06483128865559896 0.06381988525390625
2 0.5467417240142822 0.2505836486816406 0.03823169072469076 0.029450607299804688
55 0.43992109298706056 0.5760345458984375 0.06956189473470052 0.06687202453613281
13 0.517529042561849 0.1835742712020874 0.03308881123860677 0.0310575008392334
47 0.5504163106282552 0.38037405014038084 0.0501702626546224 0.03437929153442383
13 0.5513197580973307 0.18358439207077026 0.03370183308919271 0.030051994323730468
31 0.5052852630615234 0.46220693588256834 0.059400049845377605 0.04523601531982422
46 0.44494988123575846 0.874666976928711 0.08293959299723307 0.09198875427246093
55 0.4297279040018717 0.6379836559295654 0.07386569976806641 0.0691030502319336
58 0.5746913274129232 0.6367199897766114 0.06836357116699218 0.060928726196289064
49 0.5547936757405599 0.7982521057128906 0.10538469950358073 0.04934406280517578
2 0.5031381924947103 0.2523528814315796 0.03787027994791667 0.026240158081054687
27 0.44474836985270183 0.5144843101501465 0.04993483225504557 0.047185516357421874
2 0.46453431447347004 0.25209286212921145 0.03784262339274089 0.027946853637695314
46 0.43232097625732424 0.7951265335083008 0.08171602884928385 0.05636520385742187
