1 0.5992102305094401 0.5325161933898925 0.04684295654296875 0.031307029724121097
51 0.40803871154785154 0.669559097290039 0.05414301554361979 0.07491073608398438
31 0.32359739939371746 0.5728610038757325 0.06626300811767578 0.03258304595947266
17 0.6130265553792318 0.6135195255279541 0.034813181559244795 0.04803266525268555
30 0.3883595784505208 0.5622703075408936 0.06314608256022135 0.03357820510864258
17 0.6181355794270833 0.6508350849151612 0.034021759033203126 0.029976367950439453
47 0.5321339289347331 0.6646695137023926 0.04857775370279948 0.03442726135253906
22 0.6470905303955078 0.5277633190155029 0.045266977945963544 0.030930709838867188
28 0.505175526936849 0.5455640316009521 0.05447463989257813 0.03356313705444336
47 0.5127890904744467 0.6255449295043946 0.05196711222330729 0.05467691421508789
10 0.6932976404825847 0.6341005325317383 0.03261706034342448 0.03372268676757813
0 0.5529055913289388 0.5379384994506836 0.04464797973632813 0.03239517211914063
31 0.44797143936157224 0.553212833404541 0.056626447041829425 0.030658912658691407
12 0.7235157648722331 0.6279778957366944 0.03043047587076823 0.03157377243041992
18 0.5711392084757487 0.6207827568054199 0.047219340006510416 0.048323631286621094
46 0.34514007568359373 0.6823063850402832 0.07398058573404948 0.07578763961791993
48 0.3542420069376628 0.7962297916412353 0.08469352722167969 0.07621679306030274
13 0.7536466598510743 0.6237569808959961 0.029449844360351564 0.030059051513671876
23 0.7548661549886068 0.37514495849609375 0.024325052897135418 0.024552249908447267
3 0.6564051310221354 0.6426339149475098 0.045384724934895836 0.03270416259765625
46 0.46396926244099934 0.6580328941345215 0.06857433319091796 0.07364444732666016
54 0.4253196716308594 0.7800825119018555 0.037801233927408855 0.0679403305053711
21 0.7969201405843099 0.3720730781555176 0.02266413370768229 0.0255373477935791
23 0.7763511657714843 0.3738856315612793 0.020661671956380207 0.024334049224853514
18 0.5793571472167969 0.6579190731048584 0.043343607584635416 0.029812145233154296
