15 0.7887101491292318 0.22006759643554688 0.050533167521158856 0.03631458282470703
15 0.6852433522542317 0.21848490238189697 0.05614674886067708 0.0349637508392334
15 0.73802490234375 0.21965951919555665 0.05022570292154948 0.03445091247558594
7 0.6796449661254883 0.5106542587280274 0.043350601196289064 0.03574810028076172
7 0.9407028834025065 0.5095393180847168 0.04336878458658854 0.03383941650390625
15 0.777593994140625 0.31503849029541015 0.048737589518229166 0.0330169677734375
15 0.7344931284586589 0.26755352020263673 0.050832366943359374 0.03473672866821289
15 0.6826362609863281 0.26686549186706543 0.05197270711263021 0.033809661865234375
7 0.7225858052571614 0.5098392963409424 0.04296124776204427 0.03516178131103516
17 0.9051128387451172 0.2667666435241699 0.036148325602213545 0.03572402000427246
17 0.8674787521362305 0.2661742687225342 0.038673019409179686 0.03616275787353516
7 0.854350471496582 0.509442663192749 0.043265914916992186 0.035536766052246094
7 0.7629883448282878 0.5507340431213379 0.042668660481770836 0.02743110656738281
51 0.5742968241373698 0.33004255294799806 0.08264274597167968 0.09562158584594727
30 0.25665483474731443 0.9609628677368164 0.06286424001057943 0.047894287109375
7 0.766632080078125 0.5094462394714355 0.04489415486653646 0.03572969436645508
30 0.8074867248535156 0.700916337966919 0.042865753173828125 0.028885459899902342
11 0.9317191441853842 0.8173734664916992 0.0770745595296224 0.08236923217773437
17 0.8729848861694336 0.2168628215789795 0.03574676513671875 0.03806028366088867
6 0.8388585408528646 0.3858592748641968 0.033485158284505205 0.032076692581176756
22 0.6772360483805339 0.03159196972846985 0.05582834879557292 0.04194895029067993
6 0.8993063608805338 0.42928714752197267 0.03539225260416667 0.030658149719238283
15 0.7845902760823568 0.26845378875732423 0.04973678588867188 0.034665584564208984
17 0.8347040176391601 0.21617445945739747 0.04026336669921875 0.038259124755859374
15 0.7278329213460286 0.31413514614105226 0.04943033854166667 0.034133529663085936
6 0.909094492594401 0.38671088218688965 0.03570645650227865 0.032209587097167966
15 0.6776077270507812 0.31376214027404786 0.05096562703450521 0.03382620811462402
11 0.8543872833251953 0.8208685159683228 0.07584431966145834 0.07979693412780761
6 0.8736373901367187 0.386021089553833 0.035772450764973956 0.032773590087890624
10 0.9796002705891927 0.3874298095703125 0.03633041381835937 0.03297300338745117
10 0.9350004196166992 0.4298262119293213 0.0348822275797526 0.0308013916015625
7 0.8058774948120118 0.550804328918457 0.04237200419108073 0.026848220825195314
7 0.7195222854614258 0.5509827136993408 0.04255193074544271 0.028226375579833984
6 0.8267467498779297 0.4293471336364746 0.03763860066731771 0.03163442611694336
7 0.8490077972412109 0.5504122734069824 0.0423004150390625 0.027219009399414063
7 0.8113408406575521 0.5095314979553223 0.044475555419921875 0.03594226837158203
29 0.658221181233724 0.7005186080932617 0.04394683837890625 0.02441577911376953
10 0.9694051106770833 0.43029117584228516 0.03328781127929688 0.030718994140625
17 0.8974297841389974 0.3149440288543701 0.037964121500651045 0.03411569595336914
7 0.8974913279215495 0.5094090461730957 0.044132232666015625 0.03506031036376953
29 0.6182133356730143 0.7130969524383545 0.043270238240559894 0.03028421401977539
16 0.9812865575154622 0.2697258234024048 0.0368927001953125 0.0359245777130127
30 0.3164100011189779 0.9316595077514649 0.059429295857747394 0.04524497985839844
16 0.9430629730224609 0.2680323123931885 0.038527425130208334 0.0360295295715332
17 0.8285274505615234 0.26599416732788084 0.038820648193359376 0.03545684814453125
6 0.8637704213460287 0.4291978359222412 0.035573323567708336 0.03154048919677734
30 0.4019242604573568 0.9391901969909668 0.061140950520833334 0.04683704376220703
7 0.6366368611653646 0.5101656436920166 0.04081522623697917 0.03493413925170898
4 0.6212746938069661 0.8301965951919555 0.07352892557779948 0.08487353324890137
16 0.9517846425374349 0.21856727600097656 0.041502126057942706 0.036590862274169925
22 0.7345693588256836 0.03313275650143623 0.05715128580729167 0.043446479737758635
2 0.7068614959716797 0.3923962116241455 0.03765411376953125 0.04337368011474609
30 0.9042554219563802 0.701242208480835 0.0426171620686849 0.026181697845458984
11 0.7802434285481771 0.8239087104797364 0.07292760213216146 0.08096847534179688
30 0.3727490743001302 0.9015923500061035 0.0573340098063151 0.04472332000732422
10 0.9447177251180013 0.3875252723693848 0.03352266947428385 0.031835079193115234
26 0.9841506958007813 0.8147132873535157 0.03106524149576823 0.07713642120361328
28 0.987554931640625 0.7023373126983643 0.024799474080403647 0.023036670684814454
4 0.7018435160319011 0.8322677612304688 0.0841077168782552 0.07581825256347656
2 0.7431188583374023 0.4358187198638916 0.032909266153971356 0.04221038818359375
2 0.7581453323364258 0.3930234909057617 0.03229382832845052 0.04419841766357422
2 0.7901359558105469 0.4365527629852295 0.031665802001953125 0.04115781784057617
16 0.9862747510274251 0.21970624923706056 0.02745049794514974 0.0365452766418457
17 0.9105209350585938 0.21720661520957946 0.03901240030924479 0.036925995349884035
2 0.6952677408854167 0.436158561706543 0.03520800272623698 0.04220027923583984
29 0.66267884572347 0.7214387893676758 0.04269765218098958 0.018831443786621094
7 0.8893561045328776 0.5503664970397949 0.03768157958984375 0.026930809020996094
2 0.663031005859375 0.39269118309020995 0.03448893229166667 0.04349050521850586
31 0.7670384724934896 0.7078323364257812 0.03533655802408854 0.027971649169921876
17 0.8225314458211263 0.3143380403518677 0.038997522989908856 0.03338494300842285
30 0.8536629994710286 0.6999439239501953 0.04479090372721354 0.025514793395996094
16 0.9355032602945964 0.31563568115234375 0.03602752685546875 0.033759784698486325
10 0.99307861328125 0.43024520874023436 0.01382904052734375 0.031257247924804686
22 0.6863089243570963 0.08786977529525757 0.05758997599283854 0.03555588722229004
30 0.34545008341471356 0.9727646827697753 0.061894734700520836 0.04797019958496094
17 0.8604132334391276 0.3145882606506348 0.03617998758951823 0.03439655303955078
51 0.577190907796224 0.3943049430847168 0.07237650553385416 0.032220649719238284
22 0.7416439056396484 0.08660748600959778 0.05428644816080729 0.031672441959381105
51 0.5459683736165365 0.7104142665863037 0.06260452270507813 0.04929075241088867
31 0.7284165700276692 0.7105192184448242 0.04448420206705729 0.032433509826660156
2 0.8058874766031902 0.39299960136413575 0.032704798380533855 0.044216156005859375
7 0.6826343536376953 0.5515447616577148 0.0306365966796875 0.028268051147460938
16 0.9718642552693685 0.31684069633483886 0.03608373006184896 0.0339996337890625
30 0.9485706329345703 0.7050687789916992 0.04218215942382812 0.019787406921386717
51 0.5962968190511068 0.5419827461242676 0.06500676472981771 0.029711532592773437
5 0.963449223836263 0.05315643697977066 0.06531664530436197 0.0303937166929245
16 0.9952877044677735 0.3171099662780762 0.009386825561523437 0.03608541488647461
0 0.8807372411092123 0.0700953722000122 0.04304059346516927 0.02266709804534912
51 0.5577114741007487 0.624726676940918 0.06884371439615886 0.03648834228515625
30 0.2817877451578776 0.9891809463500977 0.06864585876464843 0.021638107299804688
30 0.9416847229003906 0.6886015415191651 0.041043599446614586 0.01578865051269531
22 0.6208081563313802 0.0896572232246399 0.03834050496419271 0.041577816009521484
51 0.5427862803141276 0.6549752235412598 0.06418622334798177 0.023952484130859375
