24 0.2897838036219279 0.5707413673400878 0.11155126889546713 0.048079490661621094
24 0.23270985285441081 0.6591331481933593 0.11410039265950521 0.052730369567871097
24 0.3383630752563477 0.713565444946289 0.12032979329427083 0.053316688537597655
24 0.3884264628092448 0.6208507537841796 0.11852035522460938 0.04645404815673828
23 0.4917212804158529 0.6950438499450684 0.11077435811360677 0.04725799560546875
24 0.2144519011179606 0.6911146640777588 0.11250988642374675 0.05444250106811523
24 0.3712954839070638 0.6500898361206054 0.11625811258951822 0.04624881744384766
24 0.4051492691040039 0.5908672332763671 0.11332969665527344 0.04648532867431641
24 0.35555909474690756 0.6812375068664551 0.1197967529296875 0.04837198257446289
24 0.2524062474568685 0.6282413482666016 0.11229228973388672 0.051183128356933595
24 0.26929759979248047 0.5999186515808106 0.11013234456380208 0.049321746826171874
43 0.6776407877604167 0.6901812553405762 0.18241806030273439 0.07554607391357422
43 0.6508410135904948 0.7385559558868409 0.19015630086263022 0.08581705093383789
23 0.4753434181213379 0.7223393440246582 0.10408337910970052 0.04610376358032227
23 0.4545771916707357 0.7550762176513672 0.11618932088216145 0.05057735443115234
43 0.6303190231323242 0.7964412689208984 0.20466028849283854 0.09082393646240235
43 0.8773852666219075 0.7340378284454345 0.1744511922200521 0.07452249526977539
43 0.8415616353352865 0.8733196258544922 0.20179367065429688 0.08532752990722656
