10 0.6315386454264323 0.4917038917541504 0.04989891052246094 0.05703182220458984
6 0.5819347381591797 0.5767701625823974 0.03827972412109375 0.05863819122314453
10 0.6352343241373698 0.38837060928344724 0.04867986043294271 0.05293340682983398
16 0.6673028310139973 0.5943233489990234 0.043582916259765625 0.061127090454101564
10 0.6762892405192057 0.49647951126098633 0.03993021647135417 0.058135986328125
10 0.5844168345133464 0.48711862564086916 0.044313939412434895 0.05501632690429688
10 0.6871931711832683 0.3900266170501709 0.05587692260742187 0.056488990783691406
10 0.5884742101033529 0.3869908809661865 0.04511744181315104 0.053477001190185544
16 0.6229442596435547 0.5860737800598145 0.045191446940104164 0.05898199081420898
54 0.6395097096761068 0.6753249645233155 0.08947601318359374 0.08243131637573242
48 0.6348737080891927 0.7581483364105225 0.09080785115559896 0.08139448165893555
48 0.5763775507609049 0.7385942459106445 0.032829538981119795 0.05937480926513672
