19 0.24913644790649414 0.6362083435058594 0.027628644307454427 0.023758888244628906
19 0.2520324548085531 0.6095386505126953 0.0280091921488444 0.025792503356933595
16 0.8143903096516927 0.6411902427673339 0.022411346435546875 0.02045307159423828
16 0.8592685699462891 0.613516092300415 0.02236455281575521 0.022115802764892577
16 0.8369985580444336 0.6416461944580079 0.022277323404947917 0.0204071044921875
16 0.8364271799723307 0.6132229804992676 0.022068532307942708 0.021671104431152343
3 0.8256882985432943 0.3972412347793579 0.029398600260416668 0.017707204818725585
19 0.2771493832270304 0.6357822418212891 0.027645635604858398 0.024123191833496094
9 0.8559716542561849 0.3767954111099243 0.030168660481770835 0.024294233322143553
16 0.8132014592488607 0.6125638008117675 0.02284863789876302 0.021496105194091796
51 0.15620214144388836 0.699710464477539 0.03778565724690755 0.038786125183105466
17 0.7678818384806315 0.6399527549743652 0.022382227579752605 0.019739246368408202
10 0.8546310424804687 0.4779964447021484 0.02323328653971354 0.019454574584960936
19 0.30477333068847656 0.6358820915222168 0.027324549357096353 0.02391042709350586
9 0.8743854522705078 0.3555301666259766 0.028659311930338542 0.01983919143676758
47 0.16110652287801105 0.6340957641601562 0.02824579874674479 0.025195503234863283
28 0.7982245127360026 0.902028751373291 0.03581517537434896 0.01633167266845703
2 0.8307337443033854 0.477693510055542 0.023653666178385418 0.019286155700683594
17 0.7459776560465495 0.6395753860473633 0.020880889892578126 0.020466995239257813
9 0.8567111968994141 0.3969679355621338 0.029497273763020835 0.01839170455932617
10 0.8777438481648763 0.4783926010131836 0.022466405232747396 0.019720840454101562
9 0.8856430053710938 0.37742161750793457 0.031068929036458335 0.024736690521240234
47 0.13227320512135823 0.6335151672363282 0.02815098762512207 0.02585430145263672
29 0.6908594767252604 0.897967529296875 0.03188667297363281 0.0153594970703125
6 0.9022612889607747 0.4783302307128906 0.02412834167480469 0.019380950927734376
17 0.789380137125651 0.6122687339782715 0.023068618774414063 0.021413135528564452
9 0.8457473754882813 0.3552629232406616 0.029073333740234374 0.019281339645385743
18 0.2241800626118978 0.6096027374267579 0.026035118103027343 0.026219844818115234
31 0.6495482126871744 0.8817018508911133 0.032760874430338545 0.01578941345214844
17 0.790598742167155 0.6404614448547363 0.02285143534342448 0.019940185546875
51 0.19411293665568033 0.7010706901550293 0.03633893330891927 0.03978385925292969
17 0.7663052876790365 0.6123658180236816 0.023055267333984376 0.02182769775390625
3 0.8171731313069661 0.35507998466491697 0.027925618489583335 0.019179821014404297
11 0.7870199839274089 0.7066689014434815 0.05384229024251302 0.053676795959472653
6 0.9259700775146484 0.47857370376586916 0.023234812418619792 0.019796085357666016
7 0.9147735595703125 0.39812889099121096 0.02803497314453125 0.018542098999023437
10 0.8551951090494792 0.4512022972106934 0.025246175130208333 0.019813346862792968
16 0.8597353617350261 0.6417381286621093 0.02195574442545573 0.019988632202148436
19 0.30910135904947916 0.6092722892761231 0.030347061157226563 0.02721099853515625
7 0.9437161763509114 0.37850501537323 0.0295867919921875 0.02503547668457031
10 0.8795838673909505 0.4512110710144043 0.023151397705078125 0.019904518127441408
30 0.5824299494425456 0.8975616455078125 0.0332672119140625 0.016149139404296874
3 0.7968661626180013 0.3968832969665527 0.02808977762858073 0.018098831176757812
19 0.2804725646972656 0.6092953681945801 0.02727680206298828 0.026129150390625
46 0.3133286794026693 0.7031560897827148 0.03988691965738932 0.038514137268066406
7 0.9028910319010417 0.3563793420791626 0.028117879231770834 0.019997453689575194
17 0.7436676025390625 0.6120745658874511 0.02196680704752604 0.02245960235595703
53 0.11766666571299235 0.7017912864685059 0.03751371701558431 0.03603582382202149
30 0.5793693542480469 0.8822893142700196 0.032150522867838545 0.013408470153808593
7 0.9149856567382812 0.3782192230224609 0.02831687927246094 0.02441415786743164
3 0.8254187266031902 0.3732926368713379 0.029730987548828126 0.018006420135498045
29 0.6851509094238282 0.8832389831542968 0.03228594462076823 0.014557647705078124
46 0.27261008421579996 0.702509593963623 0.039499298731486006 0.03897380828857422
6 0.9253302256266276 0.4517855644226074 0.023514811197916666 0.019994354248046874
18 0.19681835174560547 0.6088227272033692 0.027747090657552084 0.025612640380859374
25 0.8333174387613932 0.5362381935119629 0.01841557820638021 0.025461959838867187
2 0.8278113047281901 0.4512051582336426 0.025824737548828126 0.020000648498535157
11 0.8382659276326497 0.7071404457092285 0.050452804565429686 0.054559326171875
7 0.9437794367472331 0.3988926410675049 0.028917948404947918 0.01830148696899414
25 0.8336617787679036 0.5623549938201904 0.017914962768554688 0.027286720275878907
47 0.1701612154642741 0.6011163711547851 0.026803302764892577 0.029146957397460937
28 0.7565025329589844 0.8863496780395508 0.02985102335611979 0.017247772216796874
9 0.885789426167806 0.39738898277282714 0.028748448689778647 0.017816925048828126
18 0.2209555149078369 0.6359882354736328 0.027128823598225913 0.023512649536132812
20 0.8910724639892578 0.5590417861938477 0.018979771931966146 0.018479156494140624
29 0.7257227579752604 0.8990972518920899 0.032831827799479164 0.014641952514648438
31 0.6536428451538085 0.8979930877685547 0.03438987731933594 0.016378402709960938
51 0.23114878336588543 0.7021989822387695 0.03810319900512695 0.03945140838623047
47 0.13801898956298828 0.6008936405181885 0.030424976348876955 0.029033470153808593
2 0.8077771504720052 0.4773601531982422 0.021642557779947915 0.01920042037963867
20 0.8720909118652344 0.5588987827301025 0.01960601806640625 0.019102096557617188
6 0.90233154296875 0.4513035774230957 0.02242762247721354 0.019909095764160157
7 0.9605861663818359 0.35709452629089355 0.030498758951822916 0.019212055206298827
20 0.8529521306355794 0.536267614364624 0.02009747823079427 0.024996852874755858
46 0.35320491790771485 0.7036061763763428 0.03863309224446614 0.0390289306640625
7 0.9310063680013021 0.35682342052459715 0.02852935791015625 0.019534826278686523
31 0.6159108479817709 0.876130199432373 0.031898244222005205 0.017584800720214844
25 0.8138275146484375 0.5625732898712158 0.018807093302408855 0.02687349319458008
30 0.5466285546620687 0.8804824829101563 0.03134565353393555 0.013959121704101563
3 0.7891445159912109 0.35507984161376954 0.028337860107421876 0.01872119903564453
7 0.9731103261311849 0.39918994903564453 0.029154841105143228 0.0186065673828125
30 0.5485177993774414 0.8965663909912109 0.03217989603678385 0.017545318603515624
12 0.9106394449869791 0.5592810630798339 0.019250996907552085 0.01834421157836914
12 0.9097887674967448 0.5329667091369629 0.018494669596354166 0.018667984008789062
13 0.9702776590983073 0.559401273727417 0.019611104329427084 0.016347599029541016
7 0.9732659022013347 0.3786734342575073 0.02910474141438802 0.025014829635620118
31 0.6178480784098307 0.8961835861206054 0.033209228515625 0.018719482421875
20 0.872418467203776 0.5363765716552734 0.01926396687825521 0.02524089813232422
12 0.9290643056233724 0.5325065135955811 0.019117228190104165 0.01718454360961914
28 0.7627773284912109 0.903445053100586 0.032976023356119794 0.014359664916992188
28 0.7486254374186198 0.8688604354858398 0.029196675618489584 0.016581916809082033
25 0.8143306732177734 0.5354472637176514 0.01934026082356771 0.02512645721435547
31 0.644900385538737 0.8583213806152343 0.0312835693359375 0.0178253173828125
18 0.19297067324320474 0.6354316711425781 0.027547454833984374 0.024242973327636717
29 0.7186338424682617 0.8842644691467285 0.03145434061686198 0.014588165283203124
20 0.8910223642985026 0.5365222930908203 0.018744150797526043 0.02575836181640625
12 0.9302815755208333 0.5593559265136718 0.01880620320638021 0.017989921569824218
3 0.7955968221028645 0.37290732860565184 0.02683575948079427 0.018032264709472657
13 0.9491735458374023 0.5327893733978272 0.020103073120117186 0.016577529907226562
13 0.950589116414388 0.5593756675720215 0.020672607421875 0.017120552062988282
20 0.8528703053792318 0.5600838184356689 0.01925175984700521 0.022460174560546876
13 0.9684183756510417 0.5327250480651855 0.018872578938802082 0.015790557861328124
7 0.9942679723103841 0.3996510744094849 0.011369450887044271 0.020700693130493164
28 0.7810053507486979 0.8687326431274414 0.032126363118489584 0.016905784606933594
15 0.9879929860432942 0.3570335865020752 0.023844782511393228 0.019959068298339842
7 0.9943136850992839 0.37830955982208253 0.0112396240234375 0.02624988555908203
28 0.7870824178059895 0.8863641738891601 0.03301111857096354 0.015639495849609376
1 0.9282413482666015 0.6336651802062988 0.03511962890625 0.015026092529296875
0 0.9036760965983073 0.6126747131347656 0.031089909871419272 0.02202186584472656
