39 0.09221426645914714 0.8100051879882812 0.18442853291829428 0.18758487701416016
32 0.9620988845825196 0.8489743232727051 0.07580223083496093 0.08907299041748047
49 0.8302931467692057 0.8565584182739258 0.17646662394205728 0.06664848327636719
49 0.479525883992513 0.8594512939453125 0.169189453125 0.06533966064453126
39 0.2859218676884969 0.7542672634124756 0.19492185910542806 0.10016374588012696
49 0.3001922925313314 0.8577582359313964 0.18407637278238934 0.07834854125976562
49 0.6531004587809245 0.8546241760253906 0.16201578776041667 0.058634185791015626
32 0.9736320495605468 0.7478898048400879 0.052572377522786456 0.11772632598876953
37 0.09635445276896158 0.4412927508354187 0.19270890553792316 0.08714163303375244
37 0.09223151206970215 0.5216241836547851 0.1844630241394043 0.07116422653198243
37 0.3203909238179525 0.4408056139945984 0.24254817962646485 0.09191820621490479
44 0.659719975789388 0.7771141529083252 0.18240407307942708 0.0698359489440918
37 0.3088477770487467 0.5219904899597168 0.22746594746907553 0.06899700164794922
37 0.15064422289530435 0.3177835464477539 0.22447007497151691 0.07564096450805664
42 0.8194849650065105 0.4452547073364258 0.23637288411458332 0.07121067047119141
42 0.570374870300293 0.5131633758544922 0.2399767557779948 0.0863922119140625
42 0.8148395538330078 0.5199970245361328 0.2355450948079427 0.08061161041259765
44 0.47355562845865884 0.783974552154541 0.1948388417561849 0.06689682006835937
43 0.5779858748118083 0.3357496738433838 0.24657468795776366 0.06259698867797851
