26 0.10445400873819986 0.5795087814331055 0.13336321512858074 0.14427261352539061
4 0.39184319178263344 0.5788803577423096 0.14607728322347005 0.1391054153442383
11 0.24335266749064127 0.5766088485717773 0.1405782699584961 0.13642539978027343
5 0.210468324025472 0.36854684352874756 0.1365847905476888 0.047365427017211914
5 0.20594619115193685 0.4270371437072754 0.13204574584960938 0.0613804817199707
1 0.48532501856486004 0.36854939460754393 0.10684490203857422 0.051734638214111325
5 0.3551430066426595 0.3662384510040283 0.1483896255493164 0.05239381790161133
5 0.35133838653564453 0.42702832221984866 0.13638839721679688 0.06053094863891602
22 0.6814163208007813 0.4153892517089844 0.09077809651692709 0.08357963562011719
1 0.47729612986246744 0.42645840644836425 0.10334688822428385 0.06454534530639648
22 0.5898450215657552 0.41678595542907715 0.0883996327718099 0.0811570167541504
