17 0.2907336870829264 0.8178274154663085 0.029888916015625 0.036691474914550784
16 0.23031078974405925 0.8168835639953613 0.03035907745361328 0.036914825439453125
28 0.7183736801147461 0.8223108291625977 0.041763559977213545 0.029845046997070312
10 0.3511254628499349 0.8180379867553711 0.027018356323242187 0.0380462646484375
16 0.26066686312357584 0.8167771339416504 0.029140313466389973 0.03668193817138672
17 0.3210093180338542 0.8178437232971192 0.029877916971842448 0.036502647399902347
31 0.7614825566609701 0.8210107803344726 0.042341995239257815 0.032318115234375
47 0.7929691314697266 0.7492915153503418 0.03793500264485677 0.04559793472290039
22 0.39678929646809896 0.7539396286010742 0.03910694122314453 0.03558511734008789
24 0.44846286773681643 0.755671215057373 0.018590672810872396 0.031232833862304688
43 0.8560081481933594 0.5420063972473145 0.0968048095703125 0.03306846618652344
13 0.3779020309448242 0.8182237625122071 0.026133282979329427 0.037638282775878905
47 0.8320516586303711 0.7503725051879883 0.0411218007405599 0.045697689056396484
38 0.7606314977010091 0.5435773372650147 0.09324048360188802 0.02902994155883789
0 0.3533785820007324 0.7548960685729981 0.044433848063151045 0.03224401473999024
33 0.5639414310455322 0.5478896141052246 0.09455849329630533 0.01462383270263672
34 0.6649153391520183 0.545489501953125 0.09434178670247396 0.02037649154663086
24 0.428745969136556 0.7554574489593506 0.02004661560058594 0.03164815902709961
55 0.36690810521443684 0.35219826698303225 0.11344572703043619 0.014624786376953126
