21 0.14317137897014617 0.4136130015055339 0.14296966195106506 0.049127197265625
21 0.1010874480009079 0.6034108479817708 0.16268211007118225 0.07149556477864584
21 0.12742278277873992 0.4670456568400065 0.1510113775730133 0.056209373474121097
21 0.11553479433059692 0.5325047175089518 0.15647468566894532 0.06287829081217448
23 0.3121767044067383 0.4264590581258138 0.13576250076293944 0.05703531901041667
23 0.2823309421539307 0.5939964294433594 0.16131362915039063 0.06751912434895833
24 0.6157580375671386 0.523561954498291 0.15340728759765626 0.06533247629801432
23 0.3073290824890137 0.48603661855061847 0.13518228530883789 0.05778706868489583
18 0.7597536087036133 0.6238744099934895 0.09881591796875 0.09650344848632812
18 0.7849486351013184 0.46813999811808266 0.13834609985351562 0.16857369740804037
23 0.2980531692504883 0.5385467529296875 0.14162778854370117 0.043625132242838545
18 0.8752973556518555 0.6217517852783203 0.13080978393554688 0.10330581665039062
27 0.453118896484375 0.4101302146911621 0.14547805786132811 0.0472991943359375
24 0.6102018356323242 0.46000099182128906 0.14606456756591796 0.06004206339518229
24 0.622777795791626 0.5950494130452474 0.15199632644653321 0.07835718790690104
27 0.45448981523513793 0.6004151662190755 0.1563363790512085 0.0779894510904948
27 0.4537533760070801 0.46300420761108396 0.14888591766357423 0.05899257659912109
19 0.9155858039855957 0.47461331685384117 0.13320045471191405 0.18874804178873697
27 0.4553883671760559 0.5265405019124348 0.1526336431503296 0.0626318613688151
24 0.6052926063537598 0.4082043647766113 0.1445484161376953 0.04557889302571615
