43 0.5760617733001709 0.5745320638020833 0.024109458923339842 0.06718724568684896
9 0.1469029188156128 0.843926747639974 0.03052940368652344 0.041013844807942706
47 0.4060677528381348 0.9342029571533204 0.029185962677001954 0.0490966796875
31 0.3487410545349121 0.9492943445841472 0.030867671966552733 0.019577534993489583
48 0.3425485134124756 0.851534652709961 0.03838272094726562 0.06086451212565104
47 0.37738618850708006 0.9356559753417969 0.025324630737304687 0.04454600016276042
9 0.1496675968170166 0.8763392130533855 0.025698018074035645 0.02622502644856771
44 0.6344169616699219 0.5738828023274739 0.04594402313232422 0.056586201985677084
39 0.6825049877166748 0.5810202916463216 0.04877519607543945 0.060535303751627606
13 0.19111552238464355 0.8686559041341145 0.017574834823608398 0.03761749267578125
57 0.7638463973999023 0.8199565887451172 0.0862762451171875 0.07034327189127604
46 0.38054370880126953 0.8517922719319662 0.03510780334472656 0.06539637247721354
60 0.48052425384521485 0.5858069101969401 0.010626411437988282 0.05450795491536458
60 0.4937239646911621 0.5845727284749349 0.014763450622558594 0.05666364034016927
3 0.11782780885696412 0.8444018046061198 0.026834893226623534 0.042620340983072914
13 0.1733680009841919 0.8682373046875 0.018169593811035157 0.037520345052083334
55 0.5272364139556884 0.5704820632934571 0.01562786102294922 0.054200363159179685
3 0.12263240814208984 0.8775591532389323 0.026130199432373047 0.02715886433919271
38 0.6002240180969238 0.5687483469645183 0.023834800720214842 0.06253941853841145
46 0.41510634422302245 0.849194590250651 0.031017303466796875 0.060835011800130206
40 0.8340764999389648 0.5909949620564778 0.044110107421875 0.01806793212890625
29 0.3172635078430176 0.9501063028971354 0.030256175994873048 0.017553202311197915
