29 0.7144209722120813 0.54607041973934 0.03486029604142329 0.036267875758534525
43 0.36860079185984956 0.4344037017346914 0.08091174924856406 0.04820855161482671
3 0.32522000701999365 0.29877553525867245 0.041707784587349105 0.06295421437929971
31 0.6809659821222133 0.5506868768456321 0.03220445864668516 0.03810026143075026
6 0.360050807489413 0.30092651747468846 0.027448850257374417 0.05846914447851765
31 0.6958734387549285 0.5855658066730757 0.031682237286434 0.035214242905471184
30 0.765914180197077 0.5796872274650344 0.03280169050270152 0.031393175927278034
28 0.7796249151972595 0.5417720679801077 0.03298493857695677 0.03364082883080218
10 0.5374328518210914 0.2987446373992001 0.027031253802813474 0.05850492261528102
10 0.4712458815530082 0.30171915056301923 0.025326832803981698 0.05602342837324766
9 0.5676190860546266 0.30046382599035404 0.03458958325727706 0.05839844383802246
30 0.7482966247748735 0.5464693507177684 0.03186757690809969 0.03462097231348975
7 0.4330104697159146 0.29912808775778005 0.03971444483486663 0.0607425614433249
28 0.7972103606131961 0.5753208370347385 0.031615355304468455 0.034444173177083336
47 0.6000033464758567 0.5947033970279239 0.02569532542956581 0.04723126024224429
10 0.5085138101072698 0.30073585391415986 0.01854228082104264 0.05766824027088201
47 0.623372918720186 0.5939124752056562 0.021094681689301013 0.04465460059303609
15 0.8525979585736712 0.30084241191669914 0.03269117123612734 0.05239383305344626
47 0.6509055021767304 0.5948922384069963 0.02956064764955705 0.03894955643983645
29 0.7299176272573501 0.5840771636487538 0.03652859031225662 0.0382569373458593
6 0.3978414684069862 0.3017128600757318 0.031502673187731214 0.05738816305855724
2 0.2875556351611176 0.29923634118132625 0.033493897625219045 0.059702808859439904
9 0.6001399863174771 0.30172265232042605 0.03179518084659755 0.0539691802249643
58 0.7028865873627945 0.44375879717516875 0.04445027859411507 0.02078852351457035
16 0.7576649508372274 0.2967770300178884 0.031649960907077494 0.057016247900846966
58 0.6902761251384224 0.4092706381222417 0.056609204253675036 0.01702880859375
43 0.36970663813415716 0.46855181003780505 0.07475549335420317 0.024185450030016875
25 0.7278704539266331 0.30358205381335995 0.030928044304298092 0.04467291747793354
20 0.6658047352253091 0.3039215658312646 0.02711144563193633 0.04541342033156477
34 0.45075986392772827 0.4543477788273543 0.07103251519604264 0.042532091942903034
2 0.25236672850041375 0.29830826455311366 0.036303796500803155 0.06032716745156737
12 0.6455009436681635 0.3043242045528297 0.025652211031809775 0.04784249912788811
38 0.28346006446909683 0.4444902366566881 0.07529316364419052 0.04325560889635254
5 0.4909000099633713 0.2931884417033765 0.01810015621957749 0.06903542016525506
58 0.6971656585408148 0.424436210719472 0.0537014304663162 0.018356529227917317
25 0.7073894274940372 0.30345304336627077 0.029792571736273366 0.04296710211416147
20 0.6860935056692343 0.30272241198261457 0.02747442417798384 0.04375114718206451
13 0.6239571259400555 0.30336824062581125 0.022526916313765577 0.04763619649694964
16 0.7828450901114681 0.2971223730164525 0.02652395848544587 0.05415675399954569
47 0.6480016975759346 0.5590469186055945 0.03243999540620132 0.029679564795885256
61 0.763558646228826 0.43548007224331514 0.042106842326226634 0.02116100909430166
58 0.6242720939659998 0.4122346460138402 0.05829988758883372 0.015790042104750778
47 0.616076056459611 0.5584196445231373 0.02854349011572722 0.02306507780049325
58 0.6344622317875657 0.4339871352087795 0.04844209189726927 0.018359444718247013
15 0.8231054288204586 0.30056056005808673 0.030785391263872662 0.050776559863382656
55 0.8233099488825812 0.4145055594597774 0.053864618699498636 0.01570130979036864
55 0.8116092622465805 0.39681609125028394 0.057803382754697236 0.016568889994240006
17 0.8026964657031859 0.3003392996941524 0.024166832089052764 0.05073872186932113
61 0.7581718183380792 0.4175489352375795 0.05347316658756815 0.01643135490694769
