6 0.4493356704711914 0.4087823987007141 0.028595733642578124 0.04984452724456787
39 0.5021514574686686 0.6359963417053223 0.0758138656616211 0.04070568084716797
39 0.5010223388671875 0.6958237648010254 0.08177871704101562 0.07482376098632812
17 0.4059912363688151 0.486542272567749 0.03627026875813802 0.04992132186889649
16 0.4004681905110677 0.561162281036377 0.032957204182942706 0.05093669891357422
16 0.4343865394592285 0.5682486534118653 0.03415737152099609 0.05220851898193359
17 0.4565381368001302 0.494476842880249 0.03313287099202474 0.048479461669921876
12 0.42889890670776365 0.3166985034942627 0.027888679504394533 0.04858665466308594
12 0.4006478945414225 0.3157041549682617 0.029573504130045572 0.0481989860534668
39 0.5113582293192546 0.5951835632324218 0.080265744527181 0.03958625793457031
12 0.46043650309244794 0.31845870018005373 0.0356170654296875 0.0491546630859375
49 0.5139601707458497 0.40278958082199096 0.07916927337646484 0.056178879737854
39 0.5161651293436686 0.5493633270263671 0.07811768849690755 0.05214767456054688
5 0.42226371765136717 0.40305739641189575 0.025241978963216147 0.05474469661712646
9 0.3394157409667969 0.0969253957271576 0.07577870686848959 0.07444812059402466
6 0.39903551737467446 0.40329885482788086 0.02069269816080729 0.04849319458007813
