62 0.5088778495788574 0.7063614845275878 0.03494974772135417 0.08800716400146484
62 0.4487799644470215 0.7120155811309814 0.022124735514322917 0.08706188201904297
64 0.29223359425862633 0.7341317176818848 0.028705406188964843 0.09474411010742187
64 0.2636160373687744 0.7354344367980957 0.03228120803833008 0.09420623779296874
64 0.2304193655649821 0.7353496074676513 0.03276402155558268 0.09627189636230468
29 0.6225233713785807 0.44637374877929686 0.12193883260091146 0.07802371978759766
65 0.3478041966756185 0.7280709743499756 0.02946128845214844 0.09468193054199218
31 0.770318603515625 0.44452657699584963 0.14862759908040366 0.07205963134765625
17 0.6690697987874349 0.25434507727622985 0.14849904378255208 0.15842000246047974
10 0.3655057907104492 0.2420058310031891 0.16528536478678385 0.17530697584152222
64 0.3195517857869466 0.7319870948791504 0.027910359700520835 0.0939422607421875
10 0.5219944636027019 0.25170559287071226 0.15543200174967448 0.17333728075027466
47 0.4939660708109538 0.4496877193450928 0.1451748530069987 0.0817936897277832
62 0.5382742563883464 0.7034095764160156 0.027732976277669272 0.08438577651977539
65 0.39878292083740235 0.7214413642883301 0.025927607218424478 0.08786573410034179
65 0.37434469858805336 0.724710750579834 0.027964401245117187 0.0910308837890625
