51 0.27487716674804685 0.40868391990661623 0.08529523213704428 0.08235149383544922
28 0.4474458694458008 0.2938741683959961 0.0682122548421224 0.03779659271240234
12 0.25092191696166993 0.269053316116333 0.044480450948079425 0.04479827880859375
29 0.3719143867492676 0.28430559635162356 0.07001705169677734 0.0417935848236084
57 0.44059921900431315 0.8029942512512207 0.15679270426432293 0.07726078033447266
67 0.5340385437011719 0.4198296070098877 0.12101593017578124 0.09222650527954102
9 0.30579115549723307 0.2757556438446045 0.06246039072672526 0.04518799781799317
12 0.2073801358540853 0.26587328910827634 0.04092114766438802 0.044818687438964847
46 0.1948568344116211 0.4059056282043457 0.07335656483968099 0.07773590087890625
45 0.5811634063720703 0.28254971504211424 0.03435312906901042 0.08040895462036132
40 0.5357986450195312 0.291793966293335 0.03163782755533854 0.0534332275390625
45 0.6104859034220378 0.28453836441040037 0.03382377624511719 0.08207311630249023
40 0.501952838897705 0.2888480663299561 0.03705660502115885 0.05385303497314453
