47 0.7225428104400635 0.6241072760687933 0.04245748519897461 0.09356155395507812
29 0.6697686195373536 0.6338943481445313 0.05371007919311523 0.07445924546983507
9 0.23712046146392823 0.4128630744086372 0.04606127738952637 0.08895636664496528
10 0.3523259162902832 0.4197626749674479 0.029119062423706054 0.08100348578559027
17 0.3946657180786133 0.41838548448350693 0.03476390838623047 0.08562486436631944
23 0.6808026313781739 0.2047968970404731 0.05497894287109375 0.030686272515190974
12 0.4511301040649414 0.20912467108832467 0.028798484802246095 0.08750839233398437
31 0.6160826683044434 0.6318393283420138 0.04976634979248047 0.07399207221137152
23 0.6800566673278808 0.17375479804144967 0.055638694763183595 0.030774095323350695
13 0.48113203048706055 0.20813768174913194 0.029656982421875 0.08660371568467883
28 0.5602887153625489 0.6343365987141927 0.05093050003051758 0.06994713677300347
13 0.5114677906036377 0.20708363850911457 0.02950258255004883 0.08639441596137153
3 0.2817249298095703 0.4029827541775174 0.043215370178222655 0.07120742797851562
24 0.6200742244720459 0.16280432807074652 0.054769706726074216 0.028562503390842015
23 0.6788421154022217 0.14410100513034396 0.05613851547241211 0.030258623758951823
2 0.3205997467041016 0.4197414822048611 0.03350520133972168 0.08297542995876736
27 0.5584562301635743 0.13254445393880207 0.05405864715576172 0.02968995836046007
45 0.8014369964599609 0.6050022972954644 0.02660999298095703 0.1343613518608941
40 0.7554736137390137 0.6234469943576388 0.023021507263183593 0.09616563585069444
23 0.6772178649902344 0.11563362545437283 0.055151844024658205 0.02859908209906684
24 0.6207355499267578 0.1921116511027018 0.05451507568359375 0.0318092770046658
17 0.4381109237670898 0.4184412214491102 0.032720184326171874 0.08179126315646701
45 0.778007984161377 0.6032997131347656 0.022563934326171875 0.13459286159939235
23 0.6754105567932129 0.09359438154432509 0.05262603759765625 0.019413587782118054
27 0.5585728168487549 0.10437254375881619 0.053635692596435545 0.028527344597710502
27 0.5607804298400879 0.17667757670084636 0.05712757110595703 0.028259362114800346
9 0.2576894760131836 0.35051803588867186 0.0411717414855957 0.035697089301215276
27 0.5597064971923829 0.15605078803168404 0.05477275848388672 0.02077530754937066
10 0.35500302314758303 0.36036109924316406 0.02738676071166992 0.0322007073296441
3 0.3001210689544678 0.34196175469292533 0.039125251770019534 0.042198435465494795
