16 0.8868387858072917 0.5782277107238769 0.040122138129340276 0.02984619140625
9 0.2691646575927734 0.5450712680816651 0.05177680121527778 0.028517532348632812
16 0.8439251369900174 0.5784460067749023 0.04469028049045139 0.029761314392089844
28 0.44397943284776475 0.7696654319763183 0.0546279059516059 0.022591590881347656
17 0.796612040201823 0.5425879955291748 0.039235093858506945 0.02762889862060547
9 0.21701427035861545 0.544797706604004 0.051295428805881074 0.028522777557373046
6 0.39951566060384114 0.4458127498626709 0.04070392184787326 0.03758115768432617
9 0.3210304260253906 0.5453767299652099 0.050963677300347225 0.027816104888916015
7 0.42469813028971354 0.545657730102539 0.050549825032552086 0.027393341064453125
9 0.2672602971394857 0.580087947845459 0.04896562364366319 0.024491500854492188
6 0.4954690721299913 0.44759244918823243 0.03801116943359375 0.037878990173339844
15 0.9374774509006076 0.4502368927001953 0.05133463541666667 0.025555229187011717
16 0.9274966769748264 0.5782877445220947 0.04016672770182292 0.02984933853149414
6 0.4483994801839193 0.4470888614654541 0.04016511705186632 0.037740230560302734
15 0.8827629937065973 0.4837902069091797 0.05052897135416667 0.024717330932617188
17 0.7568435668945312 0.5426338195800782 0.03966539171006944 0.027071762084960937
7 0.42316080729166666 0.5797908782958985 0.04900054931640625 0.024077510833740233
17 0.7185199313693577 0.5426341533660889 0.03658159044053819 0.02670564651489258
0 0.6709465874565972 0.3667605876922607 0.06648288302951388 0.017008113861083984
2 0.09930736753675673 0.47879486083984374 0.043323749966091576 0.02843780517578125
17 0.7972846137152778 0.5786158561706543 0.03930426703559028 0.027176380157470703
29 0.12206153869628907 0.7683555126190186 0.0567671881781684 0.024646759033203125
3 0.1503389146592882 0.5492002487182617 0.05700200398763021 0.03485164642333984
6 0.4064022064208984 0.48104133605957033 0.03923611111111111 0.027874565124511717
3 0.15974025726318358 0.5794224739074707 0.05293197631835937 0.026210498809814454
30 0.37778057522243924 0.7454256534576416 0.05292299058702257 0.022470569610595702
6 0.4470621744791667 0.4817911148071289 0.04120491875542535 0.028417587280273438
7 0.3732959747314453 0.5796811580657959 0.04905946519639757 0.02395009994506836
9 0.31861093309190536 0.5798334598541259 0.0508316887749566 0.023477554321289062
7 0.474698978000217 0.5451920986175537 0.049081844753689235 0.02708883285522461
29 0.13612593544854057 0.7435720920562744 0.055136383904351126 0.024214839935302733
3 0.05408916473388672 0.5790374755859375 0.052913792928059894 0.026640987396240233
15 0.9349251641167535 0.48363418579101564 0.05256415473090278 0.025011253356933594
7 0.4734881083170573 0.5791913032531738 0.04803899129231771 0.023680877685546876
22 0.7246805826822916 0.46001343727111815 0.04816436767578125 0.02548847198486328
7 0.37416631910536025 0.545647144317627 0.050893910725911456 0.02743186950683594
9 0.21333499484592014 0.5795388221740723 0.05364659627278646 0.02514362335205078
30 0.3737811618381076 0.7691868782043457 0.05595008002387153 0.023813819885253905
30 0.3159579594930013 0.7690934658050537 0.05431870354546441 0.022982978820800783
15 0.8320514255099827 0.45018963813781737 0.054361979166666664 0.02512664794921875
15 0.8852164374457465 0.4500682830810547 0.05167626274956597 0.02503232955932617
17 0.7574496799045138 0.5785766124725342 0.03919609917534722 0.026835155487060548
29 0.07890425788031684 0.7440177917480468 0.05633369021945529 0.023595619201660156
3 0.08174946043226454 0.5490892887115478 0.05490684509277344 0.034918594360351565
10 0.3065884272257487 0.44249725341796875 0.044650565253363715 0.036725425720214845
6 0.4884283701578776 0.481979513168335 0.04071841769748264 0.028306102752685545
22 0.7754753960503472 0.46024179458618164 0.052821180555555555 0.025980186462402344
12 0.5840369330512153 0.5413974761962891 0.03302858140733507 0.02347431182861328
10 0.25324228074815536 0.4428529739379883 0.03574854532877604 0.036492919921875
30 0.3220194074842665 0.7453904628753663 0.05397347344292535 0.023055839538574218
31 0.18982293870713976 0.7691885948181152 0.05546273125542535 0.020793724060058593
2 0.018286249372694227 0.4404998779296875 0.03603730731540256 0.029665374755859376
10 0.20288768344455296 0.44383039474487307 0.044766998291015624 0.03665637969970703
31 0.25054971906873913 0.7456654071807861 0.056454171074761285 0.024389076232910156
28 0.5024355570475261 0.7696368217468261 0.05605460272894965 0.0222381591796875
28 0.44969473944769967 0.7389668464660645 0.056426154242621526 0.020466995239257813
10 0.35896102057562934 0.4435708999633789 0.03926196628146701 0.03686656951904297
31 0.24803712632921007 0.7692090988159179 0.05770984225802951 0.021695518493652345
10 0.3421298133002387 0.4819364547729492 0.043200514051649305 0.033115196228027347
10 0.18829095628526477 0.4791837692260742 0.043031565348307294 0.028118705749511717
2 0.05454494688245985 0.47852659225463867 0.04431396060519748 0.028261375427246094
10 0.2934040281507704 0.4814168930053711 0.038796022203233506 0.03131046295166016
29 0.06343710157606337 0.7689138889312744 0.05707338121202257 0.024645900726318358
22 0.6739985148111979 0.4612917900085449 0.050757514105902776 0.024688243865966797
2 0.15011690457661947 0.4437104225158691 0.037425560421413845 0.03672714233398437
13 0.6829338073730469 0.542064094543457 0.032521226671006945 0.023749828338623047
0 0.7456768459743923 0.3710481643676758 0.07173512776692709 0.012176227569580079
5 0.5550428602430556 0.48804583549499514 0.07423672146267361 0.022564697265625
2 0.1100507312350803 0.4438788414001465 0.04305326673719618 0.037102127075195314
17 0.7188461303710938 0.578029203414917 0.03765530056423611 0.02679901123046875
13 0.6171785990397135 0.5765026092529297 0.03165418836805556 0.02363929748535156
2 0.06722422705756294 0.44061708450317383 0.042714097764756945 0.030226898193359376
3 0.10800327724880643 0.5794302463531494 0.0500449710422092 0.02572002410888672
13 0.6498700459798177 0.5767641067504883 0.03225970798068577 0.02436370849609375
22 0.6255783081054688 0.4614105701446533 0.04747178819444445 0.02327413558959961
13 0.6172653198242187 0.5417624473571777 0.032141791449652776 0.023160266876220702
13 0.6501692030164931 0.5417047023773194 0.03245391845703125 0.023345184326171876
12 0.5835337320963542 0.576274299621582 0.03243747287326389 0.02276153564453125
13 0.6824769761827257 0.5770386695861817 0.03256598578559028 0.024413299560546876
31 0.19935743543836806 0.7505655288696289 0.04840223524305556 0.0176849365234375
12 0.5505470275878906 0.541618824005127 0.03248053656684028 0.023362159729003906
2 0.01612203386094835 0.4786808967590332 0.0322440677218967 0.028623104095458984
28 0.4992764366997613 0.7493239879608155 0.05231170654296875 0.01830291748046875
15 0.8312125311957466 0.4838259220123291 0.05128529866536458 0.024048233032226564
12 0.5510570102267796 0.5765185832977295 0.032208760579427086 0.02247962951660156
5 0.5575415717230903 0.4600694179534912 0.07926449245876736 0.02110443115234375
12 0.517670906914605 0.5419337272644043 0.03297381930881076 0.024852180480957033
12 0.5180048624674479 0.5772499084472656 0.0330810546875 0.022480869293212892
1 0.8945585462782119 0.39173583984375 0.06438039143880209 0.020780372619628906
1 0.8168721516927083 0.36173238754272463 0.06565110948350694 0.01121053695678711
2 0.13039979934692383 0.47960739135742186 0.019601482815212675 0.027817726135253906
28 0.5032936096191406 0.7335844993591308 0.04928902520073785 0.012571144104003906
0 0.15351751115587023 0.3546534299850464 0.07172313266330295 0.03039107322692871
1 0.818998040093316 0.36939067840576173 0.068939208984375 0.012047100067138671
0 0.7504677666558159 0.38655476570129393 0.07246602376302083 0.0179656982421875
