45 0.537587038675944 0.5493471145629882 0.02590014139811198 0.07390384674072266
45 0.5107069651285807 0.5499506950378418 0.024558639526367186 0.07387924194335938
45 0.5665852228800455 0.549433422088623 0.025823465983072915 0.07475700378417968
23 0.4364423116048177 0.5528622627258301 0.05848681131998698 0.010363388061523437
45 0.4843321164449056 0.5450870513916015 0.02370459238688151 0.07963504791259765
59 0.5366755326588949 0.3811661958694458 0.04379345575968425 0.014338159561157226
59 0.17903936703999837 0.528108024597168 0.03869005839029948 0.008930492401123046
59 0.5270665804545085 0.40258450508117677 0.0429592768351237 0.008340263366699218
21 0.3982060114542643 0.5344429016113281 0.044882710774739584 0.008537197113037109
59 0.1694622039794922 0.502858304977417 0.03529822031656901 0.008304691314697266
23 0.44361985524495445 0.5426366806030274 0.05321807861328125 0.008527183532714843
59 0.5219806035359701 0.41205630302429197 0.04395612080891927 0.009070587158203126
24 0.3770604451497396 0.5513454437255859 0.05472761789957682 0.010941696166992188
59 0.5318902333577474 0.39375829696655273 0.04385019938151042 0.008667469024658203
59 0.571801503499349 0.4112406730651855 0.049973551432291666 0.010261344909667968
59 0.1281698783238729 0.5270448684692383 0.04510140419006348 0.009667778015136718
59 0.17679662704467775 0.4956060409545898 0.04020856221516927 0.00846691131591797
59 0.14043471018473308 0.5187141418457031 0.04994691212972005 0.009101104736328126
