6 0.4477198600769043 0.30830923716227215 0.02490653991699219 0.055066553751627605
6 0.4435750961303711 0.10052382151285807 0.027994537353515626 0.03981501261393229
6 0.47257146835327146 0.1000397867626614 0.028519630432128906 0.03984975285000271
17 0.6107983589172363 0.29826007419162326 0.027790641784667967 0.040777587890625
15 0.6535850207010905 0.9072383032904731 0.034296480814615886 0.039117855495876735
6 0.48112125396728517 0.25195383495754664 0.027570343017578124 0.05485435061984592
15 0.6198952674865723 0.9063787672254774 0.03158359527587891 0.03763275146484375
6 0.48049240112304686 0.30763605965508356 0.02503509521484375 0.05505453745524089
9 0.4929367542266846 0.48276742299397785 0.03350648880004883 0.04995307922363281
3 0.5948809623718262 0.4746133380466037 0.03443927764892578 0.03782607184516059
0 0.5183300018310547 0.875080574883355 0.033087158203125 0.05094629923502604
7 0.4245844841003418 0.4837429682413737 0.03290863037109375 0.05119590759277344
17 0.6148144404093424 0.2400351842244466 0.02730903625488281 0.04095191955566406
16 0.6714054743448893 0.23961171044243706 0.027657318115234374 0.041907882690429686
32 0.6937026659647624 0.9231106652153863 0.03453388214111328 0.052307383219401045
6 0.45215940475463867 0.25124098459879557 0.02837715148925781 0.05716298421223958
17 0.5866148630777995 0.24026968214246963 0.02769012451171875 0.04131329854329427
16 0.6685038248697917 0.2978515625 0.02793540954589844 0.040999348958333334
32 0.7290608406066894 0.9237242380777995 0.034608650207519534 0.04963607788085937
3 0.5959783554077148 0.42074627346462673 0.03433837890625 0.03982840643988715
7 0.4586020469665527 0.48369842105441624 0.03357753753662109 0.04996053907606337
17 0.6142405509948731 0.09356517526838515 0.028140830993652343 0.041528283225165476
10 0.5184524536132813 0.10918645858764649 0.0284698486328125 0.055599212646484375
3 0.5604788780212402 0.47501710255940754 0.03337879180908203 0.037604141235351565
17 0.5827133178710937 0.29952772988213433 0.027862930297851564 0.040948041280110675
10 0.5211162885030111 0.3088263511657715 0.02230415344238281 0.05106678009033203
2 0.4205765724182129 0.3083590189615885 0.027610397338867186 0.054743448893229164
17 0.615418529510498 0.033791077136993405 0.028207969665527344 0.040092635154724124
2 0.38665583928426106 0.10052822430928549 0.026811599731445312 0.04068117141723633
9 0.526403792699178 0.48344940609402126 0.03203636805216471 0.04949531555175781
10 0.5199936389923095 0.25154296027289497 0.027906322479248048 0.059380255805121525
17 0.5866331736246745 0.03477749096022712 0.02779045104980469 0.040034372276730006
16 0.6731309572855632 0.09531398349338108 0.028135108947753906 0.04073816935221354
11 0.44354887008666993 0.737094349331326 0.061763763427734375 0.09766816033257378
1 0.5526357332865397 0.8684580908881293 0.03173961639404297 0.03614086574978299
11 0.3827448844909668 0.7368575625949436 0.06111850738525391 0.10378985934787327
10 0.5572296778361002 0.05283009608586629 0.026987457275390626 0.05413375695546468
5 0.5293768088022868 0.42219403584798176 0.03390194574991862 0.07138493855794271
2 0.3924513498942057 0.30776134067111544 0.02800146738688151 0.05615374247233073
16 0.6740124066670735 0.03331559167967902 0.02650750478108724 0.038714139991336396
6 0.476288890838623 0.04016867478688558 0.027325439453125 0.037028296788533525
2 0.41445639928181965 0.10056234995524088 0.027676773071289063 0.040338325500488284
10 0.5531504631042481 0.25075070063273114 0.027126502990722657 0.05819479624430338
12 0.536570421854655 0.6148204803466797 0.02216784159342448 0.035006205240885414
10 0.5544882456461588 0.10749594370524089 0.0260162353515625 0.05696671803792318
10 0.5533561706542969 0.30707565943400067 0.02462425231933594 0.05193182627360026
25 0.6090023040771484 0.621489503648546 0.022206497192382813 0.04112192789713542
17 0.5852645556131999 0.09383160008324518 0.028713035583496093 0.04116677708095974
20 0.5861181577046712 0.620501963297526 0.022324434916178384 0.040430704752604164
3 0.5627443313598632 0.4206759770711263 0.03123817443847656 0.03970781962076823
2 0.4190528869628906 0.2519460360209147 0.0282012939453125 0.05703449249267578
5 0.4230926513671875 0.4214249928792318 0.028346824645996093 0.06906483968098959
13 0.4898856163024902 0.6144397735595704 0.021649742126464845 0.03425445556640625
5 0.4558598518371582 0.4205763075086806 0.035526275634765625 0.072357177734375
12 0.5597839673360189 0.6156889597574869 0.022345670064290366 0.03541641235351563
2 0.39180994033813477 0.2523758358425564 0.025844573974609375 0.055266613430447045
58 0.7958819389343261 0.6381048838297526 0.06666584014892578 0.026322428385416666
25 0.5811086018880208 0.5623297373453776 0.022379302978515626 0.039555867513020836
0 0.4854248046875 0.8726543426513672 0.031694221496582034 0.047679901123046875
6 0.4484283447265625 0.04044148789511787 0.02847442626953125 0.03743376996782091
5 0.49408214886983237 0.41752730475531685 0.03395833969116211 0.07370410495334201
22 0.4523326873779297 0.8693411933051215 0.03197212219238281 0.04341617160373264
2 0.4185213883717855 0.04098077482647366 0.028708744049072265 0.03685178491804335
1 0.5853537241617839 0.8693455590142144 0.031043624877929686 0.02753728230794271
13 0.5127553939819336 0.6141125996907552 0.022347450256347656 0.034051767985026044
58 0.7172601381937663 0.641278436448839 0.04954039255777995 0.028119786580403646
10 0.521888812383016 0.05189534425735474 0.03058010737101237 0.05607602596282959
16 0.6434205691019694 0.23946893480088977 0.027466392517089842 0.041776953803168405
25 0.6039920488993327 0.5621285756429036 0.02257404327392578 0.038462066650390626
55 0.8757869720458984 0.6691869099934896 0.05533409118652344 0.022925059000651043
16 0.6452057520548503 0.03437624706162347 0.02899513244628906 0.0396341707971361
16 0.6440210024515788 0.0936208380593194 0.02841663360595703 0.04120886590745714
55 0.87552490234375 0.6465330759684245 0.06762008666992188 0.023778788248697915
22 0.4199092706044515 0.8672864702012804 0.03191995620727539 0.04264924791124132
61 0.94630126953125 0.643161392211914 0.0593963623046875 0.02487920125325521
2 0.3899691581726074 0.042485776212480335 0.027493095397949217 0.03537322415245904
16 0.639840857187907 0.2978210767110189 0.02819194793701172 0.0401638666788737
12 0.5340126991271973 0.5612150828043619 0.02196331024169922 0.040458424886067705
12 0.5568761507670085 0.5609711117214626 0.022492027282714842 0.04027430216471354
61 0.9446968714396159 0.6651785532633464 0.04850006103515625 0.021860504150390626
13 0.5111038208007812 0.5599667655097114 0.020902252197265624 0.03515154520670573
29 0.3368521213531494 0.8511128319634331 0.04006528854370117 0.036874643961588544
58 0.7982150395711263 0.660077773200141 0.05071614583333333 0.018359247843424478
