23 0.33822207980685765 0.4202904542287191 0.03484624226888021 0.04726228713989258
23 0.3750348832872179 0.4205326557159424 0.03497441609700521 0.04760732650756836
10 0.5515337414211697 0.6256534894307454 0.046541383531358504 0.05067030588785807
13 0.598052978515625 0.624651304880778 0.041369120279947914 0.04534854888916016
10 0.5048139784071181 0.6261621157328288 0.045986175537109375 0.055377769470214847
16 0.28737767537434894 0.5266629060109457 0.05341555277506511 0.058187071482340494
1 0.4718360053168403 0.3027824401855469 0.08180465698242187 0.05069026947021484
13 0.6373531341552734 0.625611686706543 0.03724873860677083 0.04541168212890625
24 0.2992798487345378 0.4200319608052572 0.03650118509928386 0.0474090576171875
24 0.26155594719780817 0.42087607383728026 0.03891194661458333 0.04413747787475586
16 0.3937179989284939 0.5347979386647542 0.051301659478081595 0.063726011912028
16 0.3413371721903483 0.5337401072184245 0.05280361175537109 0.06545855204264323
22 0.5535520553588867 0.3034123261769613 0.08355700174967448 0.05753246943155924
5 0.7015079922146268 0.2965430498123169 0.06692148844401041 0.07654776573181152
