9 0.46376619338989256 0.48358736038208006 0.049959754943847655 0.06307353973388671
17 0.07805149555206299 0.4472900390625 0.03782198429107666 0.05431499481201172
51 0.3920808553695679 0.60452880859375 0.06717877388000489 0.09085655212402344
9 0.4139235973358154 0.4781192779541016 0.049223804473876955 0.061350440979003905
24 0.5754262924194335 0.3538626432418823 0.028407859802246093 0.0450951099395752
10 0.3249807834625244 0.4731453418731689 0.03587265014648437 0.05467424392700195
47 0.22441182136535645 0.597406005859375 0.04598388671875 0.05803756713867188
3 0.36571688652038575 0.47407331466674807 0.046326637268066406 0.06147975921630859
10 0.28861758708953855 0.4693511962890625 0.036176538467407225 0.05446834564208984
23 0.4999094009399414 0.34770770072937013 0.026482391357421874 0.04785699844360351
17 0.11056661605834961 0.4492340087890625 0.030449438095092773 0.05481281280517578
47 0.27051644325256347 0.6030313968658447 0.04790849685668945 0.060912036895751955
31 0.09146355986595153 0.5819034099578857 0.045400726795196536 0.04734745025634766
23 0.5242983341217041 0.3490657567977905 0.02511911392211914 0.04751310348510742
24 0.5494359016418457 0.35076265335083007 0.026819610595703126 0.04865970611572266
27 0.6049873352050781 0.35391840934753416 0.028540802001953126 0.04852094650268555
17 0.13795676231384277 0.4523919105529785 0.026779580116271972 0.05485687255859375
29 0.13915042877197265 0.5894210815429688 0.05201945304870605 0.04879264831542969
9 0.4272732734680176 0.4329964637756348 0.04398422241210938 0.027681922912597655
13 0.19240480661392212 0.4606747627258301 0.03159620761871338 0.053268146514892575
31 0.19478089809417726 0.5339061737060546 0.05016913414001465 0.02822589874267578
12 0.2515735149383545 0.46591987609863283 0.03577404022216797 0.05453357696533203
13 0.16457154750823974 0.4576857566833496 0.03226456642150879 0.0533416748046875
3 0.37947587966918944 0.43018293380737305 0.04608707427978516 0.02615203857421875
12 0.22025375366210936 0.4633723258972168 0.030659961700439452 0.05314083099365234
46 0.3294655799865723 0.5964871406555176 0.0646510124206543 0.0897745132446289
47 0.29210007190704346 0.562297248840332 0.039941835403442386 0.022587013244628907
47 0.2509427547454834 0.5586647987365723 0.03953475952148437 0.02155752182006836
9 0.4723703861236572 0.4371487617492676 0.04407796859741211 0.028749465942382812
28 0.184700608253479 0.5952350616455078 0.039307594299316406 0.04652423858642578
