10 0.3588364283243815 0.19666844606399536 0.06488100687662761 0.06622183322906494
9 0.366647466023763 0.7975170135498046 0.06769224802652994 0.0793243408203125
6 0.30679200490315756 0.49596219062805175 0.06606025695800781 0.06663169860839843
6 0.3787825584411621 0.4994958877563477 0.06585954030354818 0.07155742645263671
3 0.3675716400146484 0.8787618637084961 0.0651190439860026 0.06843338012695313
10 0.2873061180114746 0.19962605237960815 0.07647902170817057 0.0748096227645874
10 0.3553144454956055 0.13437962532043457 0.06590283711751302 0.05381531715393066
16 0.40901323954264324 0.5699496269226074 0.054102579752604164 0.06656913757324219
2 0.29790805180867513 0.3605449438095093 0.07234408060709635 0.06465401649475097
2 0.3715163548787435 0.36451449394226076 0.06898943583170573 0.07348699569702148
17 0.37678330739339194 0.6143674850463867 0.05836283365885417 0.060578536987304685
15 0.3628230094909668 0.7080144882202148 0.07234528859456381 0.07601966857910156
17 0.314830748240153 0.6108975887298584 0.06060174306233724 0.05189790725708008
7 0.4182190259297689 0.9208814620971679 0.04140389760335286 0.050882720947265626
3 0.41620597839355467 0.8460312843322754 0.0463653564453125 0.051701927185058595
3 0.3133559544881185 0.8489580154418945 0.046898206075032554 0.05203742980957031
10 0.26546716690063477 0.13453950881958007 0.07334874471028646 0.059076452255249025
17 0.2784367322921753 0.5715231895446777 0.05384380022684733 0.0606964111328125
