18 0.8119670867919921 0.33678468068440753 0.11587448120117187 0.1527679443359375
18 0.7099515438079834 0.33038094838460286 0.08593053817749023 0.11800562540690104
23 0.4088944554328918 0.4457209587097168 0.12397706508636475 0.038999112447102864
21 0.19751232862472534 0.4427273432413737 0.2555439233779907 0.058174514770507814
23 0.3796317338943481 0.4030654271443685 0.11391043663024902 0.04065901438395182
21 0.22129395008087158 0.5086461385091146 0.28665738105773925 0.0681982676188151
24 0.7580546379089356 0.4947071075439453 0.08730049133300781 0.05563812255859375
21 0.14483147859573364 0.33653389612833656 0.24428980350494384 0.04424591064453125
27 0.5265063285827637 0.36693572998046875 0.09994964599609375 0.034991455078125
21 0.1685267448425293 0.3855564753214518 0.2481776237487793 0.05061016082763672
23 0.46947059631347654 0.50077330271403 0.17983884811401368 0.05982011159261068
27 0.6008525848388672 0.44660828908284506 0.11379432678222656 0.041652743021647134
27 0.5631361961364746 0.4055319786071777 0.1065023422241211 0.036547152201334636
21 0.12522764205932618 0.2932018597920736 0.22794880867004394 0.04139925638834636
18 0.8763675689697266 0.49507230122884116 0.0672567367553711 0.09696807861328124
27 0.49395008087158204 0.32907307942708336 0.10286884307861328 0.037018203735351564
23 0.3575820684432983 0.35902830759684246 0.11579556465148926 0.043799209594726565
19 0.90135498046875 0.3505241394042969 0.06519927978515624 0.15809097290039062
27 0.6430645942687988 0.49592663447062174 0.11447877883911133 0.04914836883544922
24 0.7142227172851563 0.4442551294962565 0.08939495086669921 0.0359490712483724
24 0.6723355293273926 0.40781211853027344 0.08023910522460938 0.031046549479166668
