10 0.5532073974609375 0.4203610420227051 0.04724820454915365 0.05715465545654297
15 0.5051881790161132 0.1701629042625427 0.06469167073567708 0.06393945217132568
58 0.5536584218343099 0.7327338218688965 0.0838525136311849 0.058905410766601565
6 0.5571758270263671 0.5033324241638184 0.04616419474283854 0.048848628997802734
6 0.5109781265258789 0.5060389518737793 0.04542617797851563 0.05656223297119141
10 0.4551738739013672 0.4161792755126953 0.04705212910970052 0.043544673919677736
2 0.4680544217427572 0.5044808387756348 0.03901265462239583 0.05620155334472656
7 0.5054757754007976 0.2738624095916748 0.06510931650797526 0.0654881477355957
10 0.5035356203715007 0.42079647779464724 0.046926689147949216 0.054100441932678225
39 0.5525767167409261 0.8552778244018555 0.07851330439249675 0.08598251342773437
16 0.5525956471761068 0.5719401836395264 0.043510055541992186 0.049927043914794925
16 0.5077817598978679 0.5717751979827881 0.0426568349202474 0.05434694290161133
12 0.5288600603739421 0.3428168296813965 0.04118162790934245 0.04759426116943359
12 0.5697561899820963 0.3453453540802002 0.03931287129720052 0.05399036407470703
39 0.4585892995198568 0.8610424041748047 0.08001696268717448 0.06442031860351563
55 0.46421953837076824 0.7615214347839355 0.08256619771321615 0.05762615203857422
13 0.4868991533915202 0.34753732681274413 0.03924783070882162 0.057027435302734374
7 0.4568700154622396 0.2508366584777832 0.03257821400960286 0.050937461853027347
58 0.5584796269734701 0.677203893661499 0.08255335489908854 0.049697589874267575
13 0.4457646687825521 0.34749746322631836 0.04011116027832031 0.06162834167480469
55 0.4648303031921387 0.7092235088348389 0.08719838460286458 0.052738285064697264
7 0.5555050532023112 0.16120405197143556 0.033911514282226565 0.06584553718566895
7 0.5537611643473307 0.2568967342376709 0.03174311319986979 0.05824756622314453
55 0.46331774393717445 0.6586507797241211 0.08302440643310546 0.047989273071289064
17 0.4584674835205078 0.5739197731018066 0.04474232991536458 0.05095691680908203
58 0.5586018880208333 0.6268191337585449 0.08202006022135416 0.043490028381347655
