51 0.6012336730957031 0.5998542467753093 0.04935124715169271 0.06553936004638672
12 0.656442387898763 0.2364738384882609 0.028204600016276043 0.044783830642700195
10 0.4650340186225043 0.2240411678949992 0.034055074055989586 0.0548490047454834
6 0.369897715250651 0.21825065612792968 0.047266642252604164 0.06030197143554687
47 0.14578529993693035 0.636914857228597 0.0658767064412435 0.08018131256103515
17 0.5143374125162761 0.22642478942871094 0.02945988972981771 0.05138206481933594
12 0.6282477696736654 0.23581382433573406 0.033758926391601565 0.045013809204101564
38 0.6978691736857097 0.5674822171529134 0.026017125447591147 0.053758430480957034
0 0.12128070195515951 0.20276718139648436 0.08341471354166667 0.07049102783203125
17 0.5541624704996745 0.2297926108042399 0.02545140584309896 0.05037975311279297
21 0.6502383550008138 0.34287959734598794 0.019737879435221355 0.04238341649373372
43 0.6745264689127605 0.572678788503011 0.02529144287109375 0.05141226450602213
16 0.5965188344319662 0.23279428482055664 0.02712224324544271 0.04737730026245117
39 0.6446765263875326 0.5793918609619141 0.03946622212727865 0.0535125732421875
38 0.7218926747639974 0.5621056874593099 0.023239898681640624 0.05712292989095052
61 0.7268421173095703 0.31569727261861164 0.05123214721679688 0.017501417795817056
23 0.6175034628974067 0.3439152717590332 0.020768356323242188 0.04271755218505859
22 0.2054914739396837 0.20734810829162598 0.07557715309990777 0.06819829940795899
