10 0.5589149475097657 0.19866008758544923 0.021386464436848957 0.020902681350708007
47 0.5682979583740234 0.23469316959381104 0.027111053466796875 0.022185230255126955
17 0.5807092030843098 0.20006282329559327 0.02135747273763021 0.02085404396057129
10 0.5372226715087891 0.19748281240463256 0.022426605224609375 0.020662617683410645
54 0.38979015350341795 0.4330879211425781 0.05096702575683594 0.03554668426513672
54 0.4405050277709961 0.43343963623046877 0.04696439107259114 0.03484020233154297
40 0.5475925445556641 0.27154388427734377 0.038495381673177086 0.009356403350830078
15 0.6264801025390625 0.20241539478302 0.026573689778645833 0.02005629539489746
31 0.6278940836588541 0.23877453804016113 0.03304417928059896 0.01804695129394531
57 0.09036375880241394 0.48097476959228513 0.0893747607866923 0.04290008544921875
47 0.5413838704427083 0.23242878913879395 0.025342686971028646 0.021440982818603516
39 0.5477074940999349 0.3013895511627197 0.04358317057291667 0.02595977783203125
17 0.6022889455159505 0.20144571661949157 0.022024790445963543 0.020619022846221923
