32 0.9641365051269531 0.525338888168335 0.05326639811197917 0.04146862030029297
32 0.9101880391438802 0.5249547481536865 0.05072352091471354 0.040290546417236325
43 0.49731661478678385 0.741420316696167 0.07829208374023437 0.035637187957763675
40 0.3680676142374674 0.6254150390625 0.018108495076497397 0.046475982666015624
32 0.903178850809733 0.4380983829498291 0.04792950948079427 0.03576974868774414
32 0.9092653274536133 0.48052978515625 0.05657183329264323 0.042776870727539065
32 0.9565430323282877 0.4377000331878662 0.05220082600911458 0.03808307647705078
37 0.792773946126302 0.6489770889282227 0.11967569986979167 0.056313705444335935
39 0.5863133748372396 0.6294990539550781 0.06921590169270833 0.05116977691650391
45 0.42731266021728515 0.6242105960845947 0.019277572631835938 0.056959915161132815
38 0.41144851048787434 0.7374027252197266 0.07463404337565104 0.02758502960205078
58 0.7324658711751302 0.48652067184448244 0.09390004475911458 0.01581411361694336
40 0.3873816172281901 0.6260144233703613 0.018523661295572917 0.04742164611816406
34 0.5863444646199544 0.7434968948364258 0.08363507588704427 0.034728050231933594
40 0.4064226786295573 0.627186393737793 0.01824366251627604 0.04875659942626953
45 0.44804522196451824 0.6235636711120606 0.020464579264322918 0.060201168060302734
40 0.36947110493977864 0.5796203136444091 0.018953450520833335 0.04507856369018555
58 0.7327074686686198 0.5018289089202881 0.09281667073567708 0.016619205474853516
32 0.9658425649007162 0.4817531585693359 0.05566253662109375 0.044235610961914064
40 0.38934090932210286 0.5801342010498047 0.018713760375976562 0.04420280456542969
34 0.5930566151936849 0.7136306762695312 0.08074722290039063 0.02352619171142578
59 0.3667579650878906 0.48287129402160645 0.03424282073974609 0.010147190093994141
44 0.5135865211486816 0.6063135147094727 0.06547362009684245 0.03253183364868164
55 0.6263704935709635 0.494008207321167 0.09787394205729166 0.01881694793701172
61 0.8323844909667969 0.5137285232543946 0.07666397094726562 0.013812446594238281
60 0.5445135116577149 0.4908686637878418 0.05651028951009115 0.010974502563476563
43 0.5082497278849284 0.7137402534484864 0.0784844716389974 0.020043563842773438
42 0.6791175842285156 0.6419329166412353 0.10153986612955729 0.05257196426391601
59 0.4062011400858561 0.48221850395202637 0.03540306091308594 0.0091644287109375
55 0.6352747599283854 0.47295894622802737 0.09743092854817709 0.017651844024658202
58 0.735583750406901 0.47111034393310547 0.08756383260091145 0.016132831573486328
45 0.4686731974283854 0.6237399578094482 0.019084040323893228 0.06001596450805664
61 0.8335308074951172 0.5017334938049316 0.082598876953125 0.009873008728027344
32 0.9954045613606771 0.5259285926818847 0.0091827392578125 0.04385643005371094
33 0.683236567179362 0.7458002090454101 0.0923444112141927 0.018971633911132813
61 0.8332038879394531 0.49224052429199217 0.0866717020670573 0.011306190490722656
59 0.4465380350748698 0.48543405532836914 0.038071695963541666 0.010887718200683594
