43 0.495486577351888 0.5898490905761719 0.046482086181640625 0.047301864624023436
38 0.5459878285725911 0.5886272430419922 0.052139536539713545 0.0446624755859375
43 0.44818458557128904 0.5891409397125245 0.04449170430501302 0.049872398376464844
44 0.2820526440938314 0.5896012306213378 0.09403533935546875 0.05582008361816406
33 0.7224193572998047 0.5915971755981445 0.03652763366699219 0.04411525726318359
39 0.3777494430541992 0.5871320724487304 0.09245052337646484 0.052008533477783205
55 0.7433479309082032 0.5294631004333497 0.13583386739095052 0.025180816650390625
61 0.4842318852742513 0.4692214012145996 0.09495487213134765 0.01725635528564453
61 0.487239138285319 0.4870617389678955 0.0938232421875 0.017673301696777343
55 0.5981384913126627 0.4577329635620117 0.13094011942545572 0.018600654602050782
59 0.3286816914876302 0.496533203125 0.06573123931884765 0.01772308349609375
35 0.6464073181152343 0.590876579284668 0.03847071329752604 0.04447517395019531
59 0.27122157414754233 0.47264575958251953 0.05853004455566406 0.016326522827148436
59 0.34241822560628254 0.4579929351806641 0.06256027221679687 0.01741313934326172
55 0.6024140040079753 0.5227689266204834 0.14007301330566407 0.023205089569091796
55 0.5971710840861003 0.4743760108947754 0.1272656758626302 0.018649482727050783
59 0.34639867146809894 0.44176783561706545 0.06321703592936198 0.01455860137939453
61 0.48699925740559896 0.5060070991516114 0.09422276814778646 0.01976747512817383
34 0.5999318440755208 0.5903026580810546 0.05197779337565104 0.04579105377197266
55 0.7304875055948893 0.48102331161499023 0.12444368998209636 0.019418716430664062
59 0.3361662228902181 0.47455592155456544 0.05938523610432943 0.01564960479736328
55 0.7271605809529622 0.46388492584228513 0.12592442830403647 0.017500686645507812
59 0.39422839482625327 0.5175330162048339 0.06983521779378256 0.018067550659179688
59 0.4091053009033203 0.45754232406616213 0.0624322255452474 0.018201828002929688
55 0.7416797002156575 0.5091771602630615 0.1332263946533203 0.018841934204101563
35 0.6859776178995768 0.5911656379699707 0.03892784118652344 0.04424886703491211
59 0.27252973715464274 0.4559061050415039 0.061053959528605144 0.015255546569824219
55 0.605245844523112 0.5030611991882324 0.13274510701497397 0.017930030822753906
33 0.762541389465332 0.592070198059082 0.041810226440429685 0.043314552307128905
59 0.32172374725341796 0.517572021484375 0.06342124938964844 0.02120342254638672
59 0.4011466344197591 0.4978178977966309 0.0672882080078125 0.019229888916015625
59 0.27050949732462565 0.44050254821777346 0.061542447408040366 0.01508026123046875
55 0.6029799143473308 0.48907155990600587 0.12694651285807293 0.013366889953613282
59 0.4035622278849284 0.47280125617980956 0.05864849090576172 0.01869802474975586
61 0.4791947682698568 0.522030258178711 0.09956792195638021 0.012782764434814454
55 0.7364986419677735 0.4950718402862549 0.12497380574544271 0.012547111511230469
