47 0.14630345900853475 0.3078711986541748 0.06855901877085367 0.06164255142211914
47 0.30340181986490883 0.30788593292236327 0.06440594991048178 0.061887073516845706
45 0.3442117691040039 0.522062873840332 0.03186391194661458 0.06298828125
40 0.4369007110595703 0.28551607131958007 0.028556060791015626 0.03873462677001953
40 0.40678679148356117 0.28628926277160643 0.028174845377604167 0.03917551040649414
45 0.19132518768310547 0.5270024299621582 0.0343386967976888 0.06309490203857422
40 0.46601823170979817 0.28444790840148926 0.026740137736002603 0.0391542911529541
47 0.23780266443888345 0.3076294422149658 0.06259886423746745 0.061603450775146486
43 0.5939614613850911 0.42923798561096194 0.11953277587890625 0.04281063079833984
45 0.26503820419311525 0.5246759414672851 0.03637536366780599 0.06412277221679688
43 0.46715373992919923 0.4295353889465332 0.12617963155110676 0.044775199890136716
45 0.41217950185139973 0.5213825225830078 0.031240145365397137 0.06239166259765625
40 0.3771773020426432 0.2865562438964844 0.028984832763671874 0.03857698440551758
45 0.30942179361979166 0.5226799964904785 0.0310513178507487 0.06441259384155273
45 0.37880630493164064 0.5212774276733398 0.029213714599609374 0.06280174255371093
47 0.5340862274169922 0.3110795974731445 0.03851038614908854 0.05225534439086914
47 0.6715356190999349 0.30721435546875 0.045545705159505206 0.053226566314697264
45 0.22708164850870768 0.5253966808319092 0.03351605733235677 0.06285285949707031
47 0.6004646301269532 0.30943124294281005 0.04139785766601563 0.05490331649780274
58 0.4934869130452474 0.5184255599975586 0.11630172729492187 0.021592140197753906
45 0.1534130096435547 0.5285714149475098 0.036901092529296874 0.06583786010742188
58 0.49446061452229817 0.5007225513458252 0.11626993815104167 0.016838455200195314
43 0.5907110850016276 0.3972832679748535 0.11494191487630208 0.02231454849243164
37 0.2056838353474935 0.4343258857727051 0.13087997436523438 0.04391746520996094
40 0.349131711324056 0.2831894874572754 0.025209808349609376 0.03305811882019043
38 0.3351482391357422 0.3999797821044922 0.131234614054362 0.020993614196777345
58 0.496263313293457 0.5381697654724121 0.09061457316080729 0.018084716796875
65 0.19294875462849934 0.307352352142334 0.028115145365397134 0.06197576522827149
65 0.5033895810445149 0.30980539321899414 0.024408658345540363 0.05213799476623535
38 0.3347417195638021 0.4322040557861328 0.1263654073079427 0.04407072067260742
65 0.6364265441894531 0.30829634666442873 0.031493123372395834 0.053844642639160153
