4 0.5489831447601319 0.8551731109619141 0.07233883539835612 0.11117820739746094
16 0.6061551411946614 0.41086511611938475 0.0419158935546875 0.03646106719970703
17 0.6906585693359375 0.4105780601501465 0.041747792561848955 0.035094833374023436
17 0.7287647247314453 0.46116023063659667 0.04311065673828125 0.03437461853027344
17 0.7321552276611328 0.4106133937835693 0.04017906188964844 0.03461875915527344
16 0.6021086374918619 0.46014041900634767 0.04125544230143229 0.032432842254638675
9 0.5849205017089844 0.6759048461914062 0.047421773274739586 0.02895183563232422
2 0.7231720606486003 0.5860810279846191 0.04273427327473958 0.03612699508666992
16 0.6400510152180989 0.5065483093261719 0.040336354573567705 0.03279685974121094
7 0.39055201212565105 0.6329127311706543 0.05043017069498698 0.03213768005371094
10 0.6806317647298177 0.5856460571289063 0.04038022359212239 0.03615303039550781
9 0.5411471684773763 0.5899581909179688 0.048302841186523435 0.03871898651123047
11 0.7268828709920248 0.8582210540771484 0.091644287109375 0.10552177429199219
4 0.47147769927978517 0.8551908493041992 0.09626630147298178 0.10884876251220703
9 0.5915304819742838 0.5906418800354004 0.05123825073242187 0.03884696960449219
7 0.44210567474365237 0.5870128631591797 0.04951883951822917 0.03968353271484375
17 0.6861637751261394 0.46024580001831056 0.04136199951171875 0.03548250198364258
7 0.39062945048014325 0.6736926078796387 0.04778861999511719 0.029711532592773437
11 0.6332463582356771 0.8587573051452637 0.09818649291992188 0.10591335296630859
9 0.49195562998453773 0.5889820098876953 0.049745941162109376 0.0390324592590332
7 0.3916807174682617 0.58658447265625 0.050515302022298175 0.03876781463623047
10 0.6736526489257812 0.6314960479736328 0.04013900756835938 0.034374046325683597
10 0.6326150894165039 0.6314118862152099 0.04047838846842448 0.03526430130004883
7 0.43922545115152994 0.6743232250213623 0.04770825703938802 0.029029464721679686
2 0.765187136332194 0.5865443229675293 0.04063084920247396 0.03589630126953125
9 0.5376807530721028 0.6350558280944825 0.04885597229003906 0.030097007751464844
7 0.43989384969075523 0.6334099292755127 0.047453053792317706 0.03149089813232422
2 0.7565582275390625 0.6340534210205078 0.04160499572753906 0.03536663055419922
16 0.6478851318359375 0.4108816981315613 0.04155807495117188 0.036210274696350096
10 0.639660898844401 0.5851794242858886 0.04056193033854167 0.036466026306152345
9 0.48785184224446615 0.6747049331665039 0.046883710225423175 0.029935646057128906
9 0.5363677342732748 0.6759250164031982 0.04823722839355469 0.029384803771972657
9 0.5870147705078125 0.6359280586242676 0.049180094401041666 0.029755687713623045
9 0.48913472493489585 0.63450026512146 0.047402445475260416 0.030617237091064453
10 0.6690362930297852 0.6757213592529296 0.03924013773600261 0.03123502731323242
10 0.6293710072835287 0.6754886150360108 0.040505599975585935 0.03151416778564453
19 0.4554117202758789 0.46347904205322266 0.046249008178710936 0.03822879791259766
16 0.6440471649169922 0.4605698585510254 0.0406707763671875 0.034717750549316403
2 0.715649668375651 0.6327701568603515 0.040599822998046875 0.03587827682495117
17 0.7245655059814453 0.5093941688537598 0.04158503214518229 0.0352569580078125
2 0.7502245585123698 0.6770851135253906 0.038252766927083334 0.02940673828125
17 0.6826150258382161 0.5094340324401856 0.04199981689453125 0.035545635223388675
19 0.4061178207397461 0.4619901657104492 0.050391133626302084 0.03739242553710938
16 0.5993287404378255 0.506093692779541 0.03981208801269531 0.03261833190917969
18 0.5590298970540365 0.411515474319458 0.05090815226236979 0.030708789825439453
18 0.5532957712809244 0.50387601852417 0.04763081868489583 0.025903892517089844
3 0.7104988733927409 0.6766200065612793 0.04042867024739583 0.02889118194580078
19 0.4532960891723633 0.4087004780769348 0.05035832722981771 0.023916792869567872
18 0.5559585571289063 0.458004093170166 0.0489129384358724 0.02602043151855469
