15 0.5767472585042318 0.4307137966156006 0.04968668619791667 0.032007884979248044
9 0.33346055348714193 0.38449602127075194 0.049553298950195314 0.03583173751831055
17 0.7067859649658204 0.37900242805480955 0.043149566650390624 0.039347267150878905
15 0.4751453717549642 0.3921400547027588 0.04904162089029948 0.04636030197143555
9 0.3811106999715169 0.42965145111083985 0.045515950520833334 0.030578041076660158
9 0.42416836420694987 0.38473968505859374 0.04756997426350911 0.03451099395751953
10 0.7675312042236329 0.20021650791168213 0.047523244222005205 0.057421207427978516
9 0.37965119679768883 0.38427038192749025 0.04194971720377604 0.03550271987915039
15 0.5244153340657552 0.39225971698760986 0.04910977681477865 0.04712691307067871
15 0.526791000366211 0.43071908950805665 0.048469289143880205 0.03135833740234375
15 0.47688833872477215 0.4301558494567871 0.048816553751627606 0.03027029037475586
32 0.08685000737508138 0.2847046136856079 0.043146769205729164 0.04295868873596191
16 0.7976613362630208 0.37862362861633303 0.04376220703125 0.04220314025878906
17 0.706924565633138 0.42952332496643064 0.041605377197265626 0.03454294204711914
16 0.7539634704589844 0.3779806137084961 0.043245188395182294 0.041321754455566406
10 0.7105427424112956 0.2004089832305908 0.04799308776855469 0.05757384300231934
9 0.3481900215148926 0.33984878063201907 0.043012746175130206 0.028769779205322265
17 0.6639774322509766 0.3792593002319336 0.041045125325520834 0.03883862495422363
17 0.6644757588704427 0.42950286865234377 0.04195709228515625 0.03530464172363281
10 0.7612943013509115 0.2627267837524414 0.04723917643229167 0.05643901824951172
28 0.41685193379720054 0.5333600997924804 0.05088055928548177 0.02413597106933594
9 0.3352567036946615 0.42891750335693357 0.04631398518880208 0.029700660705566408
6 0.8139829635620117 0.1954319953918457 0.04432868957519531 0.04237399101257324
7 0.28380488554636635 0.23203568458557128 0.051206477483113605 0.048023033142089847
28 0.5677708943684896 0.5659961700439453 0.054245249430338545 0.027057456970214843
9 0.42784919738769533 0.4297133445739746 0.04684988657633463 0.030071067810058593
15 0.5747976303100586 0.3908722400665283 0.05021336873372396 0.04728908538818359
28 0.5218619664510091 0.5374898910522461 0.04908053080240885 0.025034141540527344
17 0.6227177937825521 0.4293199062347412 0.04061330159505208 0.034368133544921874
7 0.34910106658935547 0.2176220953464508 0.0496069590250651 0.048608481884002686
20 0.3692029317220052 0.016515597701072693 0.036861546834309894 0.03297058343887329
30 0.7541077931722006 0.5719264030456543 0.0565155029296875 0.02909879684448242
31 0.29538466135660807 0.5544557571411133 0.05078684488932292 0.024832534790039062
10 0.65289306640625 0.20170989632606506 0.043044789632161455 0.05584486722946167
7 0.4156886418660482 0.21966264247894288 0.047305933634440106 0.050501108169555664
2 0.5968392690022787 0.20543782711029052 0.04510625203450521 0.0412022590637207
17 0.6219258626302083 0.3793126106262207 0.04194234212239583 0.0381718635559082
28 0.4690030733744303 0.5334275722503662 0.046909268697102866 0.024876785278320313
20 0.3325405438741048 0.018290609121322632 0.03666617075602214 0.03648445010185242
32 0.04391313393910726 0.2860147953033447 0.04231758117675781 0.04102191925048828
28 0.5747900644938151 0.5403316497802735 0.05222269694010417 0.02438507080078125
2 0.5498208999633789 0.20808258056640624 0.045584487915039065 0.04023737907409668
28 0.5330804189046224 0.5127778053283691 0.04545516967773437 0.023307991027832032
25 0.2630245367685954 0.02562737464904785 0.03481969833374023 0.036203914880752565
3 0.286631973584493 0.42805824279785154 0.04783666928609212 0.029318618774414062
28 0.581396484375 0.5166732788085937 0.045412572224934895 0.02264232635498047
16 0.7518750508626302 0.42934188842773435 0.04362347920735677 0.03610429763793945
30 0.7567972819010417 0.5191212654113769 0.054380544026692706 0.02524261474609375
7 0.3485459327697754 0.2768524169921875 0.047822125752766925 0.05003166198730469
3 0.23938455581665039 0.42865557670593263 0.04563013712565104 0.02826414108276367
9 0.3921047210693359 0.33958945274353025 0.042487144470214844 0.03068094253540039
3 0.23766345977783204 0.39127933979034424 0.04637292226155599 0.04403586387634277
28 0.4530804951985677 0.5593642234802246 0.05123430887858073 0.0256591796875
28 0.47949307759602866 0.50928635597229 0.04700520833333333 0.02328071594238281
12 0.11651190916697184 0.22225985527038575 0.03145693143208821 0.031225824356079103
28 0.5125914255777995 0.5633228302001954 0.053007253011067706 0.026409626007080078
31 0.3799336751302083 0.5079400539398193 0.04343210856119792 0.021697425842285158
25 0.2971401850382487 0.023227816820144652 0.03416722615559896 0.03732722401618958
3 0.2845027287801107 0.39131019115447996 0.04672056833902995 0.04473404884338379
12 0.14767279624938964 0.22150721549987792 0.030786164601643882 0.03153095245361328
30 0.7547131856282552 0.5439397811889648 0.055086644490559895 0.026247215270996094
32 0.08349287509918213 0.23889923095703125 0.04122368494669596 0.044025087356567384
7 0.4103513717651367 0.2761870861053467 0.051325480143229164 0.050438880920410156
28 0.43028551737467446 0.5091188907623291 0.04605598449707031 0.023159122467041014
31 0.36326815287272135 0.5295141220092774 0.047527122497558597 0.023000335693359374
2 0.5040842056274414 0.20977769494056703 0.04425455729166667 0.03980444669723511
25 0.29878164927164713 0.08181502223014832 0.03195393880208333 0.03693996667861939
2 0.460694694519043 0.2112305700778961 0.04292856852213542 0.039093387126922605
13 0.12433804670969645 0.2716475248336792 0.03172192573547363 0.02719769477844238
31 0.3152701059977214 0.5304582595825196 0.047408803304036455 0.023571586608886717
31 0.34617093404134114 0.5526719093322754 0.04913050333658854 0.023066329956054687
16 0.8347798665364583 0.37706143856048585 0.028969573974609374 0.03886289596557617
32 0.03888972600301107 0.24029183387756348 0.04699854056040446 0.04250173568725586
13 0.17889572779337565 0.22036170959472656 0.030585861206054686 0.03191108703613281
29 0.6439081827799479 0.5674653053283691 0.052496083577473956 0.03497018814086914
31 0.33437836964925133 0.5085665702819824 0.04591534932454427 0.021622848510742188
29 0.7009440739949544 0.5553434371948243 0.03548698425292969 0.026062393188476564
28 0.40132980346679686 0.5572542190551758 0.05021031697591146 0.021415138244628908
13 0.18608767191569012 0.26992225646972656 0.03017578125 0.028336524963378906
13 0.21778351465861004 0.2698187828063965 0.03250284194946289 0.02913045883178711
13 0.21160155932108562 0.21952037811279296 0.03302774429321289 0.03226032257080078
16 0.7905593872070312 0.42587919235229493 0.032858784993489584 0.029924583435058594
25 0.26694997151692706 0.08443723917007447 0.03118432362874349 0.0347747802734375
13 0.15520025889078776 0.27093698978424074 0.02987848917643229 0.027746248245239257
2 0.5567877451578777 0.2631847858428955 0.042740885416666666 0.03925876617431641
6 0.8072048187255859 0.25403263568878176 0.04307683308919271 0.04041271209716797
30 0.7991469065348308 0.5646325588226319 0.04248606363932292 0.02493877410888672
32 0.011875587701797485 0.2865872383117676 0.02375117540359497 0.043223094940185544
7 0.263665771484375 0.27902898788452146 0.027700424194335938 0.04496011734008789
2 0.6000570933024089 0.26160266399383547 0.041999435424804686 0.03866519927978516
9 0.43424418767293294 0.3401015758514404 0.04053223927815755 0.0297943115234375
2 0.457198429107666 0.2657319068908691 0.040789349873860674 0.0383575439453125
32 0.008559811115264892 0.2415074348449707 0.01700304349263509 0.04279947280883789
29 0.7031503041585286 0.5303446769714355 0.03388086954752604 0.02404947280883789
54 0.6449269612630208 0.5437849521636963 0.07066866556803385 0.05264120101928711
2 0.4992404301961263 0.26465353965759275 0.04182484944661458 0.038021278381347653
