15 0.4462500254313151 0.5731954574584961 0.05220235188802083 0.051468849182128906
15 0.39339224497477215 0.5728164672851562 0.05216433207194011 0.052071762084960935
17 0.5764954249064128 0.5674252986907959 0.0408166249593099 0.04113693237304687
9 0.17179470062255858 0.5599189758300781 0.059020582834879556 0.043288040161132815
15 0.3922277450561523 0.614628267288208 0.052783203125 0.03392839431762695
9 0.22819345792134602 0.5603730201721191 0.05322128931681315 0.0435028076171875
15 0.4449321746826172 0.615288257598877 0.051607004801432294 0.032878875732421875
28 0.22897930145263673 0.7481344223022461 0.06161276499430338 0.032091712951660155
15 0.33888874053955076 0.5719557762145996 0.05375048319498698 0.05292654037475586
9 0.282973575592041 0.5623132705688476 0.054975700378417966 0.04306497573852539
9 0.16959670384724934 0.6106345176696777 0.05822671254475911 0.035528945922851565
7 0.28586839834849037 0.45653362274169923 0.056231419245402016 0.05142536163330078
7 0.2981726328531901 0.3988672733306885 0.05353864034016927 0.05657415390014649
17 0.5741123199462891 0.6172386646270752 0.039965311686197914 0.034173774719238284
20 0.2743432680765788 0.1948060393333435 0.042518933614095054 0.03867766857147217
9 0.2820407549540202 0.6123727798461914 0.05466607411702474 0.03350696563720703
17 0.4923844337463379 0.615359878540039 0.04094282786051432 0.033957481384277344
7 0.2225123882293701 0.39142599105834963 0.06028769810994466 0.054925537109375
9 0.2260438919067383 0.6120587348937988 0.055053456624348955 0.03435592651367188
16 0.6583370208740235 0.5692462921142578 0.03856964111328125 0.0425079345703125
28 0.2989115079243978 0.7136161804199219 0.05724964141845703 0.0339874267578125
28 0.41876856486002606 0.7519938945770264 0.05757573445638021 0.03496055603027344
28 0.41813761393229165 0.7185737609863281 0.055618031819661455 0.03291244506835937
3 0.10834757486979167 0.6093717098236084 0.06066357294718425 0.034594154357910155
17 0.5335827986399333 0.6167831420898438 0.04057798385620117 0.03497457504272461
31 0.09392627080281575 0.7500505447387695 0.06383781433105469 0.03660135269165039
16 0.6992988586425781 0.5715937137603759 0.042012532552083336 0.04143447875976562
10 0.5442426045735677 0.405216646194458 0.040672047932942705 0.0546722412109375
28 0.3587150573730469 0.7510737419128418 0.05836048126220703 0.03451528549194336
17 0.49421879450480144 0.5645741939544677 0.041207440694173175 0.04060182571411133
16 0.6536966959635416 0.6184860229492187 0.03932825724283854 0.03567218780517578
10 0.6377155303955078 0.46834592819213866 0.04337984720865885 0.05177516937255859
28 0.2910626808802287 0.7502858161926269 0.06113279660542806 0.03540058135986328
17 0.5355096817016601 0.5657926559448242 0.03989105224609375 0.041622161865234375
31 0.17156310081481935 0.7108125209808349 0.06058645248413086 0.0322758674621582
3 0.11081562042236329 0.5651302337646484 0.05981009801228841 0.05464019775390625
3 0.050871590773264565 0.5639017581939697 0.06095217863718669 0.05544919967651367
28 0.3610655466715495 0.7166571140289306 0.05423062642415365 0.033452510833740234
15 0.3376729965209961 0.6143088340759277 0.0537726084391276 0.03322305679321289
7 0.13974822759628297 0.39945125579833984 0.06377085844675699 0.054813385009765625
28 0.23768145243326824 0.7142834186553955 0.05971234639485677 0.03407297134399414
30 0.605749003092448 0.7499114036560058 0.050928751627604164 0.03188667297363281
6 0.6883382161458333 0.41216249465942384 0.041105397542317706 0.041403007507324216
7 0.21377709706624348 0.45349907875061035 0.05375248591105143 0.05203666687011719
31 0.15876408020655314 0.7443443298339844 0.06123929818471273 0.03376617431640625
3 0.04739287594954173 0.608835506439209 0.060335097710291545 0.035440826416015626
30 0.5910880406697591 0.6895179271697998 0.05003687540690104 0.024080467224121094
2 0.4869531631469727 0.40334038734436034 0.04679520924886068 0.041703987121582034
10 0.5957294464111328 0.40866951942443847 0.043571726481119795 0.05357084274291992
20 0.2287320613861084 0.25007047653198244 0.04211734135945638 0.03161153793334961
16 0.6186555226643881 0.5682863235473633 0.0401123046875 0.04178352355957031
20 0.27215003172556557 0.2474771499633789 0.04270402590433756 0.02082028388977051
6 0.6814704895019531 0.4639436721801758 0.0421295166015625 0.03644495010375977
13 0.014932102958361308 0.43276386260986327 0.029845601320266722 0.03482351303100586
7 0.12470768292744955 0.45082759857177734 0.06297499338785807 0.051378631591796876
16 0.6143798828125 0.6181206703186035 0.039133453369140626 0.0347142219543457
25 0.1443345030148824 0.24817948341369628 0.03908679485321045 0.036399126052856445
20 0.23134969075520834 0.19283957481384278 0.04335460662841797 0.03933534622192383
2 0.44043633143107097 0.4014327049255371 0.04459463755289714 0.04081029891967773
2 0.48869578043619794 0.45582056045532227 0.044039281209309895 0.038167285919189456
25 0.18509000142415363 0.2497865676879883 0.04205004374186198 0.03618125915527344
31 0.12907361189524333 0.6849047660827636 0.05930978457132975 0.023780155181884765
30 0.5970706303914388 0.71772141456604 0.051104100545247395 0.03128814697265625
31 0.10989355246225993 0.7144749641418457 0.06002678871154785 0.0336761474609375
10 0.6470542907714844 0.41287684440612793 0.04074440002441406 0.053936767578125
25 0.18855845133463542 0.19070812463760375 0.04152679443359375 0.03926560878753662
25 0.1468297004699707 0.1885252833366394 0.042109171549479164 0.04005067348480225
13 0.01393064260482788 0.37737412452697755 0.027773459752400715 0.037696313858032224
2 0.3942614237467448 0.39879956245422366 0.0456152598063151 0.040445137023925784
2 0.44414990743001304 0.45421762466430665 0.04418665568033854 0.038819503784179685
6 0.7230696360270182 0.41333532333374023 0.028448994954427084 0.0407872200012207
28 0.24664430618286132 0.6850663185119629 0.05599079132080078 0.023517036437988283
13 0.05200217962265015 0.43474569320678713 0.04230614503224691 0.034580326080322264
28 0.41987622578938805 0.6894277572631836 0.0503875732421875 0.024965286254882812
29 0.4987118403116862 0.7517167091369629 0.05924968719482422 0.038917160034179686
29 0.5485397974650065 0.7291313648223877 0.028581746419270835 0.03096323013305664
2 0.34788554509480796 0.39640054702758787 0.04579518636067708 0.04115104675292969
31 0.18627297083536784 0.6843212127685547 0.05310478210449219 0.021031951904296874
2 0.3843533515930176 0.4513824462890625 0.04510993957519531 0.03778057098388672
13 0.050971570611000064 0.37947773933410645 0.044145490725835165 0.0364288330078125
30 0.6520915985107422 0.7419715404510498 0.04797515869140625 0.03434486389160156
28 0.30422404607137044 0.6845486640930176 0.052319780985514326 0.022347259521484374
2 0.3381196975708008 0.44990053176879885 0.0459136962890625 0.03852014541625977
30 0.6490152994791667 0.7134957313537598 0.04719861348470052 0.02454681396484375
30 0.6418673833211263 0.6898821830749512 0.049162801106770834 0.023958206176757812
29 0.5507870992024739 0.7581339359283448 0.032469685872395834 0.023965930938720702
28 0.36577135721842446 0.6864240169525146 0.05132700602213542 0.023846530914306642
16 0.6890213012695312 0.6138277053833008 0.030713653564453124 0.02609281539916992
54 0.4936385154724121 0.7255393028259277 0.07859859466552735 0.05629177093505859
