63 0.4540429433186849 0.6449974536895752 0.08911603291829427 0.09532337188720703
63 0.459506352742513 0.45856199264526365 0.082574462890625 0.09375858306884766
63 0.45159524281819663 0.5521664142608642 0.08620643615722656 0.0911839485168457
63 0.5433775424957276 0.4558585166931152 0.0835426648457845 0.09404048919677735
63 0.5421520392100017 0.6439111709594727 0.08761568069458008 0.09485664367675781
63 0.545596694946289 0.8294027328491211 0.08356552124023438 0.09372158050537109
63 0.4595355033874512 0.8318747520446778 0.08574250539143881 0.09141006469726562
63 0.5498352686564127 0.9270124435424805 0.0863854726155599 0.08787193298339843
63 0.4606534322102865 0.9254880905151367 0.08427772521972657 0.08689346313476562
63 0.5373832702636718 0.550969123840332 0.0852795918782552 0.09062995910644531
63 0.45464957555135094 0.764223861694336 0.08483403523763021 0.047120857238769534
63 0.5433617273966471 0.7640866756439209 0.08725700378417969 0.041628360748291016
63 0.552217674255371 0.9857082366943359 0.08722674051920573 0.028525733947753908
63 0.4629212379455566 0.9846696853637695 0.08152745564778646 0.030631256103515626
