47 0.1275908390680949 0.8254051208496094 0.04050971666971843 0.04466094970703125
51 0.4984039624532064 0.8184045791625977 0.052322705586751304 0.06609821319580078
47 0.16882187525431316 0.8253992080688477 0.04124457041422526 0.045145416259765626
51 0.5553602695465087 0.8173471212387085 0.05128838221232097 0.06598591804504395
51 0.6083868662516276 0.8173987388610839 0.05424296061197917 0.06770591735839844
53 0.6624354680379232 0.8164461374282836 0.0496819814046224 0.06401171684265136
51 0.44480438232421876 0.8201497793197632 0.05263671875 0.06690793037414551
53 0.7698249816894531 0.813408374786377 0.051199086507161456 0.061217117309570315
53 0.8190605799357097 0.8125060081481934 0.04919077555338542 0.06341896057128907
47 0.08567600250244141 0.8264193534851074 0.04200641314188639 0.04300823211669922
53 0.7145209630330404 0.8144356727600097 0.05283203125 0.06553497314453124
46 0.2740284283955892 0.8297035217285156 0.056113815307617186 0.06335659027099609
46 0.33730316162109375 0.8260598182678223 0.05584716796875 0.06520881652832031
46 0.22107041676839193 0.8303385019302368 0.049729474385579425 0.06083292961120605
46 0.3903415044148763 0.8229364395141602 0.04889628092447917 0.06832313537597656
47 0.13920542399088542 0.7936440467834472 0.03762887318929036 0.018869972229003905
47 0.17874666849772136 0.7916954517364502 0.04024976094563802 0.02145357131958008
21 0.9513953526814779 0.41726980209350584 0.04962844848632812 0.010242271423339843
23 0.9762519200642904 0.39205303192138674 0.045646921793619795 0.009392976760864258
23 0.9854733784993489 0.40731086730957033 0.028789265950520834 0.009986305236816406
21 0.9452645619710286 0.4077718734741211 0.05131378173828125 0.009262657165527344
47 0.09886752764383952 0.7953186988830566 0.039745521545410153 0.01858348846435547
