10 0.5251120567321778 0.3986154556274414 0.0343386967976888 0.035390472412109374
58 0.5526048183441162 0.6094350814819336 0.04956178665161133 0.05876932144165039
30 0.4987133026123047 0.6242630958557129 0.04876302083333333 0.034439468383789064
10 0.49245373407999676 0.3989661693572998 0.030597623189290366 0.03543577194213867
51 0.46655941009521484 0.8611541748046875 0.06407171885172526 0.07685623168945313
58 0.5515736897786458 0.5509637832641602 0.05426343282063802 0.05798187255859375
55 0.43985633850097655 0.6709769248962403 0.06631978352864583 0.06059837341308594
47 0.4939912796020508 0.4542238235473633 0.03877805074055989 0.038875579833984375
30 0.5010072708129882 0.6841160774230957 0.05089492797851562 0.04070301055908203
47 0.4529228846232096 0.4551727294921875 0.04143600463867188 0.0389373779296875
58 0.5492853641510009 0.49945993423461915 0.05643339157104492 0.05722503662109375
12 0.531438700358073 0.28800508975982664 0.028804651896158853 0.037560653686523435
13 0.502484385172526 0.28858113288879395 0.027997716267903646 0.03713369369506836
31 0.4933565775553385 0.5214272975921631 0.04877802530924479 0.03599214553833008
29 0.4960198402404785 0.5673771381378174 0.04877878824869792 0.02910747528076172
12 0.47354138692220055 0.2886173725128174 0.027489089965820314 0.036721229553222656
12 0.44542980194091797 0.2878471851348877 0.028561782836914063 0.03579216003417969
47 0.535508108139038 0.45353546142578127 0.04079840977986653 0.03892860412597656
55 0.4385518074035645 0.6116580486297607 0.06320088704427083 0.05048437118530273
46 0.5337193171183269 0.8623332023620606 0.06108436584472656 0.07553462982177735
5 0.4574313163757324 0.3940516471862793 0.03805694580078125 0.04329767227172852
49 0.557690684000651 0.8022071838378906 0.09510014851888021 0.039684104919433597
2 0.5215837796529134 0.3466306686401367 0.036059125264485674 0.0361332893371582
58 0.5579051812489827 0.6649646759033203 0.0548670768737793 0.05650787353515625
2 0.4510492960611979 0.3478147268295288 0.031655502319335935 0.03494009971618652
2 0.4841928482055664 0.34653654098510744 0.03372472127278646 0.036144447326660153
49 0.46473264694213867 0.8008436441421509 0.0661303202311198 0.0390571117401123
27 0.4435776392618815 0.5137474060058593 0.04293556213378906 0.039994239807128906
