16 0.8308891296386719 0.4468276023864746 0.036043039957682294 0.040149497985839847
6 0.7561330159505208 0.44497251510620117 0.03415883382161458 0.03847942352294922
10 0.7183423360188802 0.4821624755859375 0.03105316162109375 0.03404541015625
10 0.7215266545613607 0.4458052158355713 0.03469301859537761 0.03946523666381836
7 0.5832797368367513 0.44928760528564454 0.04191932678222656 0.039702987670898436
9 0.5321558634440104 0.4513521194458008 0.04198799133300781 0.04277248382568359
3 0.6363852183024089 0.44980688095092775 0.04389266967773438 0.04150333404541016
3 0.6350843429565429 0.4851956367492676 0.0410760243733724 0.028500747680664063
2 0.6871556599934896 0.4455582618713379 0.03013153076171875 0.04135732650756836
9 0.5352200190226237 0.48783531188964846 0.04210459391276042 0.03315277099609375
2 0.6798580805460612 0.4823310852050781 0.030843607584635415 0.03329029083251953
7 0.5849232991536458 0.4846658229827881 0.041030629475911455 0.02980213165283203
18 0.909731928507487 0.46805434226989745 0.04822591145833333 0.04332513809204101
6 0.7515789667765299 0.48201513290405273 0.033521270751953124 0.03424568176269531
17 0.7922791798909505 0.4824201583862305 0.03197555541992188 0.034656715393066403
16 0.874432627360026 0.4452663898468018 0.030001068115234376 0.04038715362548828
17 0.7946641286214192 0.4462130069732666 0.03452987670898437 0.03974838256835937
16 0.8677838643391927 0.48352890014648436 0.024683634440104168 0.03627099990844727
16 0.8259520212809245 0.48035855293273927 0.03496958414713542 0.028581619262695312
