15 0.8058805465698242 0.5278884887695312 0.02672297159830729 0.026358985900878908
9 0.5789909998575846 0.5280532836914062 0.027457555135091145 0.027294921875
10 0.5277193069458008 0.5279300689697266 0.0215301513671875 0.027936172485351563
9 0.5520266215006511 0.5281120300292969 0.02593231201171875 0.027646636962890624
6 0.40648365020751953 0.5239123344421387 0.02246405283610026 0.020392704010009765
47 0.5737843831380208 0.6406742572784424 0.024541219075520832 0.030218029022216798
47 0.5493715922037761 0.6412429809570312 0.022984822591145832 0.029081344604492188
3 0.38168926239013673 0.52792387008667 0.02675323486328125 0.028278350830078125
47 0.5994408925374349 0.6399940490722656 0.024698384602864585 0.03040733337402344
10 0.505723508199056 0.5279504299163819 0.02212371826171875 0.02802143096923828
20 0.6401618957519531 0.5243834495544434 0.018950780232747395 0.018187332153320312
6 0.42917095820109047 0.5238404273986816 0.022336324055989582 0.02076854705810547
43 0.4147338549296061 0.5730692863464355 0.052136166890462236 0.016031265258789062
12 0.6026666005452473 0.5239541053771972 0.01936060587565104 0.0212982177734375
28 0.6580110549926758 0.6324666976928711 0.027777735392252603 0.017234230041503908
30 0.7789911905924479 0.6318336963653565 0.028989156087239582 0.017429924011230467
31 0.7208295186360677 0.6320221900939942 0.029497400919596354 0.016897106170654298
13 0.6213251749674479 0.5239109039306641 0.017614237467447915 0.019727516174316406
16 0.7119505564371745 0.5237651824951172 0.01782671610514323 0.01904153823852539
34 0.5282910029093425 0.5763143539428711 0.050336329142252605 0.016660499572753906
30 0.7502679189046224 0.6308926582336426 0.027709452311197917 0.016635894775390625
16 0.7311780293782552 0.5238444328308105 0.0201751708984375 0.0192535400390625
58 0.6888544082641601 0.573851203918457 0.04563496907552083 0.01028146743774414
20 0.6586636861165365 0.5247748851776123 0.017817179361979168 0.017200756072998046
31 0.6910413106282552 0.6326111793518067 0.030847676595052085 0.016524696350097658
25 0.6940770467122396 0.5241751670837402 0.017164103190104165 0.018188095092773436
25 0.6769973754882812 0.5244983673095703 0.018108240763346353 0.018242263793945314
28 0.6289850870768229 0.631235933303833 0.029486846923828126 0.018773555755615234
58 0.6297145843505859 0.5842470169067383 0.0386566162109375 0.009851646423339844
7 0.4809123675028483 0.5279373168945313 0.026765060424804688 0.028255271911621093
55 0.7926894505818685 0.5788244247436524 0.043765894571940106 0.009801673889160156
43 0.47300103505452473 0.5843601703643799 0.05087547302246094 0.012390804290771485
58 0.6893981297810873 0.5854025840759277 0.03942044576009115 0.009902000427246094
38 0.36048412322998047 0.5799955368041992 0.035743459065755205 0.010391807556152344
6 0.4538259506225586 0.5270777225494385 0.02594750722249349 0.027220535278320312
61 0.7411689758300781 0.5872775077819824 0.037376658121744795 0.008261585235595703
58 0.6281271616617838 0.5741678237915039 0.04641278584798177 0.011065292358398437
16 0.7593454360961914 0.5268527030944824 0.015509668986002605 0.025849151611328124
16 0.7824872334798177 0.5272867202758789 0.019775390625 0.026365280151367188
61 0.7404872894287109 0.5796878814697266 0.04132537841796875 0.008720207214355468
