44 0.5542251586914062 0.44042291641235354 0.0743963877360026 0.0552001953125
28 0.4066586494445801 0.3111493349075317 0.047880363464355466 0.027746009826660156
44 0.6277507781982422 0.434920597076416 0.07023239135742188 0.05880393981933594
39 0.4139842669169108 0.44492406845092775 0.07609437306722006 0.05774955749511719
31 0.561822509765625 0.30573110580444335 0.05395940144856771 0.02617783546447754
39 0.27873427867889405 0.45382237434387207 0.07677712440490722 0.04917125701904297
47 0.35867767333984374 0.3130185127258301 0.04440358479817708 0.04849987030029297
39 0.34816951751708985 0.4497014045715332 0.062058448791503906 0.05398149490356445
30 0.4580388069152832 0.31338093280792234 0.05202566782633464 0.03389396667480469
47 0.31165936787923176 0.31147265434265137 0.04718360900878906 0.04675965309143067
44 0.4855775833129883 0.4424117565155029 0.06301981608072917 0.0566105842590332
29 0.5099582354227702 0.30942392349243164 0.04918867746988932 0.026488399505615233
61 0.4901320775349935 0.3714428901672363 0.083038330078125 0.017560958862304688
55 0.5718910217285156 0.3716367959976196 0.07713584899902344 0.018195104598999024
58 0.40463282267252604 0.3616879940032959 0.07934672037760417 0.015820026397705078
58 0.4105573972066244 0.37623622417449953 0.07282708485921224 0.01344923973083496
55 0.5691876570383708 0.390588116645813 0.07640968958536784 0.01832156181335449
61 0.4891176223754883 0.34850273132324217 0.08452224731445312 0.013804149627685548
55 0.5685765743255615 0.3552495718002319 0.07623567581176757 0.011625051498413086
