23 0.7668128967285156 0.7366303443908692 0.028180694580078124 0.02856311798095703
10 0.5770158767700195 0.7036972999572754 0.04047711690266927 0.04401340484619141
10 0.6189540227254232 0.7090192794799804 0.0422698974609375 0.04421844482421875
17 0.7051049550374349 0.7208012580871582 0.04120203653971354 0.04407777786254883
13 0.5379144668579101 0.7001737594604492 0.036458587646484374 0.04137229919433594
24 0.7954942067464192 0.7407003402709961 0.030034637451171874 0.030058002471923827
23 0.7391646067301433 0.7332903861999511 0.026558558146158855 0.028118419647216796
13 0.50243714650472 0.6967886924743653 0.033922831217447914 0.03921442031860352
47 0.5680587768554688 0.7640119075775147 0.043862533569335935 0.034750938415527344
24 0.8243139266967774 0.7452198982238769 0.03034210205078125 0.027723217010498048
46 0.4297233899434408 0.7526442527770996 0.061262257893880206 0.053697967529296876
17 0.662594731648763 0.7150058746337891 0.043671671549479166 0.04459724426269531
