34 0.6181905110677083 0.42507424354553225 0.04604263305664062 0.07628679275512695
38 0.5254013379414876 0.44028615951538086 0.05335852305094401 0.07448310852050781
51 0.48351659774780276 0.5258696556091309 0.06768137613932292 0.0579319953918457
48 0.327066167195638 0.5507395744323731 0.10359230041503906 0.0688934326171875
44 0.3027642567952474 0.47219138145446776 0.10391864776611329 0.07763338088989258
38 0.5727369308471679 0.43208937644958495 0.04454180399576823 0.07202825546264649
53 0.5441876093546549 0.5158786773681641 0.07419484456380208 0.05740337371826172
43 0.4702775955200195 0.44809575080871583 0.06051826477050781 0.07502422332763672
54 0.42043272654215497 0.5359890937805176 0.08581441243489583 0.062066841125488284
47 0.6641862233479817 0.4947362899780273 0.04812672932942708 0.05278720855712891
34 0.6648165384928385 0.41930514574050903 0.05247624715169271 0.07480313777923583
39 0.3933018048604329 0.457513427734375 0.0944488525390625 0.07190608978271484
47 0.7127614339192708 0.4873781204223633 0.05080337524414062 0.052216720581054685
46 0.6092068990071614 0.5059331893920899 0.06820780436197917 0.056438255310058597
55 0.566152556737264 0.30684585571289064 0.12812019983927408 0.025335693359375
55 0.7348178227742513 0.3411207675933838 0.14079017639160157 0.02834348678588867
55 0.5744086106618246 0.3237786293029785 0.13113094965616862 0.021718311309814452
60 0.44415597915649413 0.3164496421813965 0.10668506622314453 0.02193870544433594
60 0.4463269869486491 0.33337855339050293 0.104844601949056 0.02089662551879883
55 0.5993215560913085 0.36011061668395994 0.14809163411458334 0.027028942108154298
55 0.5872713883717855 0.3409104347229004 0.13575639724731445 0.023807334899902343
55 0.7065528869628906 0.3080878257751465 0.1339441935221354 0.026550674438476564
60 0.3584263483683268 0.3663485527038574 0.08227856953938802 0.02434396743774414
60 0.2729447364807129 0.3904406547546387 0.09075679779052734 0.026722049713134764
60 0.34771302541097004 0.3491542339324951 0.07853113810221354 0.019111490249633788
60 0.36884288787841796 0.38853015899658205 0.08218542734781902 0.023254871368408203
55 0.6908815383911133 0.29040064811706545 0.12612330118815104 0.021611118316650392
60 0.34088134765625 0.33319387435913084 0.07901757558186849 0.020067262649536132
60 0.2551960309346517 0.3465211629867554 0.08376166025797525 0.02303652763366699
55 0.7203770955403646 0.32250776290893557 0.14061787923177083 0.022530031204223634
60 0.2661172389984131 0.36659512519836424 0.08272975285847982 0.024113941192626952
