6 0.6553969701131185 0.19838082790374756 0.054338836669921876 0.05470819473266601
24 0.44260692596435547 0.4829658031463623 0.0292965571085612 0.05182790756225586
51 0.2976997296015422 0.7186309814453125 0.07933402061462402 0.07422885894775391
3 0.4086836496988932 0.19079281091690065 0.07115961710611979 0.05123593807220459
17 0.8264739990234375 0.20367321372032166 0.0561431884765625 0.05441180467605591
9 0.4797646522521973 0.1937795877456665 0.07009779612223307 0.05049753189086914
21 0.3474397659301758 0.4798900604248047 0.03116296132405599 0.05343570709228516
10 0.5437867482503255 0.1940248966217041 0.05631192525227865 0.05395069122314453
12 0.7090994517008463 0.1999347448348999 0.050206502278645836 0.054678487777709964
2 0.6001756032307942 0.19619424343109132 0.05478363037109375 0.054181909561157225
22 0.8940672556559245 0.35233144760131835 0.07354660034179687 0.05443363189697266
21 0.3793284098307292 0.48149909973144533 0.03121922810872396 0.0513249397277832
16 0.8833713531494141 0.20575180649757385 0.056314341227213544 0.05425595045089722
46 0.3780800501505534 0.7196300506591797 0.08259735107421876 0.07153091430664063
1 0.8247824986775716 0.3482586622238159 0.07038307189941406 0.05227303504943848
27 0.41108016967773436 0.4823325157165527 0.03323923746744792 0.05222873687744141
