15 0.5264952977498373 0.43567423820495604 0.032865651448567706 0.022295475006103516
19 0.1935085614522298 0.2712460994720459 0.036529541015625 0.03295841217041016
29 0.6984948476155599 0.5890932559967041 0.031479899088541666 0.015894699096679687
15 0.5632743835449219 0.4649068832397461 0.029589080810546876 0.021533203125
15 0.5319101015726725 0.46560053825378417 0.031921068827311196 0.021757984161376955
51 0.24186628659566242 0.46459007263183594 0.0467857042948405 0.04527339935302734
6 0.6483548482259115 0.35248398780822754 0.023542022705078124 0.02878122329711914
18 0.2374103864034017 0.3055387496948242 0.037047195434570315 0.032472991943359376
18 0.2752116839090983 0.30581979751586913 0.036867586771647136 0.03212594985961914
47 0.3644776662190755 0.43930482864379883 0.03194770812988281 0.02516002655029297
53 0.2986959457397461 0.46675944328308105 0.04971656799316406 0.052978515625
25 0.512334696451823 0.352017879486084 0.02191187540690104 0.020163726806640626
10 0.7647432963053385 0.3831015110015869 0.02482325236002604 0.031122970581054687
10 0.7596991221110027 0.35073773860931395 0.01769561767578125 0.027083349227905274
9 0.814158821105957 0.42995057106018064 0.032555770874023435 0.020704078674316406
15 0.5590681076049805 0.43554258346557617 0.03207041422526042 0.021356201171875
12 0.613229242960612 0.4601129531860352 0.020529683430989584 0.01702432632446289
28 0.629669189453125 0.5951570510864258 0.0319128672281901 0.015339946746826172
20 0.5559943517049154 0.35155258178710935 0.020647684733072918 0.020261764526367188
0 0.5842882792154948 0.27948646545410155 0.03213373819986979 0.01326751708984375
17 0.42780831654866536 0.3895455598831177 0.025836944580078125 0.03181843757629395
28 0.6629823684692383 0.5936899185180664 0.03261400858561198 0.016934967041015624
25 0.5343540032704671 0.3517370939254761 0.021411673227945963 0.020164871215820314
9 0.8105712890625 0.4572422504425049 0.028757731119791668 0.019099712371826172
30 0.5448500951131184 0.585759973526001 0.02801335652669271 0.01729106903076172
10 0.7373612721761068 0.3830315113067627 0.020416641235351564 0.030710697174072266
30 0.5507598876953125 0.6024442672729492 0.034261322021484374 0.016733551025390626
0 0.5867487589518229 0.2943446636199951 0.0376745859781901 0.014419746398925782
7 0.7161626180013021 0.4312023639678955 0.03018646240234375 0.023302650451660155
7 0.747387186686198 0.4588164329528809 0.030419413248697916 0.018901634216308593
7 0.7510749816894531 0.43002872467041015 0.027667236328125 0.024356269836425783
28 0.6515530904134115 0.5779804229736328 0.031327438354492185 0.015631389617919923
9 0.7799748102823894 0.4581896781921387 0.031429163614908856 0.019264411926269532
18 0.2720976193745931 0.2728097677230835 0.040168507893880205 0.03264799118041992
47 0.3998401641845703 0.4710033416748047 0.03672307332356771 0.034511566162109375
6 0.6738027572631836 0.35167202949523924 0.01685307820638021 0.026629924774169922
16 0.4431666056315104 0.4390573501586914 0.02141749064127604 0.027972030639648437
46 0.19388488133748372 0.4645849227905273 0.04737046559651693 0.045963096618652347
18 0.23258094787597655 0.2719223976135254 0.03779398600260417 0.033134841918945314
28 0.6179986317952474 0.5805795669555665 0.03332710266113281 0.015671348571777342
47 0.3634305953979492 0.4724620819091797 0.03248723347981771 0.033849334716796874
10 0.7911802291870117 0.38285980224609373 0.01809107462565104 0.030687761306762696
10 0.7901568094889323 0.3503981351852417 0.01841557820638021 0.027857351303100585
2 0.8722080230712891 0.349552583694458 0.0246826171875 0.02897510528564453
6 0.6193059285481771 0.3533790111541748 0.02145563761393229 0.027988719940185546
4 0.9425605773925781 0.5801058769226074 0.053125762939453126 0.04755268096923828
5 0.815466562906901 0.35013766288757325 0.019678497314453126 0.028565692901611327
9 0.7816623687744141 0.4305865287780762 0.03242200215657552 0.021415901184082032
12 0.6333841959635417 0.4592397689819336 0.01965179443359375 0.01737632751464844
3 0.866296132405599 0.4547415733337402 0.02973480224609375 0.020847511291503907
47 0.40438798268636067 0.43794498443603513 0.031508382161458334 0.023682785034179688
20 0.5624552408854167 0.38208420276641847 0.021705245971679686 0.01872906684875488
3 0.8388665517171224 0.4553246974945068 0.02583770751953125 0.02089214324951172
10 0.7337242126464844 0.35091347694396974 0.02456639607747396 0.027343940734863282
20 0.5766248067220052 0.3507707118988037 0.020665740966796874 0.01955723762512207
17 0.46183675130208335 0.3896641254425049 0.022575505574544272 0.03152256011962891
2 0.8432127634684244 0.3817997932434082 0.015969340006510416 0.030296993255615235
25 0.5401732126871744 0.38267130851745607 0.021213658650716147 0.01876940727233887
2 0.8689104715983073 0.38105459213256837 0.023328653971354165 0.02961111068725586
2 0.8188526153564453 0.3822320938110352 0.02217127482096354 0.029683017730712892
7 0.7176425298055013 0.45922698974609377 0.028020477294921874 0.018114757537841798
16 0.44429155985514324 0.47055373191833494 0.023354212443033855 0.03209047317504883
5 0.7617726643880208 0.27644784450531007 0.05171890258789062 0.021086645126342774
1 0.6261234283447266 0.296277379989624 0.03774185180664062 0.013272666931152343
13 0.6927922566731771 0.4578587532043457 0.019397226969401042 0.017753791809082032
16 0.4735804239908854 0.4381678104400635 0.02358690897623698 0.0272918701171875
30 0.5754770914713542 0.5843984603881835 0.033232625325520834 0.017578887939453124
20 0.5972969690958659 0.350440239906311 0.02148857116699219 0.01943821907043457
16 0.5053942998250326 0.4678466796875 0.01879266103108724 0.027895736694335937
16 0.4757439613342285 0.4692364692687988 0.021311124165852863 0.030331993103027345
1 0.6592991511027019 0.28299636840820314 0.03977953592936198 0.014571285247802735
13 0.6694032669067382 0.428529167175293 0.01999346415201823 0.017930030822753906
13 0.6531737009684245 0.45846991539001464 0.01855443318684896 0.01735687255859375
31 0.7296145121256511 0.5881221294403076 0.0300445556640625 0.017053699493408202
13 0.5878994623819987 0.43215241432189944 0.021251678466796875 0.019031524658203125
2 0.8483376185099284 0.3491848945617676 0.023155848185221355 0.028569984436035156
5 0.7580992380777994 0.3054089069366455 0.0494903564453125 0.01915321350097656
13 0.6731708526611329 0.4580498218536377 0.019292195638020832 0.018114471435546876
20 0.5835975011189779 0.382043719291687 0.020154698689778646 0.019531440734863282
10 0.7069634755452474 0.35123395919799805 0.014017232259114583 0.026807403564453124
6 0.6544176737467448 0.38535094261169434 0.021887461344401043 0.031129741668701173
4 0.9840153376261394 0.577742052078247 0.02933680216471354 0.04514503479003906
13 0.6089858373006185 0.43135366439819334 0.020014063517252604 0.018915653228759766
1 0.6201029459635417 0.28145179748535154 0.03634974161783854 0.014449882507324218
20 0.6038069407145182 0.3811978340148926 0.01931419372558594 0.01918315887451172
30 0.5853499094645183 0.6009004592895508 0.03165639241536458 0.016887474060058593
13 0.6493494669596355 0.4302534580230713 0.017919158935546874 0.02015371322631836
13 0.6899616241455078 0.42820019721984864 0.019638570149739583 0.01816568374633789
18 0.19953659375508626 0.3051582336425781 0.03811801274617513 0.033082771301269534
12 0.629688580830892 0.43101701736450193 0.01979090372721354 0.019155311584472656
19 0.16072874069213866 0.3050836086273193 0.037921905517578125 0.033951950073242185
12 0.5915548960367839 0.46110124588012696 0.021641286214192708 0.017636871337890624
24 0.24113788604736328 0.3876579761505127 0.04464651743570964 0.006526756286621094
6 0.7144336700439453 0.38322038650512696 0.019238917032877605 0.03007926940917969
23 0.3360751469930013 0.3843539714813232 0.03976497650146484 0.0071140766143798825
29 0.6847105026245117 0.575440788269043 0.031005986531575522 0.013435077667236329
22 0.7046503067016602 0.29564838409423827 0.04266433715820313 0.014809608459472656
1 0.6645024617513021 0.2969968318939209 0.03792928059895833 0.012541675567626953
23 0.3326501210530599 0.3676949739456177 0.043257713317871094 0.0065459728240966795
6 0.6259677251180013 0.38661656379699705 0.02285003662109375 0.03084564208984375
