43 0.36294933954874675 0.29230175018310545 0.048494148254394534 0.06755943298339843
10 0.4045109748840332 0.685943603515625 0.03763872782389323 0.03858928680419922
10 0.36620362599690753 0.6851330757141113 0.0384490966796875 0.039882659912109375
13 0.485388978322347 0.7895077228546142 0.03026409149169922 0.03626699447631836
44 0.43335501352945965 0.2923802375793457 0.09492467244466146 0.07257509231567383
24 0.4736191749572754 0.5798625946044922 0.024789110819498698 0.03311977386474609
44 0.525318717956543 0.2960238218307495 0.09232215881347657 0.06733570098876954
10 0.3274468739827474 0.6849219322204589 0.038851292928059895 0.03924694061279297
13 0.3289441744486491 0.4486879825592041 0.03751691182454427 0.0401768684387207
39 0.6287968953450521 0.2943398475646973 0.10393664042154947 0.07131938934326172
13 0.5156040509541829 0.7901456832885743 0.02954241434733073 0.03712272644042969
38 0.30491921106974285 0.28945355415344237 0.06413275400797526 0.07257299423217774
13 0.29172293345133465 0.44841923713684084 0.036396026611328125 0.039721202850341794
12 0.4151597023010254 0.7880136013031006 0.033768781026204425 0.03762063980102539
47 0.5610900243123372 0.647071361541748 0.04724413553873698 0.023877906799316406
29 0.4524054209391276 0.688396406173706 0.054821077982584634 0.0354827880859375
47 0.6105789184570313 0.6500220775604248 0.048863728841145836 0.025792503356933595
12 0.40275967915852867 0.44975900650024414 0.03592185974121094 0.04038810729980469
31 0.5088546117146809 0.6907285690307617 0.05511016845703125 0.03397178649902344
47 0.5611488978068034 0.6838289260864258 0.04886767069498698 0.04780521392822266
13 0.36604715983072916 0.44901332855224607 0.03692576090494792 0.04006538391113281
12 0.4397008260091146 0.4501670837402344 0.03710034688313802 0.039899253845214845
12 0.45310020446777344 0.7885814189910889 0.03246523539225261 0.03706693649291992
24 0.4487675984700521 0.5801468849182129 0.024865086873372397 0.03196220397949219
40 0.5525955200195313 0.5753862380981445 0.02678070068359375 0.04570083618164063
40 0.6111459096272787 0.5750377655029297 0.028321075439453124 0.047643852233886716
47 0.6210220336914063 0.6856904983520508 0.048784637451171876 0.04574794769287109
40 0.5248271942138671 0.5750565528869629 0.025534566243489584 0.04430179595947266
40 0.6404849370320638 0.5757998943328857 0.029719416300455728 0.04785242080688477
24 0.4240341822306315 0.5798588275909424 0.024767176310221354 0.031067466735839842
40 0.5804661432902019 0.5752012252807617 0.02674280802408854 0.04658489227294922
58 0.5195627530415853 0.4335015296936035 0.10699456532796224 0.012574577331542968
58 0.5212641716003418 0.449172306060791 0.11282418568929037 0.01856403350830078
16 0.3511813163757324 0.5745985507965088 0.04102471669514974 0.039385318756103516
40 0.4988245010375977 0.5768209934234619 0.025599161783854168 0.04027633666992188
58 0.5227837880452474 0.4647940158843994 0.11021614074707031 0.014628219604492187
10 0.367727533976237 0.6555291175842285 0.035369491577148436 0.020359039306640625
16 0.31005967458089195 0.572990894317627 0.04081535339355469 0.041790008544921875
10 0.4043304443359375 0.6563783645629883 0.03601818084716797 0.020414447784423827
60 0.6235225677490235 0.4530310153961182 0.08208821614583334 0.01787109375
60 0.6181920369466146 0.4325998306274414 0.08033116658528645 0.016285133361816407
10 0.33020172119140623 0.655766773223877 0.0361413319905599 0.02028827667236328
12 0.5158493359883626 0.7607231140136719 0.029965718587239582 0.019995880126953126
60 0.6151644388834635 0.4114534854888916 0.07946116129557292 0.013492488861083984
12 0.4231241226196289 0.760487699508667 0.031294631958007815 0.01843099594116211
12 0.48518454233805336 0.76085205078125 0.030374463399251303 0.020122718811035157
17 0.3919904390970866 0.5754514694213867 0.03890031178792318 0.039049720764160155
