30 0.7123792012532552 0.4441035270690918 0.11286265055338542 0.040750312805175784
10 0.6669432322184244 0.3339668273925781 0.08947804768880209 0.09942665100097656
10 0.5783419926961263 0.33371312618255616 0.08777783711751302 0.09810662269592285
29 0.47479400634765623 0.43877425193786623 0.10670299530029297 0.04324493408203125
6 0.49048824310302735 0.33153457641601564 0.08630790710449218 0.09972810745239258
10 0.7575448354085287 0.3343325138092041 0.09337641398111979 0.09923820495605469
6 0.40338497161865233 0.33047008514404297 0.08795814514160157 0.10059642791748047
29 0.4653314590454102 0.4930883407592773 0.11717605590820312 0.06551055908203125
28 0.590570068359375 0.450144624710083 0.10156262715657552 0.03874149322509766
2 0.3172147750854492 0.32987213134765625 0.08730494181315104 0.09978303909301758
29 0.5940382639567058 0.4981989860534668 0.11628774007161459 0.06352005004882813
2 0.23004148801167806 0.3285323143005371 0.09107834498087565 0.09883413314819336
31 0.36463425954182943 0.4356637954711914 0.11287244160970052 0.03855323791503906
12 0.14380979140599567 0.32596511840820314 0.08310763835906983 0.09876785278320313
9 0.9690368016560872 0.33645944595336913 0.06189168294270833 0.0990976333618164
30 0.7179387410481771 0.49875450134277344 0.12137324015299479 0.06747474670410156
13 0.06648761431376139 0.327581000328064 0.08331379890441895 0.09735426902770997
31 0.34478123982747394 0.4906045913696289 0.11861775716145834 0.06981058120727539
9 0.8718011220296223 0.334703254699707 0.13105926513671876 0.09785480499267578
18 0.06668995420138041 0.5085267543792724 0.10303538242975871 0.0979130744934082
18 0.16296069224675497 0.5144754886627197 0.09083467324574789 0.08964662551879883
18 0.011216099063555399 0.5043459892272949 0.022432198127110798 0.10075016021728515
