3 0.5187237859391225 0.31811568737030027 0.051309207270573726 0.047365856170654294
3 0.4685486410265771 0.3194493293762207 0.05104751032337097 0.04472484588623047
12 0.7187052535614615 0.3148216724395752 0.03306799836124091 0.03881692886352539
7 0.32640530436704956 0.32143588066101075 0.051841474396417446 0.04559650421142578
10 0.684592432198371 0.31594300270080566 0.03713003695320612 0.03947319984436035
12 0.7493502259378245 0.3134762287139893 0.03262763256100727 0.038664627075195315
45 0.7068705811307437 0.5119871139526367 0.0231999509183541 0.04657249450683594
2 0.4276448821229232 0.321916389465332 0.03189926702037903 0.0413966178894043
58 0.761772179529303 0.4258090972900391 0.06264869000681464 0.017324161529541016
47 0.7908564138759087 0.5129990100860595 0.03802509248442368 0.0359807014465332
7 0.27307487004518755 0.32245965003967286 0.05481451397001558 0.045326519012451175
10 0.6498521466121495 0.3168431520462036 0.03351635006976895 0.039470577239990236
40 0.6283466026171469 0.5231260299682617 0.02126026252596054 0.032839393615722655
31 0.880646544205932 0.5089380264282226 0.04582947981568017 0.027634048461914064
40 0.6533120730708074 0.5198243141174317 0.02287050051109813 0.03434476852416992
6 0.2160423651167413 0.32436270713806153 0.03591510142864097 0.04280872344970703
40 0.5843251070872274 0.5284038543701172 0.019982517198857738 0.03686809539794922
16 0.9251104337032711 0.307860279083252 0.03711216372988058 0.04078598022460937
43 0.5209525515357282 0.5185991287231445 0.08897886345567238 0.027959060668945313
10 0.6053338768821391 0.31748261451721194 0.0330715476538162 0.03918447494506836
16 0.8901604229539849 0.30910940170288087 0.0405156817886812 0.03987197875976563
17 0.7816025208089953 0.3124074459075928 0.03694154416536864 0.03887791633605957
58 0.7494865568008502 0.405763053894043 0.08470944476895119 0.018719863891601563
38 0.16732255692051207 0.4297631740570068 0.10157682393075027 0.03123779296875
58 0.6496612453757789 0.4082740306854248 0.08759299146547248 0.017638969421386718
16 0.9598485009816329 0.30796246528625487 0.03814069801401869 0.04054336547851563
40 0.6062231648129218 0.5275252342224122 0.021493248231438215 0.035780143737792966
2 0.38496077271141615 0.3221524953842163 0.030492606316523882 0.04194498062133789
10 0.5693271910290109 0.31544179916381837 0.038303711951583594 0.04634380340576172
29 0.9281051493136683 0.5058137893676757 0.049981898607866046 0.02680492401123047
34 0.39752298673984293 0.4242069244384766 0.09520831558687046 0.03309059143066406
6 0.16563173097984812 0.3246933937072754 0.03416827905957944 0.042924690246582034
47 0.8346340223017263 0.5124250411987304 0.04605739510319315 0.03284387588500977
43 0.2856638622184904 0.42571029663085935 0.10352411795009087 0.03423042297363281
43 0.5231638875705802 0.5473225593566895 0.08923682096962617 0.028136062622070312
6 0.1146655216395298 0.32547287940979003 0.030589894961221442 0.042656898498535156
45 0.6818275966624481 0.5128589630126953 0.023894978460864486 0.04537754058837891
45 0.7609050746771158 0.5094553470611572 0.025461610851505712 0.04503974914550781
17 0.8534289842330283 0.31094722747802733 0.037917346102673936 0.038872146606445314
45 0.734490605529595 0.5105562210083008 0.02431138653621495 0.046085166931152347
58 0.6593754056334372 0.42553091049194336 0.06839207919587227 0.01774463653564453
17 0.8170863198095145 0.31159462928771975 0.03875193689966251 0.03893275260925293
38 0.17559090334059418 0.45357513427734375 0.09315042307567498 0.01899242401123047
43 0.2916499659774955 0.44814410209655764 0.09921717817043095 0.017688655853271486
29 0.9078689844561267 0.48547887802124023 0.04742260514018692 0.015462684631347656
55 0.9344794252579829 0.41519970893859864 0.06428884345794393 0.012067413330078125
58 0.6353593075634411 0.39334912300109864 0.08560234537253375 0.01257467269897461
61 0.8504355362271223 0.4256283760070801 0.05336095189998702 0.012770843505859376
