39 0.44129009246826173 0.5671793937683105 0.08456770579020183 0.05099411010742187
44 0.25665637652079265 0.5161313056945801 0.09070653915405273 0.04418315887451172
44 0.1460905392964681 0.5175699234008789 0.09199943542480468 0.04781780242919922
39 0.34575529098510743 0.5666170120239258 0.08510882059733073 0.05731410980224609
30 0.06494243144989013 0.8499315261840821 0.05998632113138835 0.03626327514648438
40 0.7584264119466145 0.8745252609252929 0.023758824666341147 0.04398021697998047
30 0.015896222988764443 0.8524048805236817 0.031678307056427005 0.032196044921875
34 0.6333347956339518 0.6953131675720214 0.08136609395345053 0.02126026153564453
40 0.7330717086791992 0.8736268043518066 0.02488428751627604 0.045600509643554686
45 0.6822035471598308 0.8662765502929688 0.02807642618815104 0.0592498779296875
34 0.7355481465657552 0.6969000339508057 0.08667322794596354 0.021564388275146486
30 0.03219662507375081 0.8002129554748535 0.053700192769368486 0.02790069580078125
45 0.7076325098673503 0.8664264678955078 0.02573115030924479 0.05937881469726562
30 0.0878960112730662 0.7987651824951172 0.050680482387542726 0.022538375854492188
40 0.8092998504638672 0.8730300903320313 0.02372144063313802 0.044466400146484376
38 0.22944595019022623 0.8592106819152832 0.07981990178426107 0.09411354064941406
45 0.6320299784342448 0.8633155822753906 0.03144149780273438 0.06679649353027343
40 0.7842544555664063 0.8737618446350097 0.024452082316080728 0.04479293823242188
45 0.6568440119425456 0.8666509628295899 0.02857805887858073 0.061817169189453125
61 0.653377914428711 0.5861222267150878 0.06983489990234375 0.020165252685546874
33 0.830459721883138 0.6795486450195313 0.09075088500976562 0.013017940521240234
33 0.8384726842244467 0.6967448234558106 0.09683926900227864 0.013116264343261718
44 0.15548466046651205 0.5749109268188477 0.0753358523050944 0.0249481201171875
34 0.14168222745259604 0.8687026977539063 0.062164020538330075 0.08364715576171874
60 0.31688566207885743 0.8021670341491699 0.06526673634847005 0.010920143127441407
