29 0.6405419667561849 0.3316796779632568 0.13655980428059897 0.11032257080078126
6 0.31512216726938885 0.5295516967773437 0.11919566790262857 0.12191457748413086
10 0.42466481526692706 0.5233058452606201 0.10198809305826823 0.13002147674560546
31 0.33646901448567706 0.3330949306488037 0.15775369008382162 0.10555305480957031
17 0.5297537167867025 0.5285736560821533 0.10962327321370442 0.12004079818725585
16 0.6417714436848958 0.5279312133789062 0.11423288981119792 0.12163562774658203
21 0.7125095367431641 0.6701939105987549 0.05069656372070312 0.09988870620727539
39 0.3943152109781901 0.8018227577209472 0.18693046569824218 0.058729362487792966
44 0.5744391282399496 0.799720573425293 0.16245266596476238 0.058991432189941406
58 0.5765818913777669 0.6752616882324218 0.2052906036376953 0.04132499694824219
27 0.7364449818929036 0.5343049049377442 0.06361618041992187 0.1229787826538086
60 0.3712310473124186 0.7031066417694092 0.19314034779866537 0.042302703857421874
23 0.6935040791829427 0.7791848182678223 0.04263788859049479 0.09789409637451171
