10 0.5653497060139974 0.5601958274841309 0.053515625 0.048778724670410153
17 0.3993116060892741 0.5617067337036132 0.0532290776570638 0.046185302734375
7 0.6286946614583333 0.5638563156127929 0.06861317952473958 0.05488739013671875
16 0.17224903106689454 0.5693530082702637 0.057759602864583336 0.05192584991455078
7 0.697820536295573 0.5631052017211914 0.07112096150716146 0.05697612762451172
16 0.34283548990885415 0.5640047073364258 0.054312642415364584 0.04805049896240234
7 0.7704147338867188 0.5624269485473633 0.07294692993164062 0.056442642211914064
7 0.7661490122477214 0.6285876750946044 0.07114753723144532 0.04416666030883789
16 0.18289171854654948 0.6299588680267334 0.05672327677408854 0.04343328475952148
7 0.6971970876057942 0.6277738094329834 0.06821161905924479 0.04467763900756836
10 0.5171975135803223 0.6788496494293212 0.05233987172444662 0.04480390548706055
16 0.35478553771972654 0.680605125427246 0.05160026550292969 0.04492874145507812
16 0.35148646036783854 0.6230819702148438 0.05188115437825521 0.04400148391723633
16 0.25035012563069664 0.68252534866333 0.05183245340983073 0.04164886474609375
16 0.22897844314575194 0.5676459789276123 0.05760065714518229 0.05002584457397461
16 0.19642165501912434 0.6849434852600098 0.05447928110758463 0.038926887512207034
10 0.570709228515625 0.6778572082519532 0.052370707194010414 0.04586181640625
7 0.6280865987141927 0.6270759582519532 0.06713536580403646 0.045013427734375
16 0.30270026524861654 0.6820199012756347 0.0518618901570638 0.04363250732421875
10 0.5111829757690429 0.5600130081176757 0.052974828084309894 0.048759078979492186
10 0.5649699529012044 0.6197686672210694 0.05169995625813802 0.04402456283569336
17 0.45783665974934895 0.621712064743042 0.05175768534342448 0.045721912384033205
16 0.28742831548055015 0.5656452178955078 0.0559930165608724 0.04896106719970703
17 0.4045058568318685 0.6227931976318359 0.05268109639485677 0.0455169677734375
10 0.5124114354451498 0.6204981803894043 0.05183334350585937 0.045728111267089845
7 0.6297957738240559 0.6817206382751465 0.06323089599609374 0.038738250732421875
7 0.696814219156901 0.682008171081543 0.06644617716471354 0.03872137069702149
17 0.40808194478352866 0.6797127723693848 0.051318995157877606 0.04192800521850586
16 0.23894689877827963 0.627501392364502 0.05529797871907552 0.043789100646972653
7 0.7640494028727214 0.6816201686859131 0.06510365804036458 0.03678827285766602
16 0.297296682993571 0.6245289802551269 0.05528246561686198 0.04414310455322266
16 0.4597890853881836 0.6786529064178467 0.050370279947916666 0.04383544921875
17 0.45404758453369143 0.5606021881103516 0.05380236307779948 0.04627017974853516
