45 0.5262215397439641 0.3659144401550293 0.03209092881944445 0.0675156593322754
45 0.5591920593198338 0.36531164646148684 0.030075184157580478 0.06839313507080078
45 0.492813506477966 0.3669521570205688 0.03156170394437954 0.06861701011657714
45 0.33773825894016096 0.37625062465667725 0.033827927253699375 0.0689009189605713
45 0.4297480281144535 0.37908766269683836 0.029390424211448597 0.08608403205871581
45 0.30535536911628697 0.3744842767715454 0.033380272727641484 0.06766858100891113
45 0.2730988277700707 0.37599835395812986 0.033513814860786605 0.06517915725708008
45 0.5998675226546275 0.3639458179473877 0.034349292980919 0.06973142623901367
45 0.6343844563295041 0.36181817054748533 0.02873317128277518 0.06513099670410157
45 0.6651354004413291 0.36199235916137695 0.0295819592500649 0.06295247077941894
45 0.40095721251744226 0.37943153381347655 0.02832665052245587 0.08823680877685547
45 0.6976344979069314 0.3607800483703613 0.03011093060423157 0.06365547180175782
45 0.23877568705431026 0.3779865503311157 0.03564375484224916 0.06617274284362792
45 0.37296948774581384 0.38158817291259767 0.031460549105983907 0.08555126190185547
45 0.46150424596800366 0.3688998222351074 0.027521594910111632 0.0719101905822754
