15 0.6144756317138672 0.6985451221466065 0.02969678243001302 0.020228099822998048
29 0.48319597244262696 0.8858808517456055 0.03727639516194661 0.030461883544921874
15 0.5843174616495769 0.6983401298522949 0.029316075642903647 0.020505905151367188
15 0.6138262430826823 0.6687012672424316 0.029941558837890625 0.024166679382324217
15 0.5834403355916341 0.6683333396911622 0.030137379964192707 0.024600887298583986
15 0.6442544301350911 0.668663501739502 0.030374654134114585 0.024374961853027344
15 0.6756966272989909 0.6686614990234375 0.03178672790527344 0.024260330200195312
15 0.6451496124267578 0.6995680809020997 0.030516306559244793 0.021111297607421874
0 0.4933001518249512 0.5931525230407715 0.036187299092610675 0.016971015930175783
11 0.46913140614827475 0.6830607414245605 0.06376056671142578 0.06442604064941407
29 0.5211628595987956 0.887532901763916 0.0374518076578776 0.02932567596435547
28 0.4462879180908203 0.882635498046875 0.031192906697591147 0.02548370361328125
7 0.5336387634277344 0.32527899742126465 0.03029009501139323 0.019702720642089843
10 0.5882052103678386 0.41433695554733274 0.024151102701822916 0.02920534610748291
30 0.2880592346191406 0.8829631805419922 0.035567855834960936 0.027415084838867187
6 0.6399998982747396 0.4102941513061523 0.024810791015625 0.02171916961669922
1 0.5665454864501953 0.591837215423584 0.036456298828125 0.01678466796875
16 0.7515270233154296 0.32283744812011717 0.024758148193359374 0.022632026672363283
15 0.6765208562215169 0.7003256797790527 0.031218973795572917 0.02075052261352539
7 0.5642293294270834 0.3256205081939697 0.030364481608072917 0.019535064697265625
30 0.2518024285634359 0.8816883087158203 0.03449392318725586 0.027062225341796874
7 0.6601095835367838 0.3247200965881348 0.03170496622721354 0.020470428466796874
28 0.42625039418538413 0.8568935394287109 0.038842391967773435 0.02561492919921875
11 0.5325606028238933 0.6824549674987793 0.0613800048828125 0.06499061584472657
5 0.6951237360636393 0.3217482566833496 0.02976671854654948 0.03483133316040039
7 0.5968058268229167 0.21781401634216307 0.03372205098470052 0.019815921783447266
6 0.6356205622355143 0.4387350082397461 0.02439422607421875 0.020550060272216796
7 0.594863764444987 0.325356125831604 0.031192779541015625 0.020073127746582032
7 0.6279869715372721 0.3246411561965942 0.032513427734375 0.020198822021484375
6 0.6602682113647461 0.43881731033325194 0.025038655598958334 0.02080364227294922
16 0.7773979187011719 0.24571263790130615 0.026756795247395833 0.02071666717529297
28 0.4115608215332031 0.8864252090454101 0.04055836995442708 0.026929855346679688
31 0.367041015625 0.8836794853210449 0.03722381591796875 0.027269554138183594
0 0.493138853708903 0.6091935157775878 0.035936228434244794 0.016689395904541014
0 0.5298063278198242 0.5940797805786133 0.03527679443359375 0.01610727310180664
6 0.6650913874308269 0.4098490595817566 0.024924850463867186 0.021156907081604004
7 0.5352332433064778 0.24502620697021485 0.03117192586263021 0.020088386535644532
31 0.3294036865234375 0.8835971832275391 0.036086654663085936 0.02644767761230469
7 0.6321481068929037 0.21744611263275146 0.03341318766276042 0.020250272750854493
16 0.7765492757161458 0.32188167572021487 0.02469914754231771 0.021053361892700195
7 0.5647143046061198 0.21651072502136232 0.029308064778645834 0.01948256492614746
10 0.5858990987141927 0.43996415138244627 0.023943583170572918 0.02346324920654297
2 0.5369828542073568 0.41365609169006345 0.02299334208170573 0.027452850341796876
13 0.6008604049682618 0.5246269702911377 0.021007410685221353 0.018259048461914062
7 0.564215342203776 0.35233662128448484 0.030344136555989585 0.019646406173706055
16 0.7517360051472982 0.2459772825241089 0.024161275227864584 0.021038818359375
7 0.5335640112559 0.35210566520690917 0.03054526646931966 0.01972808837890625
7 0.5667459487915039 0.24528861045837402 0.03124847412109375 0.020445871353149413
16 0.7556050618489584 0.21635541915893555 0.025491078694661457 0.020545196533203126
12 0.6648907979329427 0.497232723236084 0.021701558430989584 0.01917877197265625
3 0.6431209564208984 0.5896041393280029 0.03183746337890625 0.027036666870117188
2 0.5612406412760417 0.4420777320861816 0.022397994995117188 0.028110504150390625
7 0.5955378850301106 0.352248477935791 0.03079808553059896 0.020146274566650392
12 0.6227668762207031 0.5250298023223877 0.021251932779947916 0.01792011260986328
7 0.5984837214152018 0.2455051898956299 0.03133519490559896 0.020383930206298827
30 0.21388295491536458 0.8802057266235351 0.03452574412027995 0.022633743286132813
2 0.5331833521525066 0.44222030639648435 0.02157758076985677 0.027947139739990235
2 0.5631121953328451 0.4138114094734192 0.02452061971028646 0.028534483909606934
10 0.6164140065511068 0.4144083023071289 0.019114176432291668 0.027997970581054688
3 0.6415995279947917 0.6136176109313964 0.030684916178385417 0.021675682067871092
16 0.7828567504882813 0.21602997779846192 0.02794062296549479 0.0208251953125
12 0.6439146041870117 0.49670777320861814 0.02005449930826823 0.01850862503051758
1 0.5673410415649414 0.6077397346496582 0.036204020182291664 0.015194129943847657
16 0.7556558609008789 0.3497760772705078 0.025009918212890624 0.02104663848876953
3 0.6725358327229818 0.6130865097045899 0.029831949869791666 0.01998424530029297
7 0.6643123626708984 0.21831881999969482 0.029848225911458335 0.02031283378601074
12 0.6230279286702474 0.49634723663330077 0.02140223185221354 0.018001747131347657
10 0.6098925272623698 0.43890838623046874 0.023992156982421874 0.020998287200927734
16 0.7811775207519531 0.3494591474533081 0.02491582234700521 0.02087430953979492
7 0.5342701594034831 0.21467392444610595 0.031495920817057294 0.01927809715270996
13 0.6011301040649414 0.49598016738891604 0.020720163981119793 0.01733884811401367
13 0.5598793029785156 0.52458815574646 0.01998456319173177 0.0181854248046875
3 0.6748549779256184 0.5896687030792236 0.03143781026204427 0.027575016021728516
7 0.6601802190144856 0.3520956993103027 0.03062896728515625 0.0205657958984375
17 0.7014414469401041 0.22128081321716309 0.020018895467122395 0.02848825454711914
12 0.6646533966064453 0.5253547668457031 0.021316019694010417 0.018660926818847658
12 0.6434919993082683 0.525281572341919 0.02022730509440104 0.017907428741455077
22 0.42939494450887045 0.5927265167236329 0.028555997212727866 0.01926727294921875
13 0.539474089940389 0.5245754241943359 0.020568116505940755 0.0186920166015625
22 0.4595832188924154 0.5928205490112305 0.03020159403483073 0.01896076202392578
17 0.6994030634562175 0.25061161518096925 0.017620849609375 0.024937534332275392
1 0.6038021087646485 0.5930996894836426 0.036638895670572914 0.016149139404296874
13 0.5600186030069987 0.49572162628173827 0.02019220987955729 0.017700004577636718
17 0.6953884124755859 0.3545267343521118 0.0232635498046875 0.028185129165649414
7 0.6279771804809571 0.35201616287231446 0.03232930501302083 0.020596885681152345
13 0.5806505839029948 0.5246090412139892 0.020257059733072916 0.018173694610595703
17 0.7289632161458334 0.24884471893310547 0.01922632853190104 0.02648501396179199
13 0.5393229802449544 0.49584450721740725 0.021247736612955728 0.01806011199951172
7 0.6319624582926432 0.24572365283966063 0.032788848876953124 0.019826889038085938
13 0.5804148356119792 0.4958338737487793 0.020240020751953126 0.017228126525878906
1 0.606072743733724 0.6092414379119873 0.037705485026041666 0.015682792663574217
17 0.7263561248779297 0.3549300193786621 0.018864186604817708 0.027724647521972658
0 0.529839038848877 0.6091581344604492 0.03625481923421224 0.016458702087402344
17 0.731133778889974 0.2214646339416504 0.02003631591796875 0.026157712936401366
0 0.5305534362792969 0.6194978713989258 0.03797454833984375 0.017957687377929688
