6 0.4295093324449327 0.7022663434346517 0.04388847351074219 0.05862903594970703
9 0.41786441802978513 0.5623437881469726 0.06301129659016927 0.05700225830078125
9 0.4798494127061632 0.5629978497823079 0.062387847900390626 0.057291475931803386
9 0.41854608323838977 0.6111698150634766 0.05980555216471354 0.04299354553222656
3 0.2878214518229167 0.5619520823160807 0.06668739318847657 0.058123270670572914
6 0.38444735209147135 0.7043349901835124 0.04556706746419271 0.05752887725830078
9 0.4785118103027344 0.6109280268351237 0.06001637776692708 0.041778182983398436
3 0.3567502763536241 0.6118385950724284 0.061385260687934026 0.04186820983886719
3 0.29360939661661783 0.6116413116455078 0.0633395512898763 0.04423332214355469
7 0.542425028483073 0.5631955782572429 0.06325734456380208 0.05505924224853516
2 0.29383719762166344 0.7037652651468913 0.04561773935953776 0.058330345153808597
7 0.5379642486572266 0.6111512819925944 0.06019999186197917 0.04484424591064453
7 0.5987551371256511 0.6133130709330241 0.062346394856770834 0.04335791269938151
3 0.3538575702243381 0.5629394213358562 0.06511412726508246 0.05942389170328776
7 0.6045172373453777 0.5639831225077311 0.06433181762695313 0.05835399627685547
2 0.3391513188680013 0.7036235809326172 0.0443414052327474 0.058090591430664064
