10 0.40447088877360027 0.6859494209289551 0.037670834859212236 0.03863239288330078
43 0.36301568349202473 0.29225707054138184 0.048549652099609375 0.06768131256103516
10 0.3661901791890462 0.6851203918457032 0.03835900624593099 0.039963054656982425
44 0.43342583974202475 0.2922478675842285 0.09502429962158203 0.07272672653198242
13 0.4853575388590495 0.789522933959961 0.03022340138753255 0.036240577697753906
44 0.5252056439717611 0.29615154266357424 0.092167599995931 0.06696863174438476
13 0.32887754440307615 0.448684024810791 0.03745072682698568 0.040154647827148435
10 0.32750444412231444 0.6849141597747803 0.03882261912027995 0.039367961883544925
29 0.4524046579996745 0.6883633613586426 0.054790369669596356 0.035556602478027347
39 0.6287841796875 0.29435253143310547 0.10415674845377604 0.07123103141784667
24 0.47362489700317384 0.5798924446105957 0.02473106384277344 0.03307075500488281
38 0.3048739751180013 0.289541220664978 0.0643548329671224 0.0725475788116455
13 0.29172900517781575 0.4484368324279785 0.03626092274983724 0.03964414596557617
12 0.41520166397094727 0.7880465030670166 0.0338870366414388 0.03761167526245117
13 0.5156115214029948 0.7901473999023437 0.029576746622721355 0.03723278045654297
47 0.5610646565755208 0.6471183776855469 0.047296396891276044 0.023993492126464844
47 0.6106313069661459 0.6500195503234864 0.04895426432291667 0.025678062438964845
12 0.4027661641438802 0.44983615875244143 0.035900115966796875 0.04035730361938476
31 0.5088502883911132 0.6907571792602539 0.05521202087402344 0.03397178649902344
47 0.5613860448201498 0.6838144302368164 0.04923655192057292 0.04784259796142578
12 0.4397153854370117 0.45020112991333006 0.03714694976806641 0.039827728271484376
13 0.3660093307495117 0.4490212440490723 0.03700396219889323 0.04009227752685547
12 0.45315316518147786 0.7885907173156739 0.03233795166015625 0.037077903747558594
24 0.44877230326334633 0.5800827503204345 0.02483189900716146 0.032093048095703125
40 0.5526212056477865 0.5754353523254394 0.026743062337239585 0.04575929641723633
40 0.6111881256103515 0.5750367164611816 0.028358968098958333 0.047725677490234375
47 0.6210483551025391 0.685698413848877 0.049078114827473956 0.045754623413085935
40 0.524905268351237 0.5751275539398193 0.025572458902994793 0.04429826736450195
24 0.42399609883626305 0.5797470092773438 0.024663416544596355 0.03133716583251953
40 0.6409675598144531 0.5754811286926269 0.029852803548177084 0.04846458435058594
40 0.5804327011108399 0.5751894950866699 0.026755142211914062 0.04664592742919922
58 0.5212729454040528 0.44923553466796873 0.11274102528889975 0.01843891143798828
58 0.5193775177001954 0.4335653305053711 0.1068555196126302 0.01247711181640625
40 0.49884748458862305 0.5767756462097168 0.02552967071533203 0.04040603637695313
16 0.35119479497273765 0.5745515346527099 0.04102280934651693 0.03951702117919922
10 0.3677496592203776 0.6555093765258789 0.03525981903076172 0.0202728271484375
58 0.5227933247884115 0.46488103866577146 0.11010932922363281 0.014633750915527344
60 0.6234170277913411 0.45303964614868164 0.081744384765625 0.018018341064453124
16 0.3100798924763997 0.5729306221008301 0.04079996744791667 0.041810226440429685
10 0.40431919097900393 0.656379508972168 0.036029815673828125 0.020438766479492186
60 0.6182533264160156 0.43265595436096194 0.08024279276529948 0.016518688201904295
12 0.5157748540242513 0.7607362747192383 0.029970423380533854 0.019969367980957033
10 0.33017152150472007 0.6557566165924072 0.03623212178548177 0.020258522033691405
60 0.615201187133789 0.41144647598266604 0.07957801818847657 0.013415145874023437
12 0.42306359608968097 0.7604930877685547 0.031261444091796875 0.018476390838623048
17 0.3919745763142904 0.5754201889038086 0.0387811024983724 0.03910493850708008
12 0.485163942972819 0.7608572959899902 0.03011182149251302 0.020062637329101563
12 0.4553717931111654 0.7603160858154296 0.028691482543945313 0.019869422912597655
