44 0.4938668992784288 0.5569649696350097 0.07255350748697917 0.03900566101074219
43 0.3105383978949653 0.6934845924377442 0.10131751166449653 0.029118919372558595
32 0.613665517171224 0.44973092079162597 0.04636654324001736 0.027399349212646484
32 0.6184341430664062 0.4812274932861328 0.04203830295138889 0.018053722381591798
57 0.6363049825032552 0.7946599960327149 0.11478339301215278 0.07258358001708984
33 0.39617741902669273 0.4849688529968262 0.10390489366319444 0.01875476837158203
41 0.5764163547092014 0.6940693855285645 0.15464935302734376 0.08387117385864258
37 0.40938021341959635 0.7103642463684082 0.06718707614474827 0.050570106506347655
43 0.3150316450330946 0.7190348625183105 0.10535719129774306 0.03028392791748047
38 0.3055615531073676 0.5633130073547363 0.10418671502007379 0.02315864562988281
34 0.2818473603990343 0.5041548252105713 0.10174107021755642 0.024971675872802735
42 0.4717845492892795 0.7066261291503906 0.05323367648654514 0.04644718170166016
32 0.5712358262803819 0.48425955772399903 0.0464005364312066 0.020460796356201173
33 0.3959715949164497 0.5033662796020508 0.10087009006076389 0.017501258850097658
58 0.2485942628648546 0.34392218589782714 0.11208012898763021 0.014072847366333009
34 0.2791267395019531 0.4804409980773926 0.11022143893771702 0.023529243469238282
58 0.2565745883517795 0.36141490936279297 0.10793050130208333 0.015393733978271484
33 0.39147109985351564 0.46802845001220705 0.10048455132378473 0.014948463439941407
39 0.4098690032958984 0.5616382598876953 0.07838185628255208 0.03806257247924805
43 0.32315698199801973 0.7501038551330567 0.09780970679389106 0.030743408203125
61 0.3634142133924696 0.3684569835662842 0.08483055962456597 0.017099761962890626
38 0.30831385718451604 0.5883718490600586 0.10078959994845921 0.02549400329589844
32 0.5681284586588542 0.45177669525146485 0.039002312554253474 0.025055313110351564
34 0.27316646575927733 0.46036720275878906 0.11014662848578559 0.017713356018066406
58 0.26224305894639754 0.37532219886779783 0.0881590101453993 0.012566518783569337
40 0.5111218770345052 0.47747097015380857 0.02764528062608507 0.03655529022216797
33 0.3823170132107205 0.45526952743530275 0.09800499810112848 0.012035751342773437
38 0.3112857394748264 0.6207831382751465 0.09737675984700521 0.02695941925048828
55 0.5503139495849609 0.36525759696960447 0.09103359646267362 0.014121723175048829
61 0.3664479573567708 0.3851564884185791 0.06738705105251735 0.013890361785888672
40 0.483221435546875 0.4817203044891357 0.01900507609049479 0.030826473236083986
40 0.4641620212131076 0.48174142837524414 0.020985073513454862 0.0305755615234375
