23 0.7768295288085938 0.615191650390625 0.04409332275390625 0.06032772064208984
47 0.6156052907307943 0.786103630065918 0.08253224690755208 0.08401012420654297
47 0.700655174255371 0.785959529876709 0.08605486551920573 0.08497390747070313
10 0.4725265185038249 0.3379866123199463 0.08329308827718099 0.0933915615081787
12 0.3116509755452474 0.425052273273468 0.06662470499674479 0.05656354427337647
12 0.24437333742777506 0.42609519958496095 0.06610593795776368 0.0578338623046875
28 0.3171506563822428 0.804493522644043 0.09948813120524089 0.05719738006591797
10 0.38346338272094727 0.34327044486999514 0.08029098510742187 0.09385509490966797
47 0.7899782816569011 0.7292985439300537 0.0925463358561198 0.07541399002075196
10 0.3883573849995931 0.4218295574188232 0.07851123809814453 0.062088966369628906
17 0.725451914469401 0.3344393730163574 0.08300806681315104 0.0955291748046875
31 0.43090190887451174 0.7259560585021972 0.09167149861653646 0.04508419036865234
31 0.4204069137573242 0.7993491649627685 0.1045850118001302 0.06168222427368164
17 0.8130636850992838 0.41451315879821776 0.08174387613932292 0.061570358276367185
47 0.679501469930013 0.7161688804626465 0.07596117655436198 0.044547080993652344
21 0.8243467966715495 0.6151515960693359 0.047882080078125 0.06017627716064453
17 0.7310600916544596 0.41522836685180664 0.07946929931640626 0.06086578369140625
2 0.5651199499766032 0.3347024917602539 0.08431164423624675 0.09387149810791015
2 0.4851940790812174 0.4185582160949707 0.07722905476888021 0.06406488418579101
17 0.8307132720947266 0.33074445724487306 0.05976155598958333 0.09185781478881835
12 0.30569597880045574 0.34327261447906493 0.07194137573242188 0.09545197486877441
47 0.7878036499023438 0.7964923858642579 0.08567886352539063 0.0641519546508789
30 0.5255131403605143 0.8030179977416992 0.1053961435953776 0.05465679168701172
19 0.5684529463450114 0.6214165687561035 0.08518298467000325 0.05317211151123047
16 0.6503200531005859 0.41541643142700196 0.07801907857259115 0.06604347229003907
2 0.567363421122233 0.4170642852783203 0.08315811157226563 0.06599597930908203
12 0.23546789487202963 0.3453160285949707 0.07124230066935221 0.0951540470123291
27 0.731576665242513 0.6170106887817383 0.04516194661458333 0.05940513610839844
0 0.38409080505371096 0.6223320007324219 0.09144910176595052 0.05450305938720703
22 0.4767870585123698 0.6225127220153809 0.09564666748046875 0.053331184387207034
24 0.6853630065917968 0.6175394058227539 0.04600728352864583 0.059189224243164064
47 0.6100405375162761 0.7266233921051025 0.06957270304361979 0.036538314819335935
19 0.4820289929707845 0.5396780967712402 0.07451635996500651 0.06875038146972656
1 0.2830829938252767 0.6298953056335449 0.09899832407633463 0.04403362274169922
19 0.5623364130655925 0.5492316246032715 0.09055074055989583 0.08141021728515625
16 0.6456514994303385 0.333259654045105 0.07630767822265624 0.0908128261566162
24 0.6359882354736328 0.6166108131408692 0.04567031860351563 0.06049079895019531
