9 0.6644208908081055 0.17342236042022705 0.05522511800130208 0.0490966796875
10 0.7500222524007162 0.21686828136444092 0.04068425496419271 0.04747319221496582
28 0.22931820551554363 0.5746673107147217 0.04732570648193359 0.02618856430053711
16 0.8936592102050781 0.26273164749145506 0.03852361043294271 0.043766117095947264
30 0.2713877360026042 0.6014255046844482 0.05030956268310547 0.027403545379638673
10 0.7503089904785156 0.25832977294921877 0.040598297119140626 0.034680747985839845
31 0.3819729487101237 0.5983941078186035 0.05211499532063802 0.02650928497314453
17 0.9309134165445964 0.21688029766082764 0.0392974853515625 0.04522099494934082
9 0.6620169321695963 0.2660364627838135 0.05039087931315104 0.04393329620361328
10 0.7099146525065104 0.21759442687034608 0.040911865234375 0.04803811311721802
28 0.21815876960754393 0.6011943817138672 0.05043938954671224 0.025593948364257813
13 0.7905330657958984 0.21495761275291442 0.037189483642578125 0.049133694171905516
12 0.824969736735026 0.21509549617767335 0.031652069091796874 0.04694442749023438
31 0.3295267105102539 0.597240400314331 0.049472681681315106 0.0273590087890625
16 0.8559868494669597 0.216177898645401 0.03166186014811198 0.04528654813766479
10 0.7089831034342448 0.25867271423339844 0.04243672688802083 0.03525323867797851
16 0.8915054321289062 0.21575069427490234 0.03887888590494792 0.04633727073669434
13 0.8238980611165364 0.26276001930236814 0.03087336222330729 0.0440709114074707
30 0.278974715868632 0.5746848106384277 0.04869615236918132 0.025779914855957032
31 0.3870996475219727 0.5717630386352539 0.04798418680826823 0.025789546966552734
9 0.6641162872314453 0.22090067863464355 0.05216547648111979 0.04844512939453125
29 0.16102333068847657 0.5891489028930664 0.0548333485921224 0.023236083984375
31 0.3356352170308431 0.5743860721588134 0.04941425323486328 0.021650028228759766
16 0.8569478352864583 0.2629088878631592 0.03353182474772135 0.043408775329589845
17 0.9299800237019856 0.263029146194458 0.03431777954101563 0.04385318756103516
13 0.7897968292236328 0.2605305194854736 0.03619028727213542 0.04115614891052246
31 0.34276841481526693 0.5566154003143311 0.0454315185546875 0.01725177764892578
29 0.1832888603210449 0.5731779098510742 0.04344244003295898 0.016753005981445312
