0 0.19866402943929037 0.4088596224784851 0.03451229731241862 0.023472046852111815
9 0.46600348154703775 0.46700344085693357 0.03471641540527344 0.02790546417236328
43 0.6615659713745117 0.7490859031677246 0.03138440450032552 0.038553810119628905
28 0.34487457275390626 0.5207297325134277 0.038665771484375 0.020248603820800782
9 0.43094027837117516 0.46680560111999514 0.035866928100585935 0.028763008117675782
39 0.5062561670939127 0.7486822128295898 0.05996513366699219 0.04121589660644531
10 0.36443068186442057 0.46775040626525877 0.026665242513020833 0.027906417846679688
13 0.1738144874572754 0.46725902557373045 0.02197605768839518 0.030777168273925782
17 0.1507907549540202 0.46757259368896487 0.024549547831217447 0.029992103576660156
0 0.16339219411214193 0.4077304720878601 0.036153380076090494 0.02517263889312744
10 0.393563715616862 0.467562198638916 0.031011199951171874 0.02802867889404297
6 0.3088226318359375 0.4676637649536133 0.02717450459798177 0.0297882080078125
30 0.3865364074707031 0.5024158477783203 0.036620712280273436 0.016476535797119142
44 0.6183774312337239 0.7474178314208985 0.051607004801432294 0.04157543182373047
10 0.3370161692301432 0.467860746383667 0.027315648396809895 0.028073692321777345
30 0.3840959548950195 0.5203845977783204 0.03871637980143229 0.020078468322753906
28 0.34865560531616213 0.5024795055389404 0.03792737325032552 0.015820121765136717
19 0.20051476160685222 0.5292133331298828 0.030486679077148436 0.028792762756347658
39 0.5646595001220703 0.7482976913452148 0.05337473551432292 0.04137439727783203
19 0.16824026107788087 0.5289463043212891 0.03381048838297526 0.03005695343017578
16 0.09592048327128093 0.4674212455749512 0.02846495310465495 0.02902078628540039
22 0.12638777097066242 0.4075727939605713 0.03613414764404297 0.026533031463623048
12 0.19814146359761556 0.46715512275695803 0.026758861541748048 0.029942893981933595
2 0.25483934084574383 0.46727714538574217 0.026679452260335287 0.030068588256835938
22 0.08962472279866536 0.40756796598434447 0.03692477544148763 0.02632162570953369
29 0.3010725021362305 0.5203346729278564 0.03903249104817708 0.02135438919067383
18 0.1342663606007894 0.5291495800018311 0.03471714655558268 0.030611133575439452
6 0.28199469248453773 0.46778335571289065 0.02674134572347005 0.029844188690185548
2 0.22707215944925943 0.4671489715576172 0.028303050994873048 0.029914283752441408
31 0.2607225259145101 0.5191082000732422 0.040538692474365236 0.02187767028808594
47 0.0094411571820577 0.44104743003845215 0.01875161329905192 0.03049955368041992
1 0.23294852574666342 0.40866794586181643 0.033947690327962236 0.02480659484863281
1 0.26786436239878336 0.40844340324401857 0.034717289606730144 0.02572479248046875
33 0.7131810506184896 0.7440407752990723 0.017802047729492187 0.045674705505371095
55 0.7015711466471354 0.6294062614440918 0.07076161702473958 0.01283731460571289
58 0.6338901519775391 0.6285271644592285 0.05805002848307292 0.009396839141845702
33 0.7621372858683269 0.7427077293395996 0.02526830037434896 0.04875869750976562
29 0.30800120035807294 0.5021828174591064 0.038315200805664064 0.015355968475341797
33 0.7349895477294922 0.7429116725921631 0.024217987060546876 0.04793338775634766
31 0.2666982571283976 0.5012906074523926 0.04171449343363444 0.013976287841796876
58 0.6305414835611979 0.6171859741210938 0.05397720336914062 0.009342575073242187
34 0.6914700826009115 0.7441770553588867 0.02629254659016927 0.04532890319824219
55 0.6987500508626302 0.6163213729858399 0.06677017211914063 0.011302947998046875
55 0.703012212117513 0.6404191493988037 0.06815439860026042 0.009583282470703124
