17 0.4951666831970215 0.5592506249745687 0.0475372314453125 0.116236146291097
23 0.32938327789306643 0.8226814905802409 0.04529638290405273 0.12741686503092448
21 0.25540962219238283 0.815600331624349 0.04752292633056641 0.1334424336751302
3 0.304218053817749 0.5229592641194661 0.07634105682373046 0.11266276041666666
17 0.5509334564208984 0.5689116001129151 0.0469268798828125 0.1143898328145345
3 0.3199200391769409 0.4118953704833984 0.07385587692260742 0.11035499572753907
24 0.21703455448150635 0.812570063273112 0.04620671272277832 0.1347020467122396
23 0.29253430366516114 0.8196482340494792 0.04478664398193359 0.12901522318522135
24 0.17753229141235352 0.8094556172688802 0.0467780590057373 0.13700459798177084
22 0.7045116424560547 0.6136889139811198 0.06174545288085938 0.0983594258626302
27 0.050574767589569095 0.7967753092447917 0.055714654922485354 0.14388326009114583
27 0.09589558839797974 0.8006191253662109 0.052402591705322264 0.14187672932942708
24 0.1366659164428711 0.8044202168782552 0.046651363372802734 0.14083964029947918
16 0.38429899215698243 0.4374951998392741 0.04178571701049805 0.07741463979085286
0 0.8033935785293579 0.6337807973225912 0.044666624069213866 0.09086837768554687
19 0.2460792064666748 0.38952480951944984 0.07019214630126953 0.11501426696777343
1 0.7553539276123047 0.624087142944336 0.052262306213378906 0.09539413452148438
16 0.44184255599975586 0.5451690038045247 0.040479087829589845 0.11583061218261718
27 0.01851220577955246 0.7909347534179687 0.03682149946689606 0.14559300740559897
22 0.6513709545135498 0.6013332366943359 0.05360193252563476 0.10005378723144531
0 0.8426015853881836 0.6439565022786459 0.04269561767578125 0.09204788208007812
16 0.379012393951416 0.5345635096232096 0.05254278182983398 0.1141370137532552
