10 0.3226318715888763 0.8269699392556483 0.015527196390977901 0.03214042008418456
9 0.2589216618523048 0.6549800545224853 0.021383600442951713 0.037308542351973686
7 0.34539061691902134 0.6537923839283782 0.02192253041490216 0.03738872496375087
9 0.28049495138483255 0.6545424950089811 0.021912904543297314 0.03808695193472992
10 0.27295676495798654 0.8263263226876298 0.016367665703794294 0.0316858687889543
16 0.45654639128212615 0.5210765088364028 0.016505066108109423 0.036750307373723166
17 0.5044991561556902 0.38495595831620066 0.01690863968798676 0.03567394985716759
16 0.49060595741153135 0.5217648239347082 0.016672389900944315 0.03546759692585699
7 0.32395728280611125 0.6547264247059492 0.021179389359423675 0.035736041716261255
9 0.2373547539161373 0.6565111324067261 0.022037803198318245 0.03741683325939231
11 0.09094782558928398 0.9255716001558172 0.04785961971104702 0.08777278149887466
16 0.125900779557748 0.2266264199550132 0.01960224377403378 0.035090924630204724
16 0.1672531318070361 0.22880567936355717 0.019244422793759736 0.034889178923292505
10 0.3388906579894069 0.8274873855041335 0.016224157030337326 0.031735660626947715
10 0.27207063811590365 0.7796404724966456 0.015847013004100956 0.03763223156704467
7 0.3873183110792689 0.6508383711289171 0.021060076086691977 0.038065141588036706
16 0.12376113844066394 0.27756862693216 0.020280950908720306 0.03680557293244676
17 0.48744339512144663 0.3853029161278891 0.016965491749415886 0.037765164784777525
10 0.3707851279190396 0.8275926331073623 0.015823934679833528 0.03196373936872403
10 0.3224400315329293 0.7803415736993594 0.01589956313278816 0.03778211429838989
16 0.14723922753259772 0.22763016085215224 0.020817848752220845 0.033240849291518784
9 0.23763114715290962 0.7010238943337733 0.021221101469711352 0.029714399427588297
16 0.10584275670512072 0.22592929195499156 0.020369960511584892 0.035757535052101365
10 0.3550465545178945 0.8279134480906986 0.01604509205090294 0.031401911600805056
10 0.28870461960076543 0.7794238061455808 0.016852667027173383 0.039299793190573064
9 0.30215698907679855 0.6550180535567435 0.021383457837446457 0.03724404121039647
16 0.45443418984101197 0.5691300917860543 0.016696965583016938 0.033113347526402354
16 0.18596069240867164 0.22916903720337928 0.01776738627306026 0.03492696661698191
10 0.2893553404050453 0.8265811994135215 0.015841427621811722 0.032463940226800554
10 0.3385524452661057 0.7817856638055098 0.016031116711387752 0.037274981469658935
10 0.3058452309106369 0.8266801067996884 0.016777656531408197 0.03224685119459834
10 0.30577177719163745 0.7798821193029346 0.016691594108985592 0.03863609926852493
11 0.04510660186363529 0.9261034598310899 0.04589948475917923 0.09005923284387984
10 0.37132247734664015 0.783444264588924 0.015616134691089856 0.03745960859050381
16 0.4879625266957506 0.567429835776543 0.01632585852316978 0.03292563483325398
16 0.1038196777628961 0.27664420215046637 0.019270365111924405 0.036954060816038345
16 0.5044843489507277 0.5673487232662634 0.017084377205631815 0.0319195691898589
7 0.38713063035055856 0.6982859983998982 0.020631617846147293 0.03162918724842019
16 0.20256487528483072 0.2792256215272518 0.019053889954944267 0.035772793841163865
29 0.17743324564996166 0.8124056998382315 0.024343009307005694 0.027863225117944944
16 0.20376519176447502 0.23029499635141643 0.019057871025299357 0.03624514001228142
7 0.36593965429383274 0.6985436436872403 0.020722576390917055 0.03089173546788435
16 0.5073116219303689 0.5220739306505368 0.01678219613999221 0.0344628838621018
30 0.10680275914082274 0.783322363348879 0.022809073189708675 0.02857332942888677
10 0.3549777830129843 0.7833401582247663 0.016693780726732867 0.03803403225631925
16 0.4712262019932827 0.5681647092021404 0.01652854848130841 0.03415166374058604
17 0.5038769208010855 0.43285788327372965 0.016784002476392133 0.03211949736788002
7 0.366758435686058 0.6517184777933475 0.0198721959954853 0.036884593171095915
9 0.30292766487858375 0.7023555935254718 0.019874857964916764 0.03112649257163262
30 0.1304836570288162 0.7853254915274411 0.022742155556366824 0.027827466293715374
16 0.16299223379925404 0.2778797413833914 0.018937702119536118 0.03505161528442045
16 0.47358741641415986 0.5216271566882358 0.016515904126508957 0.03617896928021122
7 0.3241787372719833 0.7009958071721888 0.020578283387181172 0.03054408023231908
30 0.07997008350407966 0.7831261124967538 0.02366310190931659 0.027151345546225763
17 0.48725888736522827 0.43312899095529994 0.01661149735019957 0.03392383860749221
7 0.34495528984664015 0.699643840419949 0.020654292121483158 0.030316466439793976
17 0.46999805961442515 0.38530978469637295 0.0166703458887023 0.036743502207409975
29 0.18822170863641757 0.7840429078839162 0.023968788693627095 0.03013074034799169
11 0.1342891324717679 0.9261083206641707 0.040694287261487536 0.08899111760950484
29 0.15214972332630575 0.8127694592251342 0.024534374011268498 0.02780371161378982
9 0.25948704514548043 0.7015594947371127 0.021634871343214564 0.031025936729029605
29 0.16309201011776553 0.783807812635258 0.024110550449644667 0.027358459303583795
29 0.21573859954548774 0.7829252121521165 0.02219241133360105 0.030986162433994113
9 0.28102343550352293 0.7020163073764283 0.020912740832177278 0.03099842018698061
16 0.46997899801188914 0.4323703628497771 0.016529831930855724 0.03347173886285924
10 0.2557900806082372 0.7799649225377641 0.01613607436325691 0.03715460188170879
29 0.20735715705657673 0.8111891812564924 0.02539042297553422 0.027223539484504847
21 0.5531871712467752 0.5382935162066093 0.02678487902489778 0.011042037498917936
29 0.2335390465281834 0.8126510662385301 0.023360065210645445 0.02690855750086565
29 0.23814169862931392 0.7831743404145386 0.019869629096390673 0.031464299336694944
19 0.4118740759163259 0.38301807097120627 0.020875164281542055 0.026719069546939925
19 0.36802066078067197 0.43073095179000387 0.02099174428208966 0.031006662469161183
23 0.5278130409502166 0.5649044850526423 0.02524150717666959 0.014125031447476627
30 0.09691458847663856 0.8109510004355306 0.024914619707244207 0.024938440719139542
30 0.12211529859501254 0.8126354693045577 0.025793022084458966 0.025304482584184558
18 0.39513719267562913 0.5687160756119071 0.019841060460170853 0.029443629890927976
16 0.1841232917761877 0.27892874086332453 0.018280552183727608 0.03462181196978878
30 0.05424126063551858 0.7821411386421182 0.023857597992798994 0.028847226805964334
18 0.41610803336740654 0.5692179460604765 0.01980248567099883 0.029667270480760906
19 0.36832127318575375 0.3830635937297113 0.02118682861328125 0.029223201677739785
18 0.3956503229349202 0.5218186735116214 0.01998853832019081 0.03110045541356475
30 0.04474206282713703 0.81021168885799 0.024062857820980273 0.022880913478185595
19 0.38994995307328173 0.43087654430780387 0.021899166879624222 0.032158764445550554
16 0.4530158830208942 0.4323084611971953 0.017115275065104168 0.03294630394087604
19 0.4128137511256328 0.4322847910534972 0.021611008688668224 0.030825628137984763
23 0.5258187029591973 0.42874031383905387 0.02482700050805588 0.013004207875259695
21 0.5546552473882277 0.5641172837022269 0.02623603797033197 0.011976543225740132
21 0.5510705728025823 0.40532502573282764 0.0253400951159706 0.010540610865542763
24 0.5811597164546218 0.5650364461037591 0.024629349277769667 0.011625464272961392
16 0.4531229797553422 0.38479071112550856 0.016770740164403233 0.036652752567196155
24 0.5793479848130841 0.432000495720438 0.02520038925598715 0.011961707117815096
18 0.41622939065238024 0.5225413525864028 0.020449059031834114 0.0316546326528956
10 0.25537896082037337 0.8253042796972385 0.018307504624221184 0.03212139943299862
19 0.3899432981497031 0.3834820691898589 0.0212782625097352 0.029629440518957755
21 0.5520941475841487 0.4205209198420728 0.024557856384467485 0.009920791245563538
23 0.5273963714314398 0.5384789041535015 0.024287333740994937 0.010339879593360458
