39 0.35492197672526044 0.7357428550720215 0.04619585673014323 0.04077854156494141
43 0.22442715962727863 0.6449107170104981 0.06527811686197917 0.018807125091552735
39 0.40507704416910806 0.7367429733276367 0.05355402628580729 0.0420989990234375
37 0.4839219411214193 0.7382690906524658 0.07506879170735677 0.039863967895507814
37 0.5610108057657878 0.7393203735351562 0.0695550282796224 0.03944416046142578
44 0.4168916384379069 0.6550437450408936 0.05245831807454427 0.0428370475769043
44 0.3607762018839518 0.6544620037078858 0.05299383799235026 0.04354009628295898
42 0.4828150431315104 0.6609301567077637 0.07387886047363282 0.03878574371337891
58 0.48260695139567056 0.5551137924194336 0.06008618672688802 0.013151741027832032
42 0.5623062292734782 0.6635853767395019 0.08086137771606446 0.038652229309082034
43 0.22603753407796223 0.6640140533447265 0.0645470937093099 0.02018280029296875
43 0.30069748560587567 0.6446274757385254 0.05753027598063151 0.019980812072753908
58 0.4811655044555664 0.5665145874023437 0.0543450673421224 0.011050796508789063
58 0.40720990498860676 0.5728128910064697 0.04741325378417969 0.011489009857177735
58 0.4098679542541504 0.5611907958984375 0.051437123616536455 0.010414981842041015
55 0.2529254118601481 0.5409533500671386 0.05747849146525065 0.00973682403564453
55 0.24523903528849283 0.5516575813293457 0.05232359568277995 0.010523605346679687
58 0.4796178181966146 0.5774040222167969 0.04650866190592448 0.009433746337890625
