43 0.29341379801432294 0.36406235694885253 0.08094164530436197 0.0280364990234375
40 0.6976504643758138 0.25920743942260743 0.019890467325846355 0.02995777130126953
40 0.6759676615397135 0.2598558902740479 0.01937688191731771 0.029611682891845702
40 0.6519925435384114 0.25963425636291504 0.020557912190755208 0.028779888153076173
44 0.6290740966796875 0.33539271354675293 0.06079788208007812 0.037121009826660153
38 0.3776250839233398 0.36590123176574707 0.07694015502929688 0.027032756805419923
39 0.563406244913737 0.33198976516723633 0.055188624064127605 0.03871574401855469
45 0.7959237416585286 0.24965550899505615 0.020534769694010416 0.04773259162902832
34 0.46283404032389325 0.3723397970199585 0.07896156311035156 0.03167266845703125
32 0.22614115079243977 0.4865755558013916 0.03484690984090169 0.03062152862548828
37 0.780423355102539 0.3455158233642578 0.07638168334960938 0.026913928985595702
32 0.22449350357055664 0.4531513214111328 0.03885650634765625 0.031575584411621095
32 0.18529982566833497 0.45319404602050783 0.037235069274902347 0.031220149993896485
40 0.720782470703125 0.2589775562286377 0.018990834554036457 0.030278491973876952
37 0.7841704686482748 0.3770013332366943 0.08956947326660156 0.03318948745727539
58 0.5058964411417644 0.4720028877258301 0.05361124674479167 0.012288665771484375
42 0.6986865997314453 0.3756569862365723 0.08046162923177083 0.036380434036254884
58 0.5040230433146159 0.46036453247070314 0.05802783966064453 0.011261749267578124
58 0.5004161516825358 0.44934787750244143 0.06235357920328776 0.011577224731445313
45 0.8198767344156901 0.25039234161376955 0.025072224934895835 0.04538712501525879
32 0.1870431900024414 0.4870631217956543 0.03817818959554036 0.030765438079833986
45 0.7745094299316406 0.2501857757568359 0.02115478515625 0.047649192810058597
42 0.7006373087565104 0.34338698387145994 0.0837860107421875 0.03057689666748047
33 0.20630324681599935 0.36198935508728025 0.08063710530598958 0.018270587921142577
45 0.7507423400878906 0.24875164031982422 0.02164179484049479 0.04890890121459961
55 0.4231388727823893 0.44595913887023925 0.07249158223470052 0.012499237060546875
34 0.45601069132486977 0.33536477088928224 0.07655169169108073 0.013724946975708007
61 0.3473513921101888 0.4790017604827881 0.05108521779378255 0.010627079010009765
61 0.34742654164632164 0.46051526069641113 0.0574493408203125 0.012113285064697266
55 0.4268704096476237 0.46588706970214844 0.06057586669921875 0.01037750244140625
61 0.35065085093180337 0.4471573829650879 0.0651540756225586 0.012709999084472656
33 0.20741764704386392 0.3866413116455078 0.079638671875 0.022541141510009764
55 0.4274173100789388 0.47737770080566405 0.050875218709309895 0.011075401306152343
