51 0.4465831120808919 0.5203638076782227 0.0568548838297526 0.052754783630371095
51 0.4494474411010742 0.5919886589050293 0.05597737630208333 0.0476318359375
48 0.5643727779388428 0.3894230365753174 0.08022432327270508 0.07560100555419921
48 0.5600906531016032 0.3098729610443115 0.07649939854939779 0.08484740257263183
54 0.5660925547281901 0.5114200592041016 0.06882158915201823 0.07172794342041015
46 0.43700532913208007 0.37088115215301515 0.06478672027587891 0.08321833610534668
46 0.448997433980306 0.4657478332519531 0.059542083740234376 0.056168746948242185
54 0.5659994761149089 0.5719057083129883 0.06661961873372396 0.05270042419433594
51 0.44533173243204754 0.5580554485321045 0.056067339579264325 0.023938751220703124
46 0.44052069981892905 0.4262397766113281 0.056555747985839844 0.025837516784667967
51 0.44964351654052737 0.628537654876709 0.05443280537923177 0.024927711486816405
