17 0.48715397516886394 0.5561193466186524 0.047115135192871097 0.05909805297851563
10 0.4644317626953125 0.47116823196411134 0.04812164306640625 0.056354427337646486
17 0.5352149963378906 0.5545212745666503 0.04637832641601562 0.056833648681640626
12 0.45377292633056643 0.3730400323867798 0.0498568852742513 0.0603365421295166
25 0.4564865430196126 0.6349735260009766 0.03675912221272786 0.054378700256347653
25 0.4946669260660807 0.633372449874878 0.03671607971191406 0.05521602630615234
12 0.5019421259562175 0.3732438087463379 0.04501469930013021 0.059080314636230466
10 0.5270098050435384 0.4698153018951416 0.0466128667195638 0.05759248733520508
17 0.440286382039388 0.5576756477355957 0.04326133728027344 0.06127233505249023
12 0.5472487131754558 0.3724676132202148 0.04456011454264323 0.05937070846557617
25 0.5346092383066813 0.6313019752502441 0.03849662144978841 0.056554412841796874
25 0.452323849995931 0.7089488983154297 0.0340874989827474 0.050968360900878903
20 0.48904120127360023 0.7080212593078613 0.03478171030680339 0.04994525909423828
20 0.5254964192708333 0.7067876815795898 0.03514417012532552 0.049665641784667966
