6 0.8031331380208333 0.37778685092926023 0.02620213826497396 0.03964743614196777
12 0.7104417165120442 0.4096207618713379 0.024053446451822915 0.0383662223815918
25 0.6616363525390625 0.4284060955047607 0.026958974202473958 0.03849077224731445
20 0.686733627319336 0.41894803047180174 0.023459370930989584 0.041417694091796874
0 0.6970177968343099 0.4816133499145508 0.04980545043945313 0.03601818084716797
10 0.753277587890625 0.3962098598480225 0.020574442545572915 0.03763637542724609
0 0.6606377283732097 0.4976484775543213 0.0468451182047526 0.0340825080871582
23 0.3635311762491862 0.5630914211273194 0.06538200378417969 0.032989883422851564
10 0.7767923990885417 0.3863554000854492 0.027341206868489582 0.04359502792358398
1 0.5842923482259115 0.5321217536926269 0.04866231282552083 0.041434288024902344
17 0.6050886154174805 0.45279994010925295 0.029280726114908853 0.04401741027832031
23 0.34041423797607423 0.5378044128417969 0.06287663777669271 0.028629302978515625
27 0.24530474344889322 0.6097195148468018 0.07129554748535157 0.034870052337646486
27 0.179107141494751 0.6330853462219238 0.07629098892211914 0.039734840393066406
24 0.3037825266520182 0.587257194519043 0.05950851440429687 0.03389301300048828
1 0.620586903889974 0.5138903617858886 0.053014119466145836 0.03562660217285156
12 0.7330913543701172 0.4020401477813721 0.020851008097330728 0.033460044860839845
27 0.2241978645324707 0.5842317581176758 0.07020403544108073 0.036664581298828124
23 0.35197855631510416 0.5479376792907715 0.06088040669759114 0.027044105529785156
27 0.23433748881022134 0.5963143348693848 0.07110761006673177 0.037212371826171875
27 0.1611218293507894 0.6077378749847412 0.07618627548217774 0.0351043701171875
27 0.16964588165283204 0.6202860832214355 0.07664550145467122 0.03539600372314453
