49 0.6137765248616537 0.7558192729949951 0.05704803466796875 0.059341716766357425
49 0.5657049814860026 0.7858634948730469 0.06115582784016927 0.06477890014648438
49 0.4414940516153971 0.6461454391479492 0.04909839630126953 0.05302495956420898
49 0.5972525278727213 0.6857734680175781 0.05831782023111979 0.06193065643310547
49 0.6693634033203125 0.7581483840942382 0.05837173461914062 0.055923080444335936
36 0.3443624496459961 0.4431459426879883 0.12857112884521485 0.050149059295654295
49 0.6482733408610026 0.6882264137268066 0.05789133707682292 0.054922294616699216
36 0.5595815181732178 0.42081661224365235 0.09901450475056967 0.047965621948242186
36 0.37852503458658854 0.27314956188201905 0.07111523946126302 0.04735817909240723
36 0.5199669520060222 0.33902363777160643 0.07728068033854167 0.05485267639160156
49 0.5104261080423991 0.7930096626281739 0.053935305277506514 0.06675205230712891
36 0.6606369654337565 0.3097712755203247 0.0745526631673177 0.04391136169433594
36 0.2971387306849162 0.32511637210845945 0.079348357518514 0.0462590217590332
36 0.30700435638427737 0.27685794830322263 0.06995519002278645 0.04479212760925293
49 0.4997826894124349 0.7152637481689453 0.05367196400960286 0.05319538116455078
36 0.6328971862792969 0.2673934459686279 0.07323532104492188 0.04111437797546387
49 0.44858608245849607 0.7112988471984864 0.048431015014648436 0.051511383056640624
49 0.458101749420166 0.7967342853546142 0.05661080678304036 0.07229242324829102
49 0.5526781717936198 0.7167377471923828 0.05086097717285156 0.049230003356933595
49 0.4900856018066406 0.6113389015197754 0.045345369974772134 0.02762298583984375
36 0.556173833211263 0.2632285594940186 0.0748273213704427 0.03885564804077148
36 0.5012287775675456 0.2888344287872314 0.06347389221191406 0.04217061996459961
36 0.3764842987060547 0.32918620109558105 0.07873268127441406 0.06205892562866211
36 0.5815045674641927 0.4751609802246094 0.09630864461263021 0.0515380859375
36 0.4638477961222331 0.4350107192993164 0.10566482543945313 0.046090126037597656
36 0.35126622517903644 0.4933484554290771 0.13702500661214193 0.04915199279785156
36 0.6718441645304362 0.413599693775177 0.1088043212890625 0.056839156150817874
36 0.5851451873779296 0.30910820960998536 0.08349965413411459 0.04667439460754395
49 0.581676991780599 0.6195120811462402 0.056015268961588545 0.04942398071289063
36 0.4507497787475586 0.34629526138305666 0.06914138793945312 0.06147279739379883
36 0.6901138305664063 0.4720638275146484 0.11718165079752604 0.040866756439208986
49 0.5388372898101806 0.6387323379516602 0.046706167856852214 0.042156314849853514
49 0.6276983896891276 0.6229351043701172 0.052442169189453124 0.054350662231445315
50 0.39885838826497394 0.8110265970230103 0.05922342936197917 0.07126154899597167
36 0.47770697275797525 0.48346333503723143 0.1088116963704427 0.05111761093139648
36 0.4440463383992513 0.29017374515533445 0.05674457550048828 0.0401799201965332
49 0.49287614822387693 0.6502413272857666 0.04626121520996094 0.04921035766601563
50 0.39340070088704426 0.6565021514892578 0.05077794392903646 0.06096229553222656
36 0.38043206532796225 0.3775034427642822 0.07731246948242188 0.029961395263671874
50 0.39763787587483723 0.7384772300720215 0.05385246276855469 0.06088323593139648
49 0.546026611328125 0.6775793075561524 0.046806589762369795 0.03034687042236328
