43 0.3221529483795166 0.3214131752649943 0.046561908721923825 0.11363167762756347
44 0.460955810546875 0.3258886655171712 0.07669754028320312 0.10202795664469401
39 0.38447155952453616 0.32644570668538414 0.08131542205810546 0.09791450500488282
48 0.8923072814941406 0.3364665985107422 0.08077278137207031 0.13600972493489583
38 0.2774543285369873 0.3290290832519531 0.04544200897216797 0.1225683848063151
45 0.0684035912156105 0.32032463550567625 0.045633789896965024 0.11879846254984537
55 0.23794708251953126 0.32321141560872396 0.034775066375732425 0.14652620951334636
46 0.8151947021484375 0.34054857889811196 0.062465476989746097 0.12432657877604167
40 0.09810052514076233 0.33869495391845705 0.041039669513702394 0.08506520589192708
60 0.15366147756576537 0.34557285308837893 0.030627179145812988 0.09940992991129557
58 0.179884934425354 0.3319537162780762 0.03327760696411133 0.1328105926513672
58 0.20912317633628846 0.32932473023732506 0.03302384614944458 0.1454800764719645
13 0.08505088090896606 0.6544930140177408 0.028289246559143066 0.06703694661458333
