6 0.8397915522257487 0.5915699005126953 0.032615407307942705 0.03493442535400391
47 0.18154691060384115 0.7424736976623535 0.0430938720703125 0.03912296295166016
47 0.22521236737569172 0.7404510498046875 0.042769463857014973 0.03799285888671875
43 0.4309539794921875 0.6078822135925293 0.09404182434082031 0.024945449829101563
17 0.9496207555135091 0.5906165599822998 0.03764826456705729 0.039553260803222655
44 0.2635375499725342 0.5762969970703125 0.08489675521850586 0.033845138549804685
10 0.9141304016113281 0.5909379959106446 0.03527908325195313 0.04022369384765625
10 0.8811206817626953 0.5917282104492188 0.03181864420572917 0.0390263557434082
23 0.3883871078491211 0.7477028846740723 0.05462086995442708 0.015723419189453126
49 0.2608655293782552 0.608431339263916 0.07793464660644531 0.028204345703125
39 0.1714245319366455 0.5763468742370605 0.08365828196207682 0.030330085754394533
6 0.7956666310628255 0.5910694122314453 0.038063303629557295 0.039679527282714844
45 0.8340082804361979 0.5085445404052734 0.034063720703125 0.056777572631835936
23 0.38828585942586263 0.7326877593994141 0.05303974151611328 0.014962482452392577
49 0.17501128514607747 0.6083402633666992 0.07412668863932291 0.0340545654296875
24 0.4441033363342285 0.7313408851623535 0.054155794779459636 0.013991737365722656
45 0.8625801722208659 0.5070601463317871 0.030721410115559896 0.059049797058105466
34 0.5258625348409017 0.6061454772949219 0.09147535959879557 0.023044013977050783
24 0.444927183787028 0.7194973468780518 0.05236256917317708 0.01109485626220703
58 0.4492357571919759 0.5113118171691895 0.09105224609375 0.012028312683105469
38 0.3423550287882487 0.6112119674682617 0.07678502400716146 0.019455146789550782
45 0.8932563781738281 0.5078721046447754 0.03821258544921875 0.056102752685546875
58 0.45018997192382815 0.5210387706756592 0.0915802001953125 0.011065101623535157
58 0.44948002497355144 0.4965177059173584 0.09243151346842447 0.0159515380859375
59 0.22741371790568035 0.4879597663879395 0.04960619608561198 0.010463523864746093
24 0.44313062032063805 0.7465508460998536 0.053757095336914064 0.016053104400634767
61 0.5392800649007161 0.470490550994873 0.08520317077636719 0.01288919448852539
34 0.526501210530599 0.5834439277648926 0.08557561238606771 0.01966094970703125
45 0.8030152638753255 0.5084769248962402 0.03314285278320313 0.05577716827392578
38 0.34972718556722004 0.59415283203125 0.08400974273681641 0.016479301452636718
58 0.449472173055013 0.4832413673400879 0.08896026611328126 0.011326980590820313
61 0.627660624186198 0.5218628883361817 0.08330713907877604 0.013219070434570313
23 0.38895282745361326 0.7205042839050293 0.05369784037272136 0.010796737670898438
61 0.5395974477132162 0.5109372138977051 0.08556556701660156 0.012363052368164063
55 0.7055777231852214 0.4781227111816406 0.08490409851074218 0.013148784637451172
61 0.6238955179850261 0.48001747131347655 0.08248545328776041 0.013142108917236328
43 0.4379129409790039 0.5810128211975097 0.08666210174560547 0.01771965026855469
61 0.6256163914998373 0.506663465499878 0.08212191263834635 0.017992210388183594
55 0.7113118489583333 0.49085326194763185 0.09456761678059895 0.013792133331298828
61 0.5414042790730794 0.5261337280273437 0.08610280354817708 0.017746734619140624
55 0.7196236928304036 0.5260765552520752 0.0949554443359375 0.013715648651123047
27 0.3326114018758138 0.7353152751922607 0.053666305541992185 0.014151573181152344
27 0.2754221280415853 0.7513943672180176 0.053524080912272134 0.012228965759277344
38 0.3517056783040365 0.5805364131927491 0.08152167002360027 0.013077163696289062
59 0.17173659006754557 0.48879237174987794 0.057667986551920576 0.010963535308837891
60 0.36230319341023765 0.5128635406494141 0.07188434600830078 0.009946632385253906
60 0.36605224609375 0.48257198333740237 0.06945088704427084 0.010490226745605468
61 0.6236647288004558 0.4914398193359375 0.08197949727376302 0.011757373809814453
55 0.716608174641927 0.5022722721099854 0.09980252583821615 0.011397171020507812
61 0.5394338607788086 0.4810947418212891 0.08388277689615885 0.010379600524902343
27 0.3330349604288737 0.7227414131164551 0.05233306884765625 0.012085723876953124
60 0.2915124575297038 0.48987202644348143 0.06947065989176432 0.009569072723388672
17 0.9894546508789063 0.592344093322754 0.020958455403645833 0.035953521728515625
60 0.29297072092692056 0.48074684143066404 0.07199611663818359 0.010303688049316407
59 0.2245361328125 0.5121195793151856 0.04878164927164714 0.013290691375732421
