28 0.464070987701416 0.5812644004821778 0.06027501424153646 0.04640522003173828
30 0.46049445470174155 0.6612693786621093 0.06618048350016276 0.04849300384521484
13 0.48621349334716796 0.30205388069152833 0.04357287089029948 0.06907691955566406
30 0.5367251714070638 0.6767822265625 0.07615547180175782 0.049452590942382815
16 0.48781153361002605 0.39352831840515134 0.05297075907389323 0.056957340240478514
13 0.4436767578125 0.3029776096343994 0.04032128651936849 0.0689208984375
16 0.49102891286214195 0.746162223815918 0.04482955932617187 0.05827312469482422
47 0.4497132619222005 0.8005053520202636 0.05543645222981771 0.06361179351806641
16 0.4469305038452148 0.7353287696838379 0.04358545939127604 0.055968093872070315
13 0.43844706217447915 0.17962788343429564 0.045069122314453126 0.054146647453308105
13 0.48415088653564453 0.177828848361969 0.045067977905273435 0.05612661838531494
47 0.5484350204467774 0.8269546508789063 0.05736745198567708 0.06525650024414062
16 0.540999968846639 0.7564870834350585 0.050413290659586586 0.058802223205566405
13 0.40178508758544923 0.3031209945678711 0.04295419057210286 0.06767702102661133
31 0.5351350784301758 0.5945214748382568 0.07398478190104167 0.04993896484375
16 0.5433603763580322 0.39609835147857664 0.05845162073771159 0.05890669822692871
13 0.531788698832194 0.17802588939666747 0.04784075419108073 0.060240650177001955
13 0.5377282619476318 0.3000892162322998 0.05719753901163737 0.07163057327270508
13 0.3947848637898763 0.1815234661102295 0.04183413187662761 0.05127592086791992
24 0.44204457600911456 0.4886734962463379 0.027361679077148437 0.0446044921875
47 0.5051082611083985 0.8074665069580078 0.03312123616536458 0.049103927612304685
24 0.4130685806274414 0.4864170074462891 0.029050827026367188 0.04393901824951172
24 0.46996339162190753 0.4914708137512207 0.02682215372721354 0.04599761962890625
1 0.5227833747863769 0.5060517311096191 0.07627798716227213 0.03618202209472656
17 0.4378464380900065 0.39133057594299314 0.04813334147135417 0.05406894683837891
