9 0.35931077003479006 0.5648329416910808 0.025447320938110352 0.045278676350911456
19 0.4881008148193359 0.554237429300944 0.024309730529785155 0.03719011942545573
16 0.3156670093536377 0.4656589190165202 0.020252180099487305 0.04112078348795573
3 0.3338159084320068 0.5670745849609375 0.024938058853149415 0.04653600056966146
2 0.34119596481323244 0.5040402412414551 0.020149898529052735 0.03591868082682292
2 0.3374819278717041 0.4658579190572103 0.0223114013671875 0.04177805582682292
13 0.2949063301086426 0.4659947395324707 0.019283580780029296 0.04295616149902344
19 0.4888164520263672 0.5872707366943359 0.022340011596679688 0.02952893575032552
7 0.3087527513504028 0.5712496439615885 0.024694061279296874 0.04197565714518229
16 0.31673583984375 0.5046716690063476 0.019748783111572264 0.03546435038248698
18 0.5124255180358886 0.5548934936523438 0.022953319549560546 0.03988291422526042
9 0.3614069938659668 0.5990684509277344 0.02339792251586914 0.0220977783203125
3 0.3360384464263916 0.6001760482788085 0.023606014251708985 0.021924845377604165
12 0.29794974327087403 0.5046744028727214 0.015965080261230467 0.03406944274902344
7 0.31188740730285647 0.6024632136027018 0.02278752326965332 0.020242055257161457
18 0.5117617607116699 0.5881332397460938 0.021735763549804686 0.026064300537109376
