49 0.4767251968383789 0.6091354370117188 0.048061370849609375 0.045928001403808594
49 0.6409464518229167 0.689489221572876 0.057476170857747394 0.05931310653686524
49 0.47675498326619464 0.6678224086761475 0.051311556498209634 0.05370283126831055
49 0.4587467829386393 0.7960152626037598 0.07929916381835937 0.05858936309814453
36 0.41374505360921227 0.2524285316467285 0.06307017008463542 0.05376887321472168
49 0.38067696889241537 0.6078324794769288 0.048659896850585936 0.051706123352050784
49 0.5305086135864258 0.6123662471771241 0.05108489990234375 0.0553797721862793
49 0.6579299926757812 0.7722073554992676 0.06234029134114583 0.06811981201171875
49 0.4196236928304036 0.661979866027832 0.056615193684895836 0.05484189987182617
49 0.42828667958577477 0.6047770977020264 0.04683698018391927 0.051634597778320315
36 0.6018106460571289 0.37526826858520507 0.1122870127360026 0.06016883850097656
49 0.46234156290690104 0.722297191619873 0.08231201171875 0.049402809143066405
36 0.3328346888224284 0.26942856311798097 0.08369064331054688 0.04553732872009277
36 0.47850837707519533 0.24778027534484864 0.06945457458496093 0.04891815185546875
36 0.7166219711303711 0.37516422271728517 0.11525255839029948 0.052923583984375
49 0.367353884379069 0.8005650520324707 0.09716733296712239 0.061418342590332034
36 0.4691539446512858 0.35326642990112306 0.12249800364176432 0.0508939266204834
36 0.6066962560017903 0.4220530390739441 0.1143164316813151 0.04692690372467041
49 0.6249314626057942 0.6219231605529785 0.05685577392578125 0.05349884033203125
36 0.33754768371582033 0.4052123069763184 0.1357190450032552 0.05756978988647461
36 0.4021121978759766 0.30202083587646483 0.06738077799479167 0.044724464416503906
36 0.33691940307617185 0.34968137741088867 0.12664794921875 0.04874134063720703
36 0.47692623138427737 0.4153295040130615 0.1272401173909505 0.05185022354125977
36 0.34622103373209634 0.22743501663208007 0.07685089111328125 0.029332494735717772
36 0.5526392618815105 0.2324078321456909 0.06807454427083333 0.04204635620117188
49 0.5908635457356771 0.7008257389068604 0.05160319010416667 0.05260820388793945
49 0.5963380813598633 0.7805543899536133 0.0615014394124349 0.06571121215820312
49 0.36741364796956383 0.6603199005126953 0.05161355336507161 0.04939870834350586
36 0.7313945770263672 0.4253232955932617 0.12118377685546874 0.043075180053710936
36 0.5592010339101156 0.27416481971740725 0.07601296106974284 0.04433889389038086
49 0.5759385426839193 0.6167430400848388 0.04633674621582031 0.045029830932617185
49 0.5390617370605468 0.7622216701507568 0.05155181884765625 0.06572961807250977
36 0.47508347829182945 0.29570019245147705 0.07590993245442708 0.04650945663452148
36 0.6211031595865886 0.2588456153869629 0.06324742635091146 0.03722233772277832
36 0.6395502726236979 0.29493136405944825 0.07877222696940105 0.038784122467041014
49 0.5374629974365235 0.682766342163086 0.05380376180013021 0.06973056793212891
49 0.37707417805989585 0.7254985332489013 0.08500874837239583 0.060730266571044925
36 0.709770139058431 0.30556550025939944 0.07699877421061198 0.04948701858520508
