47 0.398118782043457 0.6645933151245117 0.09290580749511719 0.043345165252685544
47 0.5062189102172852 0.6609210968017578 0.09012006123860677 0.0425506591796875
21 0.24602851867675782 0.4017160892486572 0.15913594563802083 0.027341651916503906
21 0.2516785621643066 0.3743600845336914 0.1549314498901367 0.026986408233642577
23 0.7046448389689127 0.34310574531555177 0.137078857421875 0.02712736129760742
24 0.5598080317179362 0.3732236385345459 0.14599558512369792 0.026778125762939455
23 0.7234066009521485 0.379837965965271 0.1621821085611979 0.034015464782714847
24 0.5648022333780924 0.3462947130203247 0.1368291219075521 0.026711797714233397
0 0.7714733123779297 0.5233550071716309 0.14988937377929687 0.06714401245117188
24 0.5627601623535157 0.3993973255157471 0.15053621927897134 0.028055667877197266
24 0.40269858042399087 0.37630038261413573 0.14465306599934896 0.028696441650390626
1 0.6164815266927083 0.49640603065490724 0.12326736450195312 0.025301074981689452
24 0.40397233963012696 0.40514092445373534 0.15285555521647134 0.029636096954345704
21 0.24016868273417155 0.4294761657714844 0.16258300145467122 0.029707717895507812
1 0.6272459030151367 0.5360687255859375 0.13486226399739584 0.0599308967590332
24 0.40242156982421873 0.34984865188598635 0.13899027506510417 0.024741363525390626
31 0.2945180257161458 0.6664112091064454 0.11649901072184245 0.040350341796875
23 0.745230229695638 0.4200296401977539 0.15819015502929687 0.02866992950439453
