30 0.2968133290608724 0.5734679222106933 0.058469899495442706 0.043597412109375
10 0.6500816345214844 0.577189826965332 0.042724863688151045 0.052244949340820315
10 0.6933696746826172 0.5779275894165039 0.04338963826497396 0.05174541473388672
17 0.8261711120605468 0.5804012298583985 0.04504839579264323 0.05095949172973633
12 0.4113753000895182 0.5730141639709473 0.03774611155192057 0.049261283874511716
13 0.48857978185017903 0.5749215126037598 0.03739515940348307 0.049471282958984376
13 0.5294531504313151 0.5753648757934571 0.03759320576985677 0.0498992919921875
10 0.6073970158894857 0.5763834953308106 0.042209625244140625 0.050201034545898436
29 0.3611375172932943 0.5740099906921386 0.059814198811848955 0.04373035430908203
12 0.45021899541219074 0.5747089385986328 0.03694279988606771 0.05031013488769531
13 0.5668490091959636 0.5763474464416504 0.03631108601888021 0.05003013610839844
0 0.7538141886393229 0.5115360736846923 0.06957804361979167 0.035854339599609375
17 0.7818478266398112 0.5781331062316895 0.042981719970703124 0.05016021728515625
5 0.292932136853536 0.5047940254211426 0.08460399309794107 0.03369340896606445
22 0.8212974548339844 0.507026195526123 0.05817972819010417 0.0466766357421875
17 0.7367112477620442 0.5774750709533691 0.04465154012044271 0.05031585693359375
