32 0.7065375010172527 0.6807410240173339 0.04843762715657552 0.04238109588623047
32 0.756933085123698 0.6787422180175782 0.04969024658203125 0.042803478240966794
45 0.42857062021891273 0.9453586578369141 0.024835586547851562 0.06748695373535156
32 0.7050985972086589 0.6343369483947754 0.052763875325520834 0.04702777862548828
32 0.7577921549479166 0.6335395336151123 0.05147959391276042 0.046614646911621094
55 0.32516377766927085 0.9045757293701172 0.09633960723876953 0.015661239624023438
61 0.035059674580891924 0.8657565116882324 0.07011934916178385 0.025634193420410158
45 0.4027606964111328 0.9454765319824219 0.02441584269205729 0.06452865600585937
58 0.11964701016743978 0.910761833190918 0.07932399113972982 0.019750595092773438
55 0.32823003133138023 0.8900123596191406 0.09019177754720052 0.014789962768554687
55 0.3153555234273275 0.9392667770385742 0.09731559753417969 0.020247268676757812
58 0.12494692007700602 0.8938898086547852 0.07714718182881673 0.015148544311523437
58 0.11486997604370117 0.9301727294921875 0.07250690460205078 0.01894378662109375
55 0.3217870394388835 0.9212692260742188 0.09853509267171225 0.018342971801757812
45 0.37694517771402997 0.9470625877380371 0.024402364095052084 0.06142368316650391
61 0.02203155755996704 0.9163377761840821 0.043984270095825194 0.02294921875
59 0.5292122840881348 0.9511539459228515 0.044569969177246094 0.01248626708984375
60 0.4695611000061035 0.9639347076416016 0.05187581380208333 0.012108230590820312
58 0.13338537613550822 0.8822365760803222 0.07289555072784423 0.011298942565917968
55 0.31146228313446045 0.9581539154052734 0.09190176328023275 0.0171142578125
