17 0.6637343088785808 0.47644476890563964 0.054449971516927084 0.05900087356567383
16 0.5563692092895508 0.4757169246673584 0.05357411702473958 0.059719181060791014
17 0.7166439056396484 0.47699999809265137 0.0515655517578125 0.05916538238525391
16 0.610122553507487 0.4759958267211914 0.052851359049479164 0.05926723480224609
13 0.4584917704264323 0.4666271686553955 0.046274566650390626 0.04196043014526367
13 0.5044526100158692 0.4663869380950928 0.04411614735921224 0.04390449523925781
9 0.31308523813883465 0.4725050926208496 0.056601333618164065 0.04263248443603516
10 0.5589197635650635 0.4052788734436035 0.05502653121948242 0.048202228546142575
10 0.6132251103719075 0.40553616285324096 0.05321935017903646 0.04662001132965088
9 0.2562805493672689 0.4730978012084961 0.052187665303548174 0.04181613922119141
