39 0.4096576054890951 0.5746122678120931 0.07245445251464844 0.04791889190673828
43 0.4759668350219727 0.5159873008728028 0.10482877095540365 0.03146629333496094
10 0.4008453369140625 0.33269667625427246 0.04550882975260417 0.056956005096435544
24 0.4328739590115017 0.2303480307261149 0.02792180379231771 0.04973134994506836
17 0.35409373177422415 0.33237318992614745 0.04707919226752387 0.05639867782592774
44 0.5654301113552518 0.576549752553304 0.07634404500325521 0.049710655212402345
44 0.48420912424723306 0.5750244776407878 0.07658170064290365 0.049528884887695315
23 0.493908945719401 0.2317165772120158 0.030384318033854166 0.048867654800415036
12 0.44253951178656686 0.33224693934122723 0.03848605685763889 0.05674184163411458
13 0.4815280278523763 0.3329787254333496 0.038605117797851564 0.05606765747070312
39 0.2642953660753038 0.5753974596659343 0.07508205837673611 0.048417854309082034
39 0.33834921518961586 0.5759618123372395 0.0711279551188151 0.050359853108723956
38 0.3669530232747396 0.5176097234090169 0.0977386474609375 0.026250076293945313
34 0.5753766377766927 0.5183342933654785 0.0855547587076823 0.026493072509765625
38 0.2604978561401367 0.5151053746541341 0.11422080993652343 0.030982017517089844
21 0.5237425486246745 0.23203864097595214 0.028574117024739585 0.049208545684814455
24 0.4626753913031684 0.23096081415812175 0.029802788628472222 0.049251461029052736
38 0.36426734924316406 0.4966745376586914 0.10004145304361979 0.015629386901855467
