47 0.783317232131958 0.5918392181396485 0.05286836624145508 0.08762054443359375
54 0.6308421134948731 0.5676736831665039 0.08145227432250976 0.1261792500813802
48 0.7137693405151367 0.5695386250813802 0.08221778869628907 0.13081639607747395
28 0.34839539527893065 0.5938396453857422 0.059597015380859375 0.049050394694010416
31 0.29016087055206297 0.5903396606445312 0.05456829071044922 0.05114822387695313
40 0.8238354682922363 0.5954057057698567 0.035818290710449216 0.08425216674804688
40 0.8555885314941406 0.5970057805379232 0.03761444091796875 0.0829620361328125
45 0.8934316635131836 0.5893838246663411 0.04654541015625 0.09916254679361979
46 0.5575024604797363 0.5606064955393474 0.06647167205810547 0.13085584640502929
44 0.48621454238891604 0.573519770304362 0.07351341247558593 0.1032385508219401
38 0.4328871726989746 0.5633617401123047 0.03512411117553711 0.11531117757161459
38 0.39751367568969725 0.5624319712320963 0.037025165557861325 0.11544520060221354
