24 0.42200355529785155 0.20750012397766113 0.02190704345703125 0.04369421005249023
18 0.38839448293050133 0.21487921873728436 0.04339739481608073 0.043244187037150064
17 0.5066459655761719 0.20120100180308023 0.04204762776692708 0.04398350715637207
17 0.5482822842068142 0.19680756727854412 0.04159978230794271 0.04421629905700684
13 0.7810178968641494 0.1693049669265747 0.03900960286458333 0.03674149513244629
2 0.5892036226060655 0.19294498761494955 0.04099260965983073 0.0459837277730306
10 0.6959192699856228 0.18191314538319905 0.04647187127007379 0.04625614484151205
10 0.6386739518907335 0.18818702697753906 0.039678700764973956 0.04566612243652344
18 0.34511534372965497 0.21742215156555175 0.04570833841959635 0.041153907775878906
13 0.740738042195638 0.172389547030131 0.040865325927734376 0.03628077507019043
27 0.44455411699083114 0.2056638240814209 0.024309327867296008 0.04449758529663086
46 0.25829326841566297 0.2196434497833252 0.05063699086507161 0.04504613876342774
27 0.4687122768825955 0.20413145224253337 0.0248016357421875 0.04544196128845215
