64 0.6591262817382812 0.40736387968063353 0.03196640014648437 0.053644776344299316
47 0.42827682495117186 0.6220305442810059 0.0550445556640625 0.04434289932250977
64 0.6763481140136719 0.35381255149841306 0.029307810465494792 0.046216297149658206
47 0.3249866485595703 0.6076077938079834 0.04611015319824219 0.0440669059753418
47 0.3741682688395182 0.614324426651001 0.05180206298828125 0.04502782821655273
31 0.7436040242513021 0.5245250225067138 0.07137959798177083 0.04293041229248047
29 0.6638626098632813 0.5220382213592529 0.09055811564127604 0.03667802810668945
65 0.7685084025065104 0.35478737354278567 0.02562255859375 0.03954501152038574
64 0.7196196873982748 0.4076473116874695 0.03640263875325521 0.06648943424224854
64 0.6543520609537761 0.35411653518676756 0.033079274495442706 0.052990055084228514
64 0.6870105743408204 0.4087555408477783 0.033762359619140626 0.05650138854980469
62 0.5849992116292317 0.40523329973220823 0.02853978474934896 0.045126700401306154
65 0.7230505625406901 0.3505337953567505 0.02750218709309896 0.034511899948120116
65 0.7932420094807943 0.3572502613067627 0.02844823201497396 0.04387989044189453
65 0.7456606547037761 0.35104396343231203 0.025337982177734374 0.03214173316955567
64 0.6983984629313151 0.3547186851501465 0.031091817220052085 0.04588336944580078
65 0.7592024485270182 0.41658591032028197 0.033149973551432295 0.056070923805236816
62 0.5589295705159505 0.4022346019744873 0.031298828125 0.04807758331298828
62 0.6024648030598958 0.3508228540420532 0.03695068359375 0.055560064315795896
62 0.6282700856526693 0.35287692546844485 0.03397064208984375 0.05408658981323242
65 0.7885669072469076 0.4179882526397705 0.028948593139648437 0.05645456314086914
62 0.6081896464029948 0.4086251735687256 0.0277130126953125 0.04459257125854492
29 0.6583394368489583 0.49087018966674806 0.08490727742513021 0.026241874694824217
