43 0.3060707728068034 0.5761614799499511 0.044286346435546874 0.06708030700683594
38 0.3499887466430664 0.5727380752563477 0.041796239217122395 0.06876335144042969
39 0.24463561375935872 0.5693077087402344 0.0790212631225586 0.06795263290405273
57 0.364064884185791 0.7453425407409668 0.13210894266764323 0.04963741302490234
47 0.2519696712493896 0.6703829765319824 0.046729755401611325 0.044667625427246095
44 0.1628115932146708 0.5683187007904053 0.08482552369435628 0.07494945526123047
10 0.33126153945922854 0.672884178161621 0.03535105387369792 0.042812442779541014
17 0.4042816162109375 0.6754372596740723 0.03510615030924479 0.04002819061279297
51 0.44563995997111 0.5843522071838378 0.04771645863850912 0.05371541976928711
17 0.3677391052246094 0.6746623039245605 0.036686070760091144 0.040484619140625
57 0.20931167602539064 0.7451038360595703 0.1543947219848633 0.04977493286132813
22 0.4463920593261719 0.6824578762054443 0.04581457773844401 0.026711177825927735
39 0.3970661163330078 0.5778985023498535 0.04698931376139323 0.054605293273925784
22 0.49251470565795896 0.6825311660766602 0.045276641845703125 0.027036666870117188
58 0.5344371159871419 0.46685256958007815 0.0915667215983073 0.013114833831787109
58 0.5342669010162353 0.45413885116577146 0.09269590377807617 0.013890838623046875
58 0.5356843948364258 0.49580965042114256 0.0827301025390625 0.012858772277832031
58 0.5341550191243489 0.4807765960693359 0.08992233276367187 0.01484508514404297
58 0.5357818603515625 0.44167938232421877 0.09224573771158855 0.013181686401367188
60 0.4496198018391927 0.49501676559448243 0.06733690897623698 0.013842201232910157
60 0.45091543197631834 0.47254467010498047 0.06433296203613281 0.013931083679199218
60 0.45073827107747394 0.48377151489257814 0.06498451232910156 0.010470008850097657
60 0.4506148020426432 0.4476765632629395 0.06708329518636068 0.014090728759765626
56 0.6233884811401367 0.46271500587463377 0.07990226745605469 0.013916778564453124
17 0.40743627548217776 0.6455670356750488 0.03241863250732422 0.019881820678710936
60 0.4503589312235514 0.4611652374267578 0.065830930074056 0.011262130737304688
