12 0.8381969451904296 0.13507523536682128 0.05214118957519531 0.07876825332641602
9 0.6701360702514648 0.13548894226551056 0.06925830841064454 0.0808433473110199
10 0.730919361114502 0.1345265179872513 0.056252479553222656 0.081323903799057
6 0.7856273651123047 0.1339617133140564 0.054718971252441406 0.08259804248809814
51 0.22116873264312745 0.7424227714538574 0.07663440704345703 0.0848297119140625
16 0.7261854648590088 0.26704514026641846 0.049468708038330075 0.07831993103027343
18 0.7839173793792724 0.2672860860824585 0.06638288497924805 0.07856059074401855
24 0.6896412372589111 0.38958048820495605 0.03188886642456055 0.0652353286743164
47 0.42842693328857423 0.7447216987609864 0.049686431884765625 0.07702693939208985
13 0.8855381011962891 0.1357277512550354 0.05310211181640625 0.08029155731201172
22 0.5407098293304443 0.2776782989501953 0.06289997100830078 0.0623382568359375
24 0.7794546127319336 0.38926992416381834 0.033074378967285156 0.06451787948608398
1 0.6700633049011231 0.2759369373321533 0.06551876068115234 0.05872311592102051
53 0.36185226440429685 0.7438663482666016 0.07309017181396485 0.08059978485107422
24 0.7501647472381592 0.3897401809692383 0.031936264038085936 0.06493968963623047
53 0.29149439334869387 0.7427823066711425 0.06900501251220703 0.08310747146606445
39 0.04455133676528931 0.8194887399673462 0.08496822118759155 0.06434893608093262
0 0.6048070907592773 0.27613143920898436 0.06460990905761718 0.060475730895996095
24 0.7193740844726563 0.3899357557296753 0.03244228363037109 0.0653984546661377
19 0.851168441772461 0.2671853542327881 0.06906356811523437 0.07882518768310547
24 0.8392160415649415 0.38940494060516356 0.03190135955810547 0.06585545539855957
24 0.809453296661377 0.3887686491012573 0.03515338897705078 0.06348004341125488
55 0.07753089666366578 0.4029086112976074 0.12037274837493897 0.027118396759033204
