16 0.5214063644409179 0.6127066612243652 0.06048940022786458 0.07946701049804687
6 0.5407002131144206 0.4996974468231201 0.06699816385904948 0.08273801803588868
6 0.40065250396728513 0.504791259765625 0.06585756937662761 0.08160152435302734
16 0.41246716181437176 0.7197650909423828 0.05843690236409505 0.06932039260864258
6 0.47004801432291665 0.5035338401794434 0.07094383239746094 0.08087425231933594
10 0.3905234654744466 0.3724677085876465 0.07523282368977864 0.08533134460449218
10 0.5427881717681885 0.36932950019836425 0.07507327397664389 0.08515558242797852
16 0.45954678853352865 0.6191948890686035 0.061286544799804686 0.07470054626464843
10 0.4669491767883301 0.3713401794433594 0.0756924311319987 0.08550872802734374
16 0.4718169212341309 0.7161922454833984 0.059438896179199216 0.06791019439697266
17 0.532452392578125 0.710883903503418 0.058536529541015625 0.06823081970214843
12 0.4509517987569173 0.20980387330055236 0.07532736460367838 0.09199303388595581
12 0.5311569213867188 0.20977559089660644 0.07750155131022135 0.09086952209472657
12 0.3746769587198893 0.21010971069335938 0.07544174194335937 0.09221491813659669
25 0.40112215677897134 0.620395565032959 0.051457913716634114 0.07664108276367188
