15 0.2005173683166504 0.1889149069786072 0.055391947428385414 0.048987507820129395
15 0.2566855430603027 0.18732136487960815 0.053607940673828125 0.05184319019317627
3 0.36930859883626305 0.22707629203796387 0.055976486206054686 0.040465354919433594
6 0.31648403803507485 0.39113383293151854 0.043259048461914064 0.03816852569580078
9 0.4833042144775391 0.22620317935943604 0.05430920918782552 0.03584122657775879
15 0.2584858735402425 0.230621862411499 0.05495297114054362 0.03486051559448242
9 0.42696793874104816 0.22645020484924316 0.05564600626627604 0.03542485237121582
7 0.31155745188395184 0.18519308567047119 0.05618336995442708 0.05301642417907715
7 0.31380252838134765 0.22967703342437745 0.05318133036295573 0.03713603019714355
3 0.3688550631205241 0.18024590015411376 0.0566623051961263 0.050573873519897464
10 0.4544755299886068 0.39056692123413084 0.0428686777750651 0.03766984939575195
6 0.3106889088948568 0.3456438064575195 0.039347394307454424 0.05201387405395508
6 0.27188730239868164 0.39136157035827634 0.04443931579589844 0.03754777908325195
2 0.4093351682027181 0.3375645875930786 0.04357852935791016 0.03580641746520996
15 0.20278183619181314 0.23075759410858154 0.05515648523966472 0.03393850326538086
9 0.42650785446166994 0.17482597827911378 0.05537738800048828 0.03523898124694824
6 0.26120077768961586 0.34592695236206056 0.04164746602376302 0.05178842544555664
16 0.14100182453791302 0.17974455356597902 0.04203987916310628 0.05196843147277832
2 0.36491947174072265 0.3374296188354492 0.042949612935384116 0.03613262176513672
10 0.45678736368815104 0.33731703758239745 0.044050407409667966 0.03724870681762695
10 0.5010660489400228 0.3372305393218994 0.04233067830403646 0.037236595153808595
10 0.4982218424479167 0.39070892333984375 0.04352162679036458 0.0373199462890625
2 0.36357412338256834 0.38941168785095215 0.045235761006673175 0.036482620239257815
2 0.40897000630696617 0.3895091533660889 0.04403953552246094 0.036588859558105466
11 0.26781387329101564 0.8266531229019165 0.10461902618408203 0.09102473258972169
25 0.3257596015930176 0.6461233139038086 0.0365939458211263 0.05046625137329101
11 0.4553147633870443 0.8265858650207519 0.10546900431315104 0.09431209564208984
1 0.4855510711669922 0.6709261417388916 0.06820462544759115 0.03510751724243164
11 0.362885856628418 0.8248723745346069 0.0850659688313802 0.08854832649230956
20 0.28867982228597006 0.6460967063903809 0.03524436950683594 0.04964714050292969
9 0.4840244293212891 0.17465057373046874 0.05467987060546875 0.03556206226348877
12 0.4965256690979004 0.5488336563110352 0.03462073008219401 0.03360118865966797
16 0.15309058825174968 0.23008179664611816 0.043607012430826826 0.03516855239868164
0 0.41512632369995117 0.6730093955993652 0.06522687276204427 0.03094959259033203
12 0.4600969314575195 0.5512018203735352 0.03480459849039714 0.038682174682617185
13 0.38363844553629556 0.5051535606384278 0.03624852498372396 0.04954853057861328
12 0.4955193519592285 0.49770207405090333 0.03450444539388021 0.0336451530456543
13 0.42039515177408854 0.5046589851379395 0.035152308146158856 0.04802684783935547
12 0.4589304606119792 0.5005854606628418 0.0359503428141276 0.039165496826171875
13 0.38346417744954425 0.5523195743560791 0.03496894836425781 0.04118146896362305
25 0.3623610496520996 0.6454751014709472 0.03523127237955729 0.050969696044921874
20 0.28845062255859377 0.6962779045104981 0.03558642069498698 0.04375457763671875
13 0.4205998738606771 0.5519965171813965 0.035398101806640624 0.04050731658935547
25 0.32690245310465493 0.6955280303955078 0.034563700358072914 0.03966217041015625
20 0.2525399049123128 0.6957526206970215 0.033677323659261064 0.041930198669433594
22 0.5497150421142578 0.6491637229919434 0.05138664245605469 0.028082275390625
17 0.08487753073374431 0.17676928043365478 0.04105906486511231 0.05012106895446777
1 0.4868615468343099 0.697023868560791 0.06824773152669271 0.016683101654052734
