47 0.8226693471272787 0.4435729026794434 0.05040613810221354 0.03516044616699219
47 0.7832387288411459 0.39470391273498534 0.047721608479817705 0.03758563995361328
47 0.7718283335367838 0.44382419586181643 0.04819895426432292 0.03280429840087891
47 0.7220883051554362 0.44388408660888673 0.04815800984700521 0.03205661773681641
47 0.8319620768229167 0.3934017181396484 0.04822845458984375 0.03845052719116211
47 0.7282402038574218 0.3944563865661621 0.05972836812337239 0.04028902053833008
24 0.17623443603515626 0.43795166015625 0.06656665802001953 0.011828994750976563
23 0.37867762247721354 0.42825851440429685 0.06131947835286458 0.010095977783203125
23 0.37818902333577475 0.43973751068115235 0.05981725056966146 0.011820220947265625
24 0.17947206497192383 0.42643136978149415 0.06450875600179036 0.010153388977050782
21 0.3126956939697266 0.42744460105896 0.06173858642578125 0.009839534759521484
21 0.31147645314534506 0.4393360137939453 0.06291077931722006 0.01303558349609375
23 0.3798333168029785 0.41808428764343264 0.06141249338785807 0.008504772186279297
21 0.3151060740152995 0.4182294845581055 0.06163724263509115 0.009528541564941406
24 0.183388614654541 0.4169182300567627 0.06272398630777995 0.00978851318359375
24 0.1886698563893636 0.4071305274963379 0.06309887568155924 0.009537029266357421
27 0.24755102793375652 0.4269255638122559 0.065171750386556 0.009514999389648438
21 0.31736183166503906 0.4087996482849121 0.06125284830729167 0.009125137329101562
23 0.38114541371663413 0.41028385162353515 0.06007944742838542 0.008357810974121093
27 0.2503141721089681 0.4175594329833984 0.06340312957763672 0.009756183624267578
27 0.25292158126831055 0.408662748336792 0.06268367767333985 0.009329605102539062
27 0.2465443770090739 0.43889608383178713 0.06329081853230795 0.011927509307861328
