6 0.23006651136610243 0.7705397288004557 0.03614514668782552 0.04477704366048177
6 0.26653998692830405 0.7677155176798502 0.03617254892985026 0.04559135437011719
9 0.3024381319681803 0.656885274251302 0.044739723205566406 0.042542648315429685
9 0.25632794698079425 0.6599521319071452 0.047335052490234376 0.04314416249593099
7 0.3451513926188151 0.6900103251139323 0.04346160888671875 0.03272552490234375
7 0.34763660430908205 0.6530776977539062 0.04431749979654948 0.0406463623046875
7 0.38885362413194446 0.6881450653076172 0.04331893920898437 0.03174858093261719
2 0.19352388381958008 0.773028310139974 0.036358070373535153 0.0451727549235026
9 0.25687149895562067 0.6977403322855632 0.04570134480794271 0.03318729400634766
3 0.1584527810414632 0.6655703862508138 0.050962607065836586 0.04441006978352865
2 0.15696036020914714 0.7771311442057292 0.03606363932291667 0.0474029541015625
3 0.20813157823350695 0.6633776664733887 0.047810067070855035 0.04482822418212891
9 0.3015184932284885 0.6947453180948894 0.041643842061360674 0.032926177978515624
3 0.20994467205471462 0.701233450571696 0.046488846672905815 0.033342933654785155
7 0.3919852998521593 0.6513586680094401 0.04558881123860677 0.04234186808268229
3 0.16253990597195095 0.7045054753621419 0.04638811747233073 0.03454538981119792
