58 0.4475884755452474 0.5456539154052734 0.11280034383138021 0.020452499389648438
59 0.06096113522847493 0.569291067123413 0.04189759890238444 0.018429088592529296
58 0.4452367782592773 0.5288415908813476 0.12018394470214844 0.017043304443359376
59 0.08469509283701579 0.5004068374633789 0.0642687956492106 0.017029190063476564
58 0.448397159576416 0.5676434516906739 0.0907138188680013 0.021869850158691407
59 0.0627442717552185 0.5524917602539062 0.045941853523254396 0.01589488983154297
59 0.21905163129170735 0.4948874473571777 0.0592768669128418 0.018743896484375
59 0.08230358560880026 0.5170493125915527 0.060102784633636476 0.01671733856201172
59 0.14807036717732747 0.5210815906524658 0.061068789164225264 0.015009593963623048
58 0.3112199783325195 0.5677194595336914 0.08507328033447266 0.02149648666381836
55 0.7085339228312174 0.5468434810638427 0.12234293619791667 0.01664419174194336
55 0.7126002629597982 0.5665297508239746 0.09736493428548178 0.02308235168457031
61 0.5765537897745768 0.5727165699005127 0.0855194091796875 0.01773862838745117
59 0.019629804293314616 0.5693009376525879 0.03896635373433431 0.01865110397338867
61 0.5783651987711589 0.5183234214782715 0.11865272521972656 0.02285308837890625
61 0.569653590520223 0.49217844009399414 0.11187410354614258 0.02607269287109375
59 0.1483911673227946 0.5703134536743164 0.0419028917948405 0.0137359619140625
58 0.444888432820638 0.5150997638702393 0.11801643371582031 0.014038467407226562
59 0.21391630172729492 0.5259708404541016 0.0620205561319987 0.02190704345703125
59 0.14540305137634277 0.5412439823150634 0.05734246571858724 0.014471912384033203
55 0.7000158309936524 0.515894889831543 0.12315648396809896 0.021054649353027345
60 0.32686710357666016 0.5292582988739014 0.09609820048014323 0.020098495483398437
59 0.19701951344807941 0.5621374130249024 0.04624516169230143 0.0183837890625
59 0.09019881884256999 0.4844974040985107 0.06058425903320312 0.014818954467773437
58 0.4459250768025716 0.5000000476837159 0.11032670338948568 0.015621471405029296
59 0.02227766712506612 0.5320138931274414 0.04455533425013224 0.018402481079101564
59 0.14749821027119955 0.5555609703063965 0.04655536015828451 0.014046573638916015
61 0.5810129960378011 0.554497241973877 0.09977795282999674 0.019809913635253907
59 0.019933950901031495 0.5494156837463379 0.03986790180206299 0.016546344757080077
61 0.579968516031901 0.5373432636260986 0.11383628845214844 0.01746025085449219
