15 0.6098578135172527 0.6404269695281982 0.01989898681640625 0.01375894546508789
15 0.6309719721476237 0.6404364585876465 0.020781453450520834 0.014320278167724609
15 0.6516881306966146 0.6403080463409424 0.02040888468424479 0.013994312286376953
15 0.6091588338216146 0.6585093975067139 0.020232391357421876 0.012627601623535156
4 0.7877310434977214 0.7072290420532227 0.043662770589192705 0.04062919616699219
19 0.7498922348022461 0.5030988693237305 0.018142827351888022 0.020731163024902344
30 0.8230088551839193 0.7844075202941895 0.02491277058919271 0.017382049560546876
7 0.5466016133626302 0.6581452369689942 0.021200052897135415 0.01441783905029297
7 0.5259733517964681 0.6579380989074707 0.019811058044433595 0.013946342468261718
15 0.6300875981648763 0.6584565162658691 0.019870503743489584 0.011595344543457032
2 0.6470945994059245 0.5729354858398438 0.014605458577473958 0.019598960876464844
30 0.7858259836832683 0.7660139083862305 0.02438074747721354 0.018146514892578125
30 0.7731264750162761 0.7482345581054688 0.023719278971354167 0.015610504150390624
30 0.7973841985066732 0.7845046520233154 0.025204213460286458 0.01762237548828125
30 0.7974206288655599 0.7478575706481934 0.022548675537109375 0.015504169464111327
7 0.5463971455891927 0.6408084869384766 0.020729827880859374 0.014310836791992188
3 0.5873449961344401 0.6598364830017089 0.020247650146484376 0.015777397155761718
1 0.5560365041097005 0.5087029457092285 0.021229044596354166 0.015154266357421875
19 0.7466803868611653 0.5413737297058105 0.020047124226888022 0.016494560241699218
3 0.5879150390625 0.6421308994293213 0.021164957682291666 0.01839723587036133
9 0.5046975771586101 0.6399128913879395 0.021023114522298176 0.01422882080078125
9 0.5044076919555665 0.6578101634979248 0.020861180623372395 0.013737869262695313
7 0.5254607518513997 0.6401132583618164 0.01983795166015625 0.013644695281982422
25 0.8410031636555989 0.5190664291381836 0.014841715494791666 0.012633895874023438
25 0.8561690012613933 0.5192633628845215 0.014752960205078125 0.012591934204101563
16 0.7517983754475911 0.5753859043121338 0.01672515869140625 0.016055774688720704
1 0.5781117757161458 0.509227991104126 0.021084340413411458 0.015890026092529298
6 0.5692512512207031 0.5960831642150879 0.014969762166341145 0.019750404357910156
15 0.6322349548339844 0.6223245143890381 0.019996515909830728 0.01130533218383789
30 0.8098313649495442 0.7650818824768066 0.024954477945963543 0.01772136688232422
9 0.505487569173177 0.6247590065002442 0.020090611775716145 0.017362403869628906
3 0.5672067006429037 0.6416523456573486 0.019682566324869793 0.018276214599609375
15 0.6499317169189454 0.65755615234375 0.01944897969563802 0.011256027221679687
10 0.5527020772298177 0.5934892654418945 0.01726252237955729 0.013639259338378906
47 0.21534837086995443 0.508600902557373 0.02376550038655599 0.023575592041015624
11 0.7459942499796549 0.7067166328430176 0.041190083821614584 0.03768224716186523
6 0.6080230712890625 0.5711488723754883 0.014586257934570312 0.0197784423828125
16 0.7858931223551432 0.575625991821289 0.016675694783528646 0.014944839477539062
16 0.7683759689331054 0.5753575325012207 0.015892664591471355 0.0154052734375
16 0.7862885157267253 0.5956197261810303 0.015504837036132812 0.013802623748779297
16 0.7527233759562174 0.595488452911377 0.01687164306640625 0.014231109619140625
15 0.610966682434082 0.6224648952484131 0.020673370361328124 0.011863327026367188
16 0.7699726104736329 0.595518684387207 0.016803232828776042 0.014381980895996094
10 0.5011526743570963 0.592909860610962 0.016472498575846355 0.013692569732666016
19 0.7493764877319335 0.5228684902191162 0.019285837809244793 0.018732166290283202
2 0.6675454457600911 0.5946478843688965 0.016507720947265624 0.014846229553222656
6 0.5867026646931967 0.5714938640594482 0.014044570922851562 0.02003164291381836
26 0.8261102676391602 0.7078682899475097 0.03343060811360677 0.040585899353027345
31 0.7582233428955079 0.7649911880493164 0.0253509521484375 0.019095230102539062
10 0.5183350880940755 0.5928973197937012 0.01667938232421875 0.013646888732910156
10 0.5357804616292318 0.5931439399719238 0.016454060872395832 0.013299369812011718
3 0.5887870152791341 0.624912166595459 0.0198944091796875 0.01586437225341797
9 0.4835380554199219 0.640012264251709 0.020601272583007812 0.014747905731201171
0 0.6225715637207031 0.5096441268920898 0.021506754557291667 0.01577129364013672
10 0.4842762629191081 0.5740056037902832 0.016064198811848958 0.022786331176757813
10 0.48434645334879556 0.592799186706543 0.01618671417236328 0.013841819763183594
53 0.353506596883138 0.4969790935516357 0.030324172973632813 0.0338953971862793
20 0.8124554951985677 0.5015987396240235 0.017200215657552084 0.016996097564697266
3 0.5670940399169921 0.6596749305725098 0.01983668009440104 0.0158538818359375
9 0.485220464070638 0.6243649005889893 0.019421132405598958 0.01774730682373047
17 0.7181687672932943 0.5951146602630615 0.0160491943359375 0.013920116424560546
0 0.6006810506184895 0.5093082427978516 0.02090733846028646 0.01584453582763672
6 0.567608388264974 0.5722599029541016 0.015584055582682292 0.020357704162597655
0 0.6659366607666015 0.511611795425415 0.02070159912109375 0.017025089263916014
3 0.5682346979777019 0.6247559547424316 0.019054158528645834 0.016314697265625
10 0.5009810129801432 0.5743313789367676 0.016532071431477866 0.022562026977539062
10 0.5178183237711589 0.5744447708129883 0.016111119588216146 0.02260274887084961
7 0.5481502532958984 0.6249236106872559 0.020778910319010416 0.01739358901977539
17 0.719021987915039 0.5764829635620117 0.01475232442220052 0.02074012756347656
0 0.6450350443522136 0.510626220703125 0.020673116048177082 0.01651935577392578
2 0.6507648468017578 0.5946929931640625 0.016615549723307293 0.016494369506835936
20 0.8103065490722656 0.5187482833862305 0.015238698323567708 0.013190269470214844
11 0.7038220087687175 0.7101489067077636 0.04045804341634115 0.032848548889160153
47 0.21520868937174478 0.5332197189331055 0.022786649068196614 0.019498062133789063
29 0.8515535990397135 0.7863990306854248 0.027126312255859375 0.01832418441772461
29 0.8213171641031901 0.7479508399963379 0.02332280476888021 0.0147186279296875
20 0.8096874237060547 0.5384305000305176 0.016680781046549478 0.012239837646484375
20 0.8250460306803385 0.5382366180419922 0.014754358927408855 0.012333488464355469
5 0.49052225748697914 0.5114169120788574 0.03242511749267578 0.015029144287109376
25 0.8538930257161458 0.538427734375 0.014183298746744791 0.0125152587890625
5 0.5264273325602213 0.5107961654663086 0.03152872721354167 0.014432525634765625
10 0.5344611962636312 0.5742134094238281 0.016989421844482423 0.022013473510742187
31 0.7693912506103515 0.7842697143554688 0.025509134928385416 0.018177032470703125
20 0.8254994710286458 0.5187324523925781 0.014583333333333334 0.012969970703125
12 0.8460355122884115 0.5968659400939942 0.01298535664876302 0.01175994873046875
29 0.8369379043579102 0.7660409927368164 0.02646954854329427 0.018560218811035156
17 0.7013678232828776 0.5950118064880371 0.015014139811197917 0.01383800506591797
9 0.4833990097045898 0.6579050540924072 0.020370610555013022 0.013553428649902343
16 0.7343624114990235 0.5760069847106933 0.015508778889973958 0.01858692169189453
2 0.6842385609944661 0.5948503971099853 0.016590118408203125 0.014240741729736328
22 0.6891181945800782 0.5138691902160645 0.021466064453125 0.015625
29 0.8781152089436849 0.7879515647888183 0.02614313761393229 0.01907176971435547
12 0.8593246459960937 0.5966691970825195 0.01175689697265625 0.011850643157958984
25 0.8401373545328776 0.5382816314697265 0.014707183837890625 0.012209415435791016
46 0.29257024129231773 0.49512462615966796 0.028968238830566408 0.0333770751953125
7 0.5267801920572917 0.6248059272766113 0.021022288004557292 0.01753082275390625
47 0.23738075892130533 0.5328558444976806 0.019733238220214843 0.020147418975830077
12 0.860247548421224 0.5759764194488526 0.012904103597005208 0.012812995910644531
19 0.7270332336425781 0.5410454750061036 0.018777974446614585 0.016230201721191405
18 0.7928827285766602 0.5034412384033203 0.020959218343098957 0.019760799407958985
51 0.32340106964111326 0.4953609466552734 0.02768389383951823 0.03225574493408203
6 0.6271865844726563 0.5716057777404785 0.014708582560221355 0.019734764099121095
10 0.5521102905273437 0.5736787796020508 0.016480255126953124 0.021338272094726562
18 0.7682348887125651 0.5387391090393067 0.021984354654947916 0.012225914001464843
31 0.747830581665039 0.7475216865539551 0.024939473470052084 0.016039085388183594
18 0.7705296834309896 0.5213210105895996 0.022707366943359376 0.015149116516113281
2 0.677740478515625 0.575312614440918 0.011926523844401042 0.020998573303222655
17 0.701056162516276 0.5768630027770996 0.015086873372395834 0.021975994110107422
12 0.8471621195475261 0.5755179405212403 0.013114420572916667 0.012509536743164063
18 0.7706140518188477 0.5033402442932129 0.022743606567382814 0.020068550109863283
13 0.8034785588582357 0.5957574844360352 0.015952301025390626 0.013217735290527343
19 0.7299326578776042 0.5229805946350098 0.019795354207356772 0.018726825714111328
18 0.7922882715861003 0.5200546264648438 0.01951751708984375 0.012441444396972656
20 0.8270071665445964 0.5017283439636231 0.013867696126302084 0.016937637329101564
25 0.8551428476969402 0.49980902671813965 0.014671834309895833 0.013412857055664062
13 0.8209715525309245 0.5961329460144043 0.010469945271809895 0.011708831787109375
16 0.7347216288248698 0.5953062057495118 0.015814208984375 0.014054489135742188
