31 0.2564903418223063 0.7784354209899902 0.08077147801717123 0.05090541839599609
17 0.40397939682006834 0.6683718681335449 0.0505801518758138 0.06055259704589844
47 0.6665658315022787 0.7865421295166015 0.06207402547200521 0.058706474304199216
24 0.740591557820638 0.6829174995422364 0.034378306070963545 0.03424901962280273
24 0.6740321477254232 0.6813580513000488 0.032729848225911455 0.0329737663269043
29 0.339448070526123 0.7805745124816894 0.07893988291422525 0.05030117034912109
13 0.4964364687601725 0.6804924011230469 0.043358866373697916 0.06325244903564453
45 0.6138914744059245 0.7866863250732422 0.032747141520182294 0.056024932861328126
29 0.3529717445373535 0.7432976245880127 0.0737955093383789 0.021891021728515626
12 0.45219529469807945 0.6736916542053223 0.043632761637369795 0.05090627670288086
24 0.7069823582967122 0.6827356338500976 0.03336931864420573 0.03317890167236328
13 0.5403737386067708 0.6810260772705078 0.043085734049479164 0.06024589538574219
47 0.665600077311198 0.7454492568969726 0.060357666015625 0.019954681396484375
