10 0.4628407160441081 0.3320897579193115 0.049570592244466145 0.04104247093200684
17 0.5072582244873047 0.4338780403137207 0.04706427256266276 0.05948162078857422
10 0.5216008186340332 0.3350815296173096 0.03988463083902995 0.03990659713745117
17 0.4116463343302409 0.4336112022399902 0.048178482055664065 0.0627786636352539
13 0.5205904006958008 0.24340353012084961 0.04095408121744792 0.04458436965942383
10 0.41007779439290365 0.33011531829833984 0.05403556823730469 0.04292850494384766
43 0.4597476959228516 0.664865779876709 0.10251019795735677 0.042007827758789064
13 0.47868169148763023 0.2406688451766968 0.042353312174479164 0.04550437927246094
38 0.46199973424275714 0.5895366668701172 0.11382567087809245 0.0425318717956543
13 0.428965695699056 0.23607172966003417 0.05507303873697917 0.044097900390625
49 0.6236624399820964 0.41948847770690917 0.07692235310872396 0.044447803497314455
49 0.6199911117553711 0.5051894187927246 0.07269172668457032 0.042086124420166016
17 0.45920937856038413 0.42255339622497556 0.04646644592285156 0.03847589492797852
58 0.4618254025777181 0.5181778907775879 0.13912410736083985 0.03314542770385742
44 0.6120960235595703 0.5556975364685058 0.08083165486653646 0.06538524627685546
