19 0.5538241147994996 0.41210085969657173 0.016882944107055663 0.045347005490413775
26 0.6502413272857666 0.7740792418270012 0.03620967864990234 0.10295229272164753
51 0.36414486169815063 0.6834016003269876 0.025180840492248537 0.07863560086519714
28 0.505999493598938 0.7967031336739737 0.020556879043579102 0.02602282016694649
15 0.5936964511871338 0.3435732545637795 0.018766117095947266 0.03413369957247888
2 0.668464970588684 0.5324299248706943 0.014219713211059571 0.03514524886265165
10 0.6957392930984497 0.534156918319094 0.013029909133911133 0.03506787067062933
15 0.6127474308013916 0.3447154952500474 0.01872406005859375 0.03529939701073711
7 0.6448026657104492 0.35710631953988164 0.01601886749267578 0.04694568759647151
9 0.6962430953979493 0.35398174530505305 0.017949485778808595 0.03606215134857019
2 0.6822826147079468 0.5324463207965501 0.013327836990356445 0.034238183932246535
11 0.5838906049728394 0.7793663990146366 0.03448252677917481 0.10257084944012673
6 0.6409786939620972 0.5317976503686227 0.013500452041625977 0.03670481875203098
9 0.7124136924743653 0.4001041590857547 0.017280387878417968 0.03333294370971891
16 0.6277552366256713 0.4828515804826284 0.01382899284362793 0.041535058509125866
25 0.4703641891479492 0.40515413069435796 0.012160015106201173 0.04271939970178455
9 0.6943118572235107 0.40047891177172473 0.018816089630126952 0.03437641216522693
28 0.48417952060699465 0.7956462046922389 0.021216535568237306 0.029280584854311092
10 0.710036039352417 0.4844987363501273 0.013581562042236327 0.03883639489344129
10 0.7087399959564209 0.5337472581780762 0.013105201721191406 0.03412288355042244
7 0.6291991710662842 0.35482435044630767 0.01479482650756836 0.0459442138671875
3 0.6778197288513184 0.36005047247769306 0.018427562713623048 0.04651907618372238
30 0.3934731721878052 0.8145026301180676 0.02114386558532715 0.03210110722216204
11 0.5825285196304322 0.9267598752132529 0.030511140823364258 0.11162356900590338
9 0.7132385969161987 0.3524902449530167 0.016354799270629883 0.03452220368013432
10 0.6961092233657837 0.4840220380283931 0.013893938064575196 0.03928035425354744
25 0.4584686040878296 0.40491009584952475 0.01137528419494629 0.04150123530078802
4 0.6174067735671998 0.7774841202813583 0.03386111259460449 0.10400739699550476
2 0.6818876266479492 0.4824129894659879 0.013998985290527344 0.037944192076473135
5 0.6107309103012085 0.059688900331070764 0.028760766983032225 0.03828852965885473
30 0.4153524160385132 0.8139966306901267 0.02056994438171387 0.03454272503249567
18 0.5358899354934692 0.41110310149564694 0.01895251274108887 0.0474109616601901
2 0.6679571151733399 0.48221269472013106 0.0141845703125 0.03735499654733535
3 0.6604524612426758 0.3590514184697249 0.01608266830444336 0.04869357262781629
5 0.6096584796905518 0.023257874740058464 0.030608654022216797 0.038449214277482324
19 0.5712038516998291 0.41274172883719673 0.01699094772338867 0.045006922254116115
6 0.6543558597564697 0.5320968760154896 0.01337261199951172 0.03626567238951473
46 0.33979334831237795 0.684068861619232 0.023497486114501955 0.07923526863084922
3 0.6589136600494385 0.4054921512174028 0.016023540496826173 0.043192342827596944
19 0.5524127006530761 0.4552665326996114 0.017626953125 0.03863776618521177
3 0.6754820108413696 0.4063878580023966 0.016588544845581053 0.04400528985458189
47 0.3157049775123596 0.7048893074022422 0.018979191780090332 0.05806209888160745
18 0.5166322708129882 0.41004902857841613 0.018269729614257813 0.046057927546509426
31 0.4396799564361572 0.8076170023847081 0.02223377227783203 0.03305043132920819
31 0.4616424560546875 0.804189698534987 0.020326805114746094 0.03586751584163778
25 0.45798640251159667 0.4469982788509058 0.012161159515380859 0.03707020989323819
16 0.6271742582321167 0.5323532342497563 0.013104486465454101 0.036067228796577123
15 0.5937743425369263 0.39606092376973434 0.017480134963989258 0.03473500693071653
26 0.6385741233825684 0.9160029313799827 0.03264017105102539 0.10988295636102687
29 0.5484046936035156 0.7988698023857236 0.021462631225585938 0.03319952847432842
16 0.6140726804733276 0.48152025774818563 0.013837385177612304 0.037476220618500866
28 0.5057339429855346 0.8226162862529788 0.021199560165405272 0.024826287810062825
16 0.6132178783416748 0.5320201589495098 0.013981437683105469 0.03598953326405437
20 0.48316771984100343 0.4062390649752559 0.012422609329223632 0.045831822439950716
19 0.5701605796813964 0.4565578044183953 0.01770792007446289 0.039393433251868504
13 0.7583808183670044 0.4859867195116172 0.010933160781860352 0.033058206171468804
6 0.6413411378860474 0.4849893447637971 0.013074064254760742 0.043482259819784444
25 0.47097179889678953 0.4478155893097717 0.013398122787475587 0.03656362867437987
4 0.6087352275848389 0.922905748390449 0.022952747344970704 0.11614085813948766
30 0.39494099617004397 0.7814793314016465 0.021160125732421875 0.031198061938095753
5 0.6425076723098755 0.02238391993157372 0.029399919509887695 0.04181075406033204
29 0.5276555299758912 0.8004610534350628 0.019782018661499024 0.03179466207891031
0 0.6812561511993408 0.2526315593223638 0.015153217315673827 0.034924088978891356
12 0.7249555349349975 0.48329334490427317 0.014188718795776368 0.034424462806000866
20 0.4962909460067749 0.4075642260149819 0.013667726516723632 0.04663934823338659
63 0.18636379837989808 0.14304031491073 0.03403171300888062 0.11273051217275848
18 0.5340262174606323 0.4537088007406304 0.018894529342651366 0.0371179431935117
16 0.6005824089050293 0.4802170989831564 0.012935352325439454 0.04002658044031629
7 0.6451277732849121 0.4017905726176614 0.01335000991821289 0.040628839820055246
13 0.755891990661621 0.5328061055889163 0.009914684295654296 0.029869515933031845
30 0.4158270597457886 0.781232652052643 0.02011446952819824 0.02954503527133882
20 0.4842782735824585 0.449833372436735 0.011677217483520509 0.03615399497840392
16 0.5879069566726685 0.47932111452522475 0.012407922744750976 0.03879376548621642
23 0.46576454639434817 0.2867157008866917 0.02418036460876465 0.014144368560103444
16 0.5990179061889649 0.5323656105292732 0.013433456420898438 0.036056968120396445
