43 0.27663554350535074 0.4595916271209717 0.0505338191986084 0.07536239624023437
43 0.22409265836079914 0.46850156784057617 0.05443290074666341 0.0804788589477539
10 0.5664683024088542 0.37042627334594724 0.037778472900390624 0.05672011375427246
10 0.5286883036295573 0.3781146049499512 0.0384857177734375 0.05547332763671875
19 0.4240547815958659 0.5432356834411621 0.043184916178385414 0.048775100708007814
19 0.47129135131835936 0.5341370582580567 0.046849568684895836 0.04534368515014649
10 0.5996508280436198 0.4080527305603027 0.032012685139973955 0.03798103332519531
10 0.5658677419026693 0.41599178314208984 0.035722605387369794 0.03779115676879883
10 0.5325945218404134 0.4232673645019531 0.031232261657714845 0.03758182525634766
19 0.3819318135579427 0.555228853225708 0.040007591247558594 0.04609832763671875
44 0.13831884066263836 0.48010616302490233 0.12139762242635091 0.0927652359008789
40 0.12664976914723713 0.611263656616211 0.04371142387390137 0.05908327102661133
16 0.6340623219807943 0.4006336688995361 0.035570780436197914 0.03874664306640625
16 0.6378414154052734 0.3543121814727783 0.03405838012695313 0.055736351013183597
16 0.6032236735026042 0.361663818359375 0.035919189453125 0.055391883850097655
39 0.0449703852335612 0.5075528621673584 0.0899407704671224 0.08469171524047851
16 0.6716416676839193 0.34749712944030764 0.03374074300130208 0.05277385711669922
40 0.07292693257331848 0.6157667160034179 0.04544576406478882 0.061145591735839847
40 0.09850436051686605 0.6122158527374267 0.04264524777730306 0.06032476425170898
