17 0.39995803833007815 0.8156217336654663 0.03841260274251302 0.04488263130187988
17 0.36016801198323567 0.8159760475158692 0.03979784647623698 0.044830322265625
22 0.3434589703877767 0.5730063438415527 0.06408640543619791 0.056020355224609374
23 0.6287012736002604 0.7046477794647217 0.06232655843098958 0.020055198669433595
10 0.41952479680379234 0.8755794525146484 0.03402264912923177 0.031179046630859374
12 0.35115381876627605 0.8762680053710937 0.033112589518229166 0.034363174438476564
21 0.48887418111165365 0.7127074241638184 0.06943003336588542 0.017482566833496093
5 0.41034018198649086 0.6441669464111328 0.056070836385091145 0.04594001770019531
13 0.3842351277669271 0.8764795303344727 0.031631724039713545 0.03187141418457031
1 0.4114963531494141 0.5718555450439453 0.057446797688802086 0.054968833923339844
5 0.3478340784708659 0.6462897777557373 0.05962308247884115 0.05201272964477539
21 0.5605461120605468 0.7105317115783691 0.06716117858886719 0.018195533752441408
24 0.3472248077392578 0.7140612602233887 0.06502202351888021 0.018490982055664063
