9 0.27279000282287597 0.576801045735677 0.049411678314208986 0.06673431396484375
10 0.4074397563934326 0.580523681640625 0.03772029876708984 0.060577138264973955
13 0.4431288719177246 0.5784313201904296 0.03293304443359375 0.05900980631510417
23 0.705224609375 0.21911574999491373 0.02745475769042969 0.0510073979695638
12 0.4751446723937988 0.5772326151529948 0.03071250915527344 0.05962727864583333
9 0.3230920314788818 0.582897440592448 0.04988527297973633 0.08311793009440104
24 0.6488845825195313 0.21822400093078614 0.028220176696777344 0.05144319534301758
17 0.19049017429351806 0.5807276407877604 0.03995323181152344 0.060889180501302084
17 0.14891269207000732 0.5804574330647786 0.04202814102172851 0.06048138936360677
29 0.8122151374816895 0.37294673919677734 0.0624237060546875 0.05767008463541667
10 0.3687084197998047 0.586322530110677 0.03922395706176758 0.07173080444335937
31 0.750976276397705 0.34852447509765627 0.06286373138427734 0.05020459493001302
46 0.013751117885112763 0.6981034596761068 0.027339228987693788 0.06454722086588542
1 0.7740833282470703 0.2234052340189616 0.05612869262695312 0.03949136734008789
28 0.886649227142334 0.3599533716837565 0.07437171936035156 0.05279210408528646
45 0.7065814971923828 0.41562700271606445 0.030576705932617188 0.10616804758707682
23 0.6774248123168946 0.2187583605448405 0.027655982971191408 0.05042603810628255
16 0.2290114402770996 0.5800800959269206 0.037602710723876956 0.060142771402994795
46 0.041961094737052916 0.6974793752034505 0.03755566477775574 0.06362813313802083
27 0.6208406448364258 0.21771205266316732 0.02742938995361328 0.05077495574951172
21 0.7324734687805176 0.2196622689565023 0.027614784240722657 0.05055529276529948
40 0.674067211151123 0.42857662836710614 0.03074817657470703 0.07244993845621744
