43 0.6385047912597657 0.26318795680999757 0.03967882792154948 0.06589961051940918
39 0.5757747014363607 0.2610493183135986 0.08234214782714844 0.05923395156860352
17 0.658428446451823 0.346971321105957 0.04720026652018229 0.05296611785888672
51 0.7886514027913412 0.8380365371704102 0.068365478515625 0.0575927734375
51 0.7228307088216146 0.8259443283081055 0.06641591389973958 0.054586029052734374
17 0.5615202585856119 0.3449258327484131 0.04350268046061198 0.051979351043701175
17 0.6074652353922526 0.34204578399658203 0.0462493896484375 0.04499979019165039
10 0.4742522875467936 0.3370445489883423 0.040988922119140625 0.03977093696594238
28 0.38443689346313475 0.5894701480865479 0.051522254943847656 0.035738372802734376
31 0.43918803532918294 0.5935051441192627 0.05250339508056641 0.03536672592163086
10 0.5160597483317058 0.34427406787872317 0.04251848856608073 0.05217728614807129
29 0.49464763005574547 0.5990847110748291 0.05497589111328125 0.03901815414428711
2 0.5977982838948568 0.4090282917022705 0.044214630126953126 0.0435638427734375
48 0.6563989003499349 0.8164368629455566 0.07007904052734375 0.05238361358642578
47 0.24982773462931315 0.6337562561035156 0.03963152567545573 0.0394195556640625
54 0.5821247100830078 0.8066647529602051 0.07683842976888021 0.056451034545898435
47 0.17164514859517416 0.624363899230957 0.037484296162923175 0.038460922241210935
44 0.49658648173014325 0.25977520942687987 0.07961196899414062 0.058972644805908206
12 0.46632054646809895 0.4031406879425049 0.0327786127726237 0.03911304473876953
13 0.17855663299560548 0.6856520652770997 0.02805614471435547 0.030807685852050782
2 0.5526384353637696 0.40818558931350707 0.04439709981282552 0.046463942527770995
13 0.5029921213785807 0.4041850924491882 0.03945732116699219 0.04047567844390869
47 0.21023035049438477 0.6293774604797363 0.03984966278076172 0.038847732543945315
2 0.6469916025797526 0.4115470051765442 0.046366373697916664 0.04564664363861084
47 0.29055655797322594 0.6397373676300049 0.04165236155192057 0.03794097900390625
47 0.33233648935953775 0.6434210777282715 0.04152615865071615 0.03939504623413086
47 0.13393446604410808 0.6206263542175293 0.0389897346496582 0.03833446502685547
47 0.1892215887705485 0.7473526954650879 0.03913796742757161 0.04347286224365234
47 0.25297230084737143 0.5713285446166992 0.04364023208618164 0.0403167724609375
23 0.6726949055989583 0.2660637378692627 0.02656071980794271 0.045451021194458006
2 0.20998684565226236 0.6890555858612061 0.03437760670979818 0.032311439514160156
13 0.15085670153299968 0.6827194690704346 0.027832889556884767 0.03063936233520508
17 0.6558244069417317 0.6861695289611817 0.034864044189453124 0.03971385955810547
47 0.16034464836120604 0.7361041069030761 0.021114412943522134 0.030273246765136718
27 0.6860140482584636 0.6971138954162598 0.025099690755208334 0.02564582824707031
