24 0.4643056869506836 0.4954573154449463 0.08264751434326172 0.015014839172363282
21 0.2721442619959513 0.5408461093902588 0.08800568580627441 0.018746089935302735
23 0.6458905537923177 0.5113203048706054 0.08666305541992188 0.014577865600585938
23 0.5574216365814209 0.5241859436035157 0.09072821935017904 0.01519918441772461
24 0.3705265045166016 0.5238513946533203 0.08679288228352865 0.016129493713378906
24 0.46485080718994143 0.5242602348327636 0.08579928080240885 0.01464385986328125
24 0.4646946907043457 0.5101521492004395 0.08454500834147136 0.014096927642822266
21 0.27521381378173826 0.5237183570861816 0.08865331013997396 0.015873527526855467
24 0.4646397590637207 0.5391128063201904 0.08646380106608073 0.014879417419433594
23 0.6411909739176432 0.49736809730529785 0.08258094787597656 0.01407327651977539
23 0.6557772318522136 0.5415098667144775 0.09019495646158854 0.015334224700927735
23 0.6362324396769206 0.48337640762329104 0.07934010823567708 0.01277923583984375
24 0.3745941480000814 0.5085433483123779 0.08465735117594402 0.014455413818359375
24 0.3764970143636068 0.49399118423461913 0.08109728495279948 0.014436912536621094
24 0.3697841644287109 0.5419650077819824 0.08546326955159506 0.01974658966064453
21 0.28433300654093424 0.49277334213256835 0.08643315633138021 0.016284942626953125
21 0.27969814936319987 0.5083113670349121 0.08826096852620442 0.014864349365234375
23 0.6510519027709961 0.5260126113891601 0.08908983866373697 0.014260292053222656
23 0.555637804667155 0.510063362121582 0.08820292154947916 0.014273452758789062
23 0.5602334976196289 0.5406566619873047 0.08569285074869791 0.016985130310058594
27 0.19330148696899413 0.4953702449798584 0.08858458201090495 0.014540386199951173
27 0.2004990577697754 0.48032217025756835 0.08493328094482422 0.015755462646484374
27 0.18542683919270833 0.5097746849060059 0.08992919921875 0.014596176147460938
23 0.5514195760091146 0.49526138305664064 0.08277880350748698 0.014251422882080079
27 0.17975088357925414 0.5245434761047363 0.09441548188527425 0.01544332504272461
27 0.17587703069051105 0.5417310714721679 0.09270668029785156 0.01929779052734375
