47 0.5371440251668295 0.6546606540679931 0.042215220133463544 0.04358816146850586
43 0.34140310287475584 0.5426644802093505 0.11630064646402995 0.03854570388793945
39 0.39838333129882814 0.600704288482666 0.07801589965820313 0.05025825500488281
47 0.5796241760253906 0.6517349243164062 0.04278844197591146 0.04251508712768555
48 0.21926682790120441 0.6762385368347168 0.08511892954508464 0.04975051879882812
43 0.22544221878051757 0.5156328201293945 0.11719303131103516 0.02445087432861328
38 0.45460554758707683 0.5407886505126953 0.10720672607421874 0.035902214050292966
38 0.5655689875284831 0.5353744029998779 0.10725466410319011 0.03436203002929687
47 0.6232181549072265 0.6504769802093506 0.044327799479166666 0.04376487731933594
39 0.4726221720377604 0.5957362174987793 0.07349141438802083 0.049370765686035156
43 0.22336034774780272 0.5473143577575683 0.11547260284423828 0.03976936340332031
54 0.30110104084014894 0.6706630706787109 0.07431070009867351 0.04850959777832031
45 0.21724376678466797 0.6010631561279297 0.02634251912434896 0.03775653839111328
47 0.6673515955607097 0.6477046966552734 0.04530410766601563 0.042183876037597656
44 0.6764920552571615 0.587430763244629 0.07727508544921875 0.047304725646972655
59 0.19285839398701984 0.4580275058746338 0.07363417943318686 0.020576667785644532
45 0.18597313563028972 0.6020687580108642 0.027952893575032552 0.039182281494140624
34 0.6725380579630534 0.5332263946533203 0.10669161478678385 0.03717174530029297
44 0.5455425103505452 0.5922168731689453 0.07279132207234701 0.0482691764831543
43 0.33847271601359047 0.510929012298584 0.10732205708821614 0.025304317474365234
44 0.6088560740152995 0.5911970138549805 0.06529210408528646 0.046624374389648435
58 0.44999850591023766 0.43698816299438475 0.10514901479085287 0.013784694671630859
45 0.24835402170817059 0.5992204666137695 0.0258175532023112 0.03818979263305664
58 0.44503339131673175 0.40971879959106444 0.10203463236490885 0.014055252075195312
45 0.27643324534098307 0.5976456642150879 0.024790318806966145 0.037835311889648435
46 0.483251698811849 0.6583849906921386 0.05402030944824219 0.04449272155761719
59 0.261092472076416 0.40691051483154295 0.06671880086263021 0.017740154266357423
58 0.4494884490966797 0.4235027313232422 0.10358327229817708 0.01492462158203125
46 0.426115608215332 0.6623223304748536 0.05844688415527344 0.04641742706298828
33 0.3090669631958008 0.6029608726501465 0.03143742879231771 0.04975557327270508
58 0.45833848317464193 0.4635446548461914 0.11383323669433594 0.01737823486328125
58 0.45269667307535805 0.4493056297302246 0.11066404978434245 0.013520240783691406
54 0.36865622202555337 0.6662017822265625 0.054991658528645834 0.04769630432128906
55 0.5725683212280274 0.4627039909362793 0.11346766153971354 0.018781757354736327
60 0.34720191955566404 0.4212674140930176 0.0878438949584961 0.016377067565917967
55 0.5577296098073323 0.4154520988464355 0.10684633255004883 0.014691162109375
55 0.5617398738861084 0.4453392028808594 0.1091954231262207 0.017229080200195312
60 0.3486059824625651 0.4367408752441406 0.07971363067626953 0.01393280029296875
60 0.34864571889241536 0.4505490303039551 0.07631276448567709 0.013409233093261719
59 0.1928738276163737 0.4102362632751465 0.0610386848449707 0.016438674926757813
59 0.26442001660664877 0.423297643661499 0.06677064895629883 0.014613914489746093
33 0.3437671661376953 0.6019761085510253 0.0312747319539388 0.05160112380981445
59 0.1916348457336426 0.4260093688964844 0.06495078404744466 0.014895439147949219
55 0.5594487349192302 0.42846059799194336 0.10874611536661784 0.01605854034423828
59 0.19302430152893066 0.44043793678283694 0.06691897710164388 0.015195846557617188
60 0.3508174896240234 0.46402740478515625 0.08213920593261718 0.013243865966796876
60 0.34248434702555336 0.407624626159668 0.08881454467773438 0.014319992065429688
59 0.27032588322957357 0.4545095920562744 0.06884244283040365 0.018054866790771486
59 0.2702238400777181 0.43842377662658694 0.06734752655029297 0.014031696319580077
