10 0.4767806053161621 0.653585942586263 0.021575736999511718 0.03748957316080729
10 0.4324625492095947 0.6539847691853841 0.02282705307006836 0.037834548950195314
10 0.4548789501190186 0.6540856679280599 0.021527481079101563 0.03810450236002604
47 0.3762443780899048 0.8625581741333008 0.02571725845336914 0.04424158732096354
13 0.4108132362365723 0.6550089518229166 0.01930408477783203 0.03633321126302083
44 0.15679304599761962 0.7552223205566406 0.04760851860046387 0.059083048502604166
31 0.50401930809021 0.6427181243896485 0.03155803680419922 0.02886365254720052
47 0.40296173095703125 0.8609522501627604 0.025673484802246092 0.045947265625
46 0.24856677055358886 0.8500820159912109 0.03978538513183594 0.07297719319661458
47 0.3494729518890381 0.8622268676757813 0.02552061080932617 0.04494043986002604
17 0.29145107269287107 0.6572837193806966 0.022812366485595703 0.03710772196451823
44 0.11149196922779084 0.7573125839233399 0.04899229407310486 0.056629180908203125
43 0.19414756298065186 0.7745920181274414 0.05161862373352051 0.01988499959309896
40 0.10372018814086914 0.6555088678995769 0.014463710784912109 0.0461822509765625
31 0.5374086380004883 0.6432308197021485 0.03296356201171875 0.029714457194010415
53 0.20968614220619203 0.8510293324788412 0.03855141401290894 0.07222188313802083
40 0.08845667839050293 0.6557815551757813 0.016894960403442384 0.04537073771158854
45 0.11943356990814209 0.6466727574666341 0.018731307983398438 0.06106910705566406
54 0.16078196763992308 0.8507804234822591 0.05380942821502686 0.07411219278971354
33 0.29845054149627687 0.7735054016113281 0.057774591445922854 0.015257517496744791
27 0.25661587715148926 0.6605381011962891 0.01366734504699707 0.030874888102213543
58 0.4716804981231689 0.7474328358968099 0.0511937141418457 0.014890034993489584
24 0.24226632118225097 0.6608626047770182 0.01436023712158203 0.030915578206380207
17 0.31460185050964357 0.6564896265665691 0.023082637786865236 0.037561798095703126
38 0.24343457221984863 0.7751961390177409 0.04308195114135742 0.0177215576171875
33 0.3012101173400879 0.7556919097900391 0.05576248168945312 0.020931243896484375
16 0.36441636085510254 0.6562329610188802 0.018020248413085936 0.03639272054036458
16 0.38975939750671384 0.6558865865071615 0.021673297882080077 0.03658930460611979
17 0.33802220821380613 0.6556929270426433 0.023303842544555663 0.03867619832356771
21 0.2709517478942871 0.6604680379231771 0.01507568359375 0.031197484334309897
58 0.47051191329956055 0.7313822428385417 0.05068912506103516 0.014225514729817708
46 0.3202080726623535 0.8478919347127278 0.03501253128051758 0.07189928690592448
46 0.28609328269958495 0.8486759185791015 0.034070587158203124 0.07168935139973959
33 0.3047281265258789 0.7343225479125977 0.0540740966796875 0.022350056966145834
48 0.11012493371963501 0.8571383794148763 0.043877673149108884 0.06375630696614583
24 0.2276529312133789 0.6614114761352539 0.01484823226928711 0.030536651611328125
58 0.47237429618835447 0.771905263264974 0.050319766998291014 0.015381622314453124
45 0.13556976318359376 0.643343989054362 0.017068314552307128 0.06465047200520833
40 0.07261885404586792 0.6558750152587891 0.015546536445617676 0.04445368448893229
55 0.4151065707206726 0.7723644892374675 0.057189774513244626 0.013477961222330729
55 0.3581984281539917 0.7729070663452149 0.05392098426818848 0.016043853759765626
55 0.41484956741333007 0.7585779825846354 0.05627908706665039 0.014947764078776042
55 0.3589937210083008 0.7563247044881185 0.05279388427734375 0.015831883748372397
