17 0.5413312276204427 0.3503235101699829 0.04456596374511719 0.056474161148071286
3 0.694146728515625 0.3713829040527344 0.05961964925130208 0.0617466926574707
10 0.5792673746744792 0.39936299324035646 0.04298756917317708 0.033770084381103516
3 0.8150956471761067 0.38513755798339844 0.06735509236653646 0.06402406692504883
3 0.7534746805826823 0.3791135311126709 0.06388778686523437 0.062162590026855466
9 0.6351271311442057 0.3684507369995117 0.05989507039388021 0.060678863525390626
10 0.5852036794026693 0.3547766923904419 0.043885294596354166 0.05760979652404785
28 0.35025660196940106 0.4468558311462402 0.05171152750651042 0.033469200134277344
47 0.45792840321858724 0.47548389434814453 0.04929161071777344 0.05709924697875977
29 0.2974047342936198 0.4373478412628174 0.056769943237304686 0.03280191421508789
17 0.5359317143758138 0.3949937343597412 0.04241752624511719 0.03256349563598633
24 0.34129002888997395 0.3729914903640747 0.024451573689778645 0.02460322380065918
47 0.5054940541585287 0.4809571266174316 0.04441782633463542 0.05666332244873047
13 0.4584814071655273 0.3861229419708252 0.03551273345947266 0.029146099090576173
27 0.3662253379821777 0.37647080421447754 0.025646146138509116 0.02467942237854004
13 0.49493662516276044 0.3902466297149658 0.0372155507405599 0.029320430755615235
13 0.4245991071065267 0.33880817890167236 0.03733126322428385 0.05528521537780762
13 0.4986066182454427 0.3485419750213623 0.040435791015625 0.054164695739746097
13 0.46029593149820963 0.3442810297012329 0.0359106699625651 0.05490012168884277
23 0.3920382181803385 0.3797424554824829 0.026024754842122397 0.02537980079650879
9 0.6290582021077474 0.41031274795532224 0.05706520080566406 0.028811836242675783
13 0.42286764780680336 0.38200740814208983 0.03569246927897136 0.028472137451171876
3 0.6859017690022786 0.4159687042236328 0.054242706298828124 0.030126571655273438
46 0.5620187123616537 0.48946270942687986 0.07177823384602865 0.046095657348632815
3 0.7412039438883463 0.42006816864013674 0.058858489990234374 0.027648735046386718
31 0.24415365854899088 0.44153366088867185 0.05072561899820963 0.03232421875
3 0.7996253331502279 0.4252119541168213 0.062366612752278644 0.02447538375854492
