63 0.7713282267252605 0.33514742851257323 0.04048614501953125 0.043023109436035156
63 0.7630664825439453 0.594429349899292 0.04311091105143229 0.03608551025390625
63 0.7661190032958984 0.5514739036560059 0.04324900309244792 0.04871854782104492
63 0.8104016621907552 0.5514385223388671 0.04486490885416667 0.04798183441162109
63 0.8295742034912109 0.437653112411499 0.04407501220703125 0.04251585006713867
63 0.8067108154296875 0.5945050239562988 0.04317270914713542 0.0365753173828125
63 0.6960660298665364 0.3340307712554932 0.0361968994140625 0.04314656257629394
63 0.8510942459106445 0.5948532104492188 0.04385325113932292 0.0366455078125
63 0.7313103993733724 0.3346385478973389 0.034469350179036455 0.04318399429321289
63 0.7872837066650391 0.4372720718383789 0.04031244913736979 0.04281167984008789
63 0.8274052302042644 0.4769126892089844 0.04096488952636719 0.03432273864746094
63 0.7495932261149089 0.43678960800170896 0.03622868855794271 0.04326686859130859
63 0.8553958892822265 0.552651834487915 0.044996388753255206 0.0461212158203125
63 0.7456453959147136 0.4764556407928467 0.03948618570963542 0.034646224975585935
63 0.7945130666097006 0.6592709064483643 0.04317143758138021 0.04918031692504883
63 0.768157958984375 0.373020076751709 0.03934758504231771 0.03174457550048828
63 0.7856774648030599 0.4764874458312988 0.04002787272135417 0.034745216369628906
63 0.7508227666219075 0.6589640140533447 0.041724904378255205 0.050583171844482425
63 0.7194048563639323 0.5944046974182129 0.04198659261067708 0.03710193634033203
63 0.7480691274007162 0.7021728515625 0.04166742960611979 0.03626689910888672
63 0.7901477813720703 0.7022223472595215 0.04112116495768229 0.036427783966064456
63 0.7091959635416667 0.6586700916290283 0.04087753295898437 0.05024538040161133
63 0.83726806640625 0.6598164558410644 0.04250208536783854 0.04825544357299805
63 0.8323268890380859 0.7026116371154785 0.041765848795572914 0.03619575500488281
63 0.8079725901285807 0.3732495069503784 0.037918345133463545 0.03253192901611328
63 0.7228027979532877 0.5505536079406739 0.04159329732259114 0.050101280212402344
63 0.7108633677164714 0.4371987819671631 0.04049962361653646 0.04366321563720703
63 0.7260874430338542 0.37253222465515134 0.03975753784179688 0.03228578567504883
63 0.7054724375406901 0.7022516250610351 0.04111277262369792 0.03623113632202148
63 0.7062816619873047 0.47659931182861326 0.03883234659830729 0.034392166137695315
63 0.8114229838053385 0.3349567651748657 0.03922907511393229 0.04299817085266113
63 0.6856707255045573 0.37229878902435304 0.03826777140299479 0.03305974006652832
