28 0.557501475016276 0.636052417755127 0.07917645772298178 0.06049785614013672
29 0.4828242619832357 0.6112040519714356 0.07394014994303386 0.05967226028442383
47 0.6381044387817383 0.6471774101257324 0.07417462666829427 0.08289108276367188
31 0.41112451553344725 0.5963559150695801 0.06772867838541667 0.050795555114746094
27 0.902186902364095 0.7405110836029053 0.05082842508951823 0.07467174530029297
24 0.9580974578857422 0.7540543079376221 0.05989557902018229 0.07835845947265625
46 0.09043104648590088 0.48703956604003906 0.038695939381917316 0.06403980255126954
47 0.6762921015421549 0.593710994720459 0.06715329488118489 0.033278465270996094
24 0.9167589823404948 0.6977061271667481 0.05331077575683594 0.023697471618652342
24 0.9753700892130533 0.6967827796936035 0.04925982157389323 0.022785282135009764
