43 0.5246172587076823 0.5894867897033691 0.05850842793782552 0.06911487579345703
16 0.5897095998128256 0.3809354782104492 0.07271779378255208 0.07741260528564453
16 0.664688237508138 0.38088202476501465 0.07442982991536458 0.08069725036621093
17 0.4464373270670573 0.3782344341278076 0.06918474833170572 0.07555294036865234
10 0.5280143102010091 0.25145156383514405 0.07284329732259115 0.0793759822845459
10 0.3689184506734212 0.25111842155456543 0.07113113403320312 0.07851781845092773
38 0.337434991200765 0.5807955741882325 0.07495670318603516 0.06834793090820312
58 0.4257623036702474 0.5056902885437011 0.1542168935139974 0.028769302368164062
38 0.27113281885782875 0.5768876552581788 0.05982666015625 0.06618728637695312
17 0.3614150365193685 0.375977897644043 0.0651757558186849 0.07492446899414062
10 0.43896576563517253 0.2526090145111084 0.06666920979817709 0.07735042572021485
12 0.22685888608296711 0.2504663705825806 0.05782028834025065 0.07676758766174316
13 0.2876585324605306 0.3746774673461914 0.07182483673095703 0.07381553649902343
39 0.4353036880493164 0.583491325378418 0.11604894002278646 0.067889404296875
2 0.6011733373006185 0.25023984909057617 0.07327715555826823 0.0817112922668457
12 0.2851083755493164 0.2513305425643921 0.06103731791178386 0.07674002647399902
2 0.6768145243326823 0.24957578182220458 0.07679011027018229 0.08112154006958008
13 0.2217593510945638 0.3737082242965698 0.058379109700520834 0.07288432121276855
21 0.7243723551432292 0.49654245376586914 0.04442647298177083 0.07067499160766602
23 0.713241449991862 0.5904620170593262 0.03587188720703125 0.06854887008666992
17 0.5176503499348958 0.37842936515808107 0.07048568725585938 0.0784256935119629
58 0.4335826237996419 0.4796168327331543 0.1524920145670573 0.024600982666015625
60 0.27879701455434164 0.49881858825683595 0.12705295880635578 0.028359031677246092
44 0.622204081217448 0.5938461303710938 0.12959162394205728 0.07028398513793946
55 0.6067832946777344 0.4832657814025879 0.18591817220052084 0.0282928466796875
55 0.5998123168945313 0.5105366706848145 0.19276402791341146 0.02982196807861328
27 0.730093256632487 0.38011693954467773 0.03853683471679688 0.0784571647644043
60 0.2893162727355957 0.47812681198120116 0.12132320404052735 0.016579055786132814
27 0.7372884114583333 0.24776322841644288 0.036828867594401044 0.07388834953308106
58 0.43630746205647786 0.45682010650634763 0.15544052124023439 0.02072286605834961
55 0.605859883626302 0.4620645523071289 0.17590713500976562 0.01655426025390625
