44 0.22789446512858072 0.6299901008605957 0.06876729329427084 0.06439170837402344
39 0.29367157618204753 0.6510019302368164 0.06885248819986979 0.05973939895629883
39 0.3610478719075521 0.6765948295593261 0.07947139739990235 0.06814956665039062
59 0.8658283233642579 0.30127711296081544 0.10648295084635416 0.03949332237243652
59 0.8447064717610677 0.3403671979904175 0.13911234537760417 0.04003639221191406
51 0.04367196957270304 0.49862165451049806 0.041508030891418454 0.07200260162353515
46 0.013648560643196106 0.4935451507568359 0.02724259893099467 0.07215518951416015
58 0.38507715861002606 0.28509600162506105 0.1383795420328776 0.021825599670410156
55 0.21382778485616047 0.3009066104888916 0.13047990798950196 0.026889896392822264
61 0.10199376742045084 0.2931663990020752 0.09717801411946615 0.02146291732788086
55 0.244215726852417 0.27744326591491697 0.13444089889526367 0.02495746612548828
58 0.40846487681070964 0.258671236038208 0.14543164571126302 0.01830592155456543
60 0.5716147104899089 0.2679032325744629 0.15095977783203124 0.02169656753540039
60 0.5090351740519206 0.3221439361572266 0.157778803507487 0.028792142868041992
60 0.5871049404144287 0.24413046836853028 0.15303824742635092 0.02465333938598633
34 0.4229777654012044 0.704129981994629 0.06344350179036458 0.06664772033691406
