17 0.4309628168741862 0.24296441078186035 0.04524803161621094 0.06008968353271484
24 0.322514279683431 0.24299511909484864 0.029494857788085936 0.057177066802978516
10 0.31256561279296874 0.33001136779785156 0.04755999247233073 0.05588488578796387
17 0.4786949157714844 0.24534273147583008 0.048596827189127605 0.059213447570800784
18 0.5315291086832682 0.2448657512664795 0.06054522196451823 0.06152124404907226
10 0.3675799051920573 0.331404447555542 0.04402923583984375 0.05477538108825684
13 0.38714307149251304 0.243741774559021 0.040620676676432294 0.05843758583068848
27 0.3519017537434896 0.24368810653686523 0.029167556762695314 0.057346534729003903
2 0.413065242767334 0.33268401622772215 0.046193504333496095 0.05500760078430176
54 0.7426724751790365 0.23353049755096436 0.10803871154785157 0.09399785995483398
47 0.5908487955729167 0.24322516918182374 0.05837326049804688 0.06495928764343262
48 0.8464756011962891 0.2339404344558716 0.10257517496744792 0.09698867797851562
46 0.6533693313598633 0.23100895285606385 0.07428474426269531 0.09409161806106567
