51 0.5751219431559245 0.24528472423553466 0.08406778971354166 0.10107207298278809
10 0.29723186492919923 0.6843103885650634 0.04853477478027344 0.04983739852905274
29 0.45351632436116535 0.5771263122558594 0.06608250935872396 0.046794700622558597
1 0.33251056671142576 0.6077945232391357 0.06322517395019531 0.047295761108398435
12 0.3773338317871094 0.6683454036712646 0.038082249959309894 0.047928905487060545
1 0.26767876942952473 0.6229548454284668 0.06977208455403645 0.048088455200195314
13 0.3406185785929362 0.6752949714660644 0.04034881591796875 0.04900169372558594
46 0.4855420430501302 0.2675558805465698 0.08915596008300782 0.11680045127868652
17 0.41365528106689453 0.6576757907867432 0.03861815134684245 0.048676681518554685
24 0.4965115865071615 0.3730165004730225 0.08263320922851562 0.030596590042114256
23 0.6586284637451172 0.34134416580200194 0.08024698893229167 0.03367414474487305
24 0.5780586242675781 0.3578606605529785 0.07754478454589844 0.03157949447631836
21 0.8033878326416015 0.31250462532043455 0.06917215983072916 0.027785778045654297
22 0.39094613393147787 0.5925200939178467 0.06325022379557292 0.04934072494506836
21 0.7326989491780599 0.32693819999694823 0.07352345784505208 0.030871820449829102
5 0.6834491093953451 0.509117603302002 0.052129364013671874 0.06368274688720703
23 0.6271852493286133 0.30883700847625734 0.08101374308268229 0.019478416442871092
23 0.6431994756062825 0.31972408294677734 0.08450469970703126 0.02533092498779297
23 0.619601313273112 0.30158061981201173 0.0748430887858073 0.01935920715332031
21 0.7096012115478516 0.30930659770965574 0.05272064208984375 0.017205286026000976
24 0.4799110730489095 0.35222434997558594 0.07896544138590494 0.017963123321533204
23 0.5441045761108398 0.3300196647644043 0.0798620859781901 0.021050167083740235
24 0.4880161921183268 0.3606637716293335 0.08217328389485677 0.01651458740234375
21 0.7700643539428711 0.29607582092285156 0.0774725596110026 0.018276405334472657
