51 0.9791411717732748 0.2688380002975464 0.04171765645345052 0.0862588882446289
9 0.8111504872639974 0.406031596660614 0.055343882242838545 0.04297106266021729
17 0.35875492095947265 0.4023292541503906 0.0405035654703776 0.04459104537963867
9 0.7021263122558594 0.40589232444763185 0.055280303955078124 0.04264688491821289
17 0.2746968507766724 0.4017036557197571 0.04219171206156413 0.043311667442321775
9 0.7571737925211589 0.40529751777648926 0.05355351765950521 0.04211292266845703
23 0.9185835520426432 0.6015347957611084 0.02535552978515625 0.041098403930664065
17 0.3173713048299154 0.4018860340118408 0.04166107177734375 0.04380178451538086
0 0.32072213490804036 0.30646638870239257 0.05481592814127604 0.042879486083984376
1 0.3757025400797526 0.3056656360626221 0.0541805903116862 0.0441096305847168
10 0.5989518483479818 0.4049963474273682 0.0416168212890625 0.04363126754760742
53 0.9196707407633463 0.26842989921569826 0.07542152404785156 0.09048328399658204
17 0.2316016991933187 0.40093994140625 0.042661825815836586 0.04367971420288086
1 0.43129711151123046 0.30602188110351564 0.053586451212565105 0.039998340606689456
2 0.47270437876383464 0.4037807464599609 0.04138348897298177 0.04360694885253906
12 0.39683030446370443 0.4043684482574463 0.03465124766031901 0.041854572296142575
13 0.4329797426859538 0.4046615481376648 0.035668563842773435 0.04254114627838135
21 0.8934668223063151 0.6013859748840332 0.024889119466145835 0.040185546875
2 0.5569942474365235 0.4047144889831543 0.041005579630533855 0.04396371841430664
10 0.6511797587076823 0.40587158203125 0.04261220296223958 0.042368412017822266
23 0.9425865173339844 0.6015036582946778 0.024509429931640625 0.04194164276123047
2 0.5148959477742513 0.4044998049736023 0.041747792561848955 0.043192505836486816
22 0.21152820587158203 0.3049989461898804 0.05138607025146484 0.04051575660705566
21 0.8688733418782552 0.6009361267089843 0.0259307861328125 0.040838432312011716
23 0.9668192545572917 0.6017478942871094 0.02576929728190104 0.042875480651855466
22 0.2642409165700277 0.306181812286377 0.05706288019816081 0.04347248077392578
21 0.8423091252644856 0.6011240959167481 0.026961008707682293 0.04200954437255859
23 0.9892071723937989 0.6017945766448974 0.021585655212402344 0.043435096740722656
19 0.2549634615580241 0.506228256225586 0.05287926991780599 0.04325122833251953
