3 0.6921899159749348 0.858554458618164 0.04571863810221354 0.03771286010742188
10 0.3213497161865234 0.22416505813598633 0.04632695515950521 0.054209661483764646
3 0.740392557779948 0.8579803466796875 0.04656283060709635 0.03814544677734375
10 0.8184056599934896 0.8610027313232422 0.036703872680664065 0.03179721832275391
23 0.9109916687011719 0.7867818832397461 0.025861358642578124 0.031345367431640625
2 0.36836795806884765 0.22372593879699706 0.046575673421223956 0.05306329727172852
12 0.40319023132324217 0.2680049419403076 0.03881632486979167 0.03432145118713379
24 0.8374370574951172 0.7885121822357177 0.02349535624186198 0.029959392547607423
40 0.40960553487141926 0.7863551616668701 0.02303034464518229 0.04040365219116211
12 0.8910767873128255 0.8620182991027832 0.035138702392578124 0.03108043670654297
24 0.8607471466064454 0.7883082389831543 0.02344169616699219 0.029686164855957032
40 0.38702786763509117 0.7873930931091309 0.023366165161132813 0.039346504211425784
2 0.7822165171305339 0.8611400604248047 0.03521931966145833 0.030914878845214842
3 0.3013111114501953 0.27180306911468505 0.04029706319173177 0.02948794364929199
23 0.8848461151123047 0.7876474380493164 0.024773279825846355 0.030822944641113282
1 0.44939365386962893 0.7967815399169922 0.057563527425130205 0.020670700073242187
17 0.8550148010253906 0.8613367080688477 0.035924275716145836 0.03150634765625
