20 0.5917936960856119 0.4694786071777344 0.02749036153157552 0.04254693984985351
16 0.44539769490559894 0.4331650733947754 0.03243115743001302 0.04250545501708984
25 0.5646684010823567 0.46286516189575194 0.02748285929361979 0.04322547912597656
10 0.6762020746866862 0.4893617630004883 0.035722605387369794 0.04485511779785156
25 0.5376633803049723 0.4565765857696533 0.027389049530029297 0.044123172760009766
10 0.7589125315348307 0.5057292938232422 0.03979568481445313 0.041762351989746094
0 0.1802066167195638 0.389329195022583 0.04686864217122396 0.02406482696533203
10 0.6306972503662109 0.47900075912475587 0.03138173421223958 0.043895816802978514
23 0.7139461517333985 0.5699509620666504 0.034023284912109375 0.03729820251464844
10 0.7194599151611328 0.4974688529968262 0.03896687825520833 0.045531845092773436
23 0.7750757853190104 0.5868022918701172 0.03190663655598958 0.035883522033691405
47 0.2035457134246826 0.43030557632446287 0.028726577758789062 0.03174591064453125
23 0.6930142720540364 0.5656289100646973 0.03230336507161458 0.035147666931152344
6 0.7980238596598307 0.5173394203186035 0.040354156494140626 0.045085906982421875
16 0.47781645456949867 0.44027414321899416 0.032633209228515626 0.039343833923339844
47 0.1732805887858073 0.422761869430542 0.03290691375732422 0.03439550399780274
23 0.7351144154866537 0.5756691932678223 0.032768503824869795 0.03584136962890625
23 0.7544209162394205 0.581835412979126 0.03273328145345052 0.03542509078979492
23 0.6736329396565756 0.5631894111633301 0.026772054036458333 0.03254756927490234
17 0.5094673156738281 0.4491684913635254 0.03002649943033854 0.043672943115234376
27 0.5977168401082357 0.5396249771118165 0.03517570495605469 0.033035564422607425
27 0.5772984822591146 0.536249303817749 0.03183441162109375 0.032203292846679686
