51 0.4226195017496745 0.6858868598937988 0.10062383015950521 0.069232177734375
10 0.41876420974731443 0.48491907119750977 0.06919879913330078 0.08328495025634766
10 0.48752994537353517 0.4847306251525879 0.06870689392089843 0.08402366638183593
10 0.5560387929280599 0.48639965057373047 0.06996905008951823 0.08515357971191406
1 0.6290060679117838 0.6022421360015869 0.09979248046875 0.047261619567871095
17 0.2130258560180664 0.48311657905578614 0.07051620483398438 0.08645849227905274
12 0.6795624415079753 0.48644027709960935 0.05954411824544271 0.08463726043701172
23 0.3284983952840169 0.5892695426940918 0.04050229390462239 0.0639505386352539
12 0.620477803548177 0.4877449989318848 0.05860621134440104 0.08493194580078126
21 0.441160774230957 0.5905581951141358 0.038646825154622394 0.06596174240112304
21 0.4014638900756836 0.5902316570281982 0.03866252899169922 0.0663191795349121
54 0.7593402226765951 0.6910209655761719 0.12779502868652343 0.07244205474853516
17 0.14274263381958008 0.48342361450195315 0.07511879603068033 0.08240089416503907
13 0.8622071584065755 0.48727807998657224 0.06579437255859374 0.08652591705322266
24 0.24854251543680828 0.5892953395843505 0.040543778737386064 0.06496572494506836
30 0.8248353322347005 0.5926211833953857 0.09504038492838542 0.059366703033447266
13 0.7978094100952149 0.48488664627075195 0.06330337524414062 0.08650798797607422
24 0.1659030278523763 0.5896453857421875 0.0462130864461263 0.06040239334106445
17 0.3500983238220215 0.4849674224853516 0.06824143727620442 0.08566341400146485
13 0.7378866831461589 0.4850372314453125 0.05899480183919271 0.08389549255371094
17 0.282199231783549 0.4853710174560547 0.07045947710673015 0.08534259796142578
22 0.5392473856608073 0.595456886291504 0.08106638590494791 0.05906257629394531
29 0.7259226481119792 0.5895103931427002 0.09343236287434896 0.0615199089050293
21 0.48015352884928386 0.5906339645385742 0.037387720743815106 0.06651763916015625
46 0.23034019470214845 0.68370361328125 0.08957773844401042 0.06583938598632813
24 0.2092105229695638 0.588405990600586 0.04109395345052083 0.06363601684570312
48 0.6310626983642578 0.6895395278930664 0.12481002807617188 0.07390785217285156
23 0.28764883677164715 0.5899111747741699 0.04104258219401042 0.06539630889892578
23 0.36574687957763674 0.5882560729980468 0.03403065999348958 0.06452150344848633
46 0.3266869227091471 0.6845209121704101 0.09312324523925782 0.06800880432128906
