58 0.31558329264322915 0.4395627021789551 0.0719031016031901 0.015159797668457032
58 0.31412264506022136 0.45436906814575195 0.058366648356119794 0.015130233764648438
61 0.8211721420288086 0.4517942428588867 0.06517613728841146 0.01511077880859375
61 0.9026461283365885 0.4420014381408691 0.07660064697265626 0.016911888122558595
58 0.4034259796142578 0.45596885681152344 0.05637067159016927 0.014702129364013671
58 0.40248025258382164 0.44075708389282225 0.07017466227213541 0.0151641845703125
58 0.4066266695658366 0.4248053550720215 0.07712027231852213 0.013666343688964844
58 0.32270800272623695 0.42731561660766604 0.07470016479492188 0.009564399719238281
55 0.22381683985392253 0.45728726387023927 0.06365896860758463 0.014514350891113281
60 0.4786142667134603 0.432768440246582 0.05827388763427734 0.011669540405273437
55 0.22764755884806315 0.4409802913665771 0.07877464294433593 0.013118839263916016
55 0.14778944651285808 0.44227328300476076 0.05372269948323568 0.015973472595214845
61 0.8169952392578125 0.43877377510070803 0.07699508666992187 0.011427211761474609
60 0.5536778132120769 0.4202089786529541 0.059467188517252606 0.010064792633056641
60 0.5515677134195963 0.43077383041381834 0.05725555419921875 0.012155532836914062
55 0.23171736399332682 0.4283123016357422 0.09077911376953125 0.012550163269042968
55 0.1446565270423889 0.45865535736083984 0.043713768323262535 0.013939476013183594
61 0.8210735321044922 0.4642325401306152 0.05827051798502604 0.010470962524414063
60 0.48725051879882814 0.42224893569946287 0.05762748718261719 0.009647560119628907
61 0.9057531992594401 0.4566798210144043 0.06309153238932291 0.013276767730712891
