38 0.43194875717163084 0.747516377766927 0.023605918884277342 0.0595733642578125
29 0.4351088047027588 0.6567506154378255 0.03300905227661133 0.034413655598958336
28 0.46918487548828125 0.6532408396402994 0.033365058898925784 0.032147216796875
38 0.4570461273193359 0.7433134714762369 0.026062488555908203 0.060479736328125
17 0.42333273887634276 0.5453170935312907 0.022809410095214845 0.039736398061116535
12 0.1313178539276123 0.5760093688964844 0.02426939010620117 0.04371312459309896
39 0.34448657035827634 0.7615269343058269 0.04519929885864258 0.06724891662597657
17 0.37518701553344724 0.5508310953776042 0.023377227783203124 0.040424219767252606
44 0.2980042457580566 0.7708936055501302 0.04706120491027832 0.06742757161458333
17 0.3993159294128418 0.548556900024414 0.02389183044433594 0.038917287190755205
17 0.3456124782562256 0.5539590040842692 0.02419447898864746 0.042295614878336586
43 0.381640625 0.7541434605916341 0.026952028274536133 0.06797078450520834
2 0.31566662788391114 0.5568705240885417 0.022264385223388673 0.04092852274576823
12 0.1557304620742798 0.5749207814534505 0.024622535705566405 0.04208806355794271
2 0.22176408767700195 0.5681004842122396 0.025658845901489258 0.04177932739257813
2 0.28436410427093506 0.5626368204752604 0.026688814163208008 0.04359792073567708
2 0.19027490615844728 0.5705493927001953 0.027080011367797852 0.04288914998372396
2 0.25266156196594236 0.5648588180541992 0.0247406005859375 0.04280687967936198
43 0.4072445034980774 0.7506397883097331 0.02508561611175537 0.06371688842773438
58 0.2187955856323242 0.6818892161051432 0.017446231842041016 0.044281260172526045
17 0.46944737434387207 0.5414528528849284 0.023624229431152343 0.036649322509765624
23 0.35716431140899657 0.6541235605875652 0.03880705833435059 0.017461395263671874
23 0.3566634178161621 0.638187026977539 0.03807516098022461 0.016419219970703124
24 0.3171093463897705 0.6818234125773112 0.04093751907348633 0.01829681396484375
21 0.394785213470459 0.631803321838379 0.03682260513305664 0.015825271606445312
24 0.3162655830383301 0.6474739074707031 0.040082263946533206 0.017864990234375
21 0.3952988862991333 0.6485807418823242 0.037581777572631835 0.01911303202311198
23 0.35635943412780763 0.6217063903808594 0.03658008575439453 0.017863718668619792
58 0.2575369358062744 0.6713446299235026 0.016788196563720704 0.05104281107584636
23 0.3574997901916504 0.672024154663086 0.038505268096923825 0.019367726643880208
17 0.4461939811706543 0.5426628112792968 0.022358131408691407 0.03895581563313802
24 0.3166390895843506 0.6317604064941407 0.03973827362060547 0.01516876220703125
58 0.20177943706512452 0.6844876607259115 0.018567991256713868 0.04603856404622396
29 0.43410420417785645 0.6263863881429036 0.02997560501098633 0.02266871134440104
28 0.4660774230957031 0.6235159556070964 0.031751823425292966 0.023758697509765624
58 0.24287636280059816 0.6724065780639649 0.013754034042358398 0.05090243021647135
24 0.3168932437896729 0.6640068054199219 0.04028472900390625 0.019223785400390624
21 0.39365348815917967 0.6166810989379883 0.03681125640869141 0.015163548787434896
58 0.23544845581054688 0.6757406234741211 0.016805744171142577 0.050092824300130206
21 0.3964419364929199 0.6657587687174479 0.03712549209594727 0.0191741943359375
