29 0.6406052907307943 0.3320322513580322 0.13595708211263022 0.11001996994018555
10 0.4246402104695638 0.5232416152954101 0.10200958251953125 0.13010787963867188
6 0.3154700915018717 0.5296841621398926 0.11844749450683593 0.121783447265625
17 0.5297256469726562 0.528567886352539 0.10976905822753906 0.12011833190917968
31 0.3363804817199707 0.3333456993103027 0.15590222676595053 0.10465326309204101
16 0.6417882919311524 0.527779483795166 0.11429112752278646 0.12158317565917968
21 0.7126213073730469 0.6754917144775391 0.05109685262044271 0.08860206604003906
39 0.39473139444986977 0.8017260551452636 0.18776779174804686 0.05808048248291016
44 0.574469264348348 0.7998476028442383 0.16243613560994466 0.05908908843994141
27 0.7366370519002279 0.5340648174285889 0.0641466776529948 0.12327413558959961
58 0.5766798496246338 0.6703774929046631 0.20450747807820638 0.031075477600097656
60 0.37122923533121743 0.7031209945678711 0.19219436645507812 0.04234943389892578
23 0.6932341257731119 0.7783597946166992 0.043450419108072916 0.09858036041259766
58 0.57694886525472 0.6907702445983886 0.20734481811523436 0.02754487991333008
