17 0.42671594619750974 0.3315896987915039 0.04004116058349609 0.05221014022827149
43 0.41549927393595376 0.6047372817993164 0.0835391362508138 0.029104232788085938
44 0.6139684041341146 0.5898819923400879 0.0702222188313802 0.059445762634277345
0 0.33766600290934246 0.33312478065490725 0.051096343994140626 0.04598255157470703
12 0.565505854288737 0.33478751182556155 0.034148152669270834 0.050388240814208986
39 0.33195940653483075 0.6638500213623046 0.06662508646647135 0.053154373168945314
51 0.4581149419148763 0.6629254341125488 0.04472910563151042 0.053314208984375
29 0.5961290995279948 0.43079280853271484 0.05644582112630208 0.042889404296875
51 0.506977653503418 0.6629663467407226 0.0507534662882487 0.05305490493774414
12 0.59931640625 0.33490824699401855 0.033205413818359376 0.05109853744506836
10 0.674921989440918 0.33519930839538575 0.0419549306233724 0.052679586410522464
29 0.6552010218302409 0.43245716094970704 0.05858332316080729 0.04248628616333008
30 0.5382139841715495 0.4316231727600098 0.05687446594238281 0.041037559509277344
39 0.4855117162068685 0.5890784740447998 0.06307754516601563 0.06184864044189453
10 0.6354607899983724 0.334718656539917 0.03798675537109375 0.05252237319946289
13 0.4976634979248047 0.3331297874450684 0.034093221028645836 0.05147686004638672
44 0.3998515764872233 0.6638686180114746 0.06319707234700521 0.05440196990966797
13 0.46409228642781575 0.33218119144439695 0.03261369069417318 0.051837158203125
17 0.3850961685180664 0.3208991527557373 0.041158803304036456 0.03520832061767578
38 0.32787456512451174 0.607002067565918 0.08515904744466146 0.025428009033203126
12 0.5316734313964844 0.3341120004653931 0.03462346394856771 0.051083612442016604
46 0.6058394114176432 0.6625316619873047 0.05028076171875 0.05375804901123047
44 0.548071543375651 0.5896313667297364 0.059227244059244795 0.061317729949951175
22 0.29348506927490237 0.4300415515899658 0.052677218119303384 0.04297971725463867
34 0.603109614054362 0.517261552810669 0.09255472819010417 0.03146419525146484
1 0.2842342456181844 0.331793212890625 0.053896824518839516 0.04673318862915039
46 0.5566921234130859 0.6626810073852539 0.043593343098958334 0.05281085968017578
24 0.35604413350423175 0.43430795669555666 0.06311365763346354 0.020154285430908202
60 0.3183518727620443 0.5243847846984864 0.06564369201660156 0.014833831787109375
23 0.47767531077067055 0.41714963912963865 0.05242710113525391 0.009148788452148438
21 0.41831512451171876 0.41985177993774414 0.0630205790201823 0.010880661010742188
58 0.4062217076619466 0.49596576690673827 0.07525672912597656 0.008901214599609375
23 0.4812387148539225 0.42945117950439454 0.05645809173583984 0.0118438720703125
58 0.4053223927815755 0.487318229675293 0.07459640502929688 0.009962368011474609
58 0.40593477884928386 0.5074594497680665 0.08287989298502604 0.011907958984375
55 0.5056655883789063 0.5189586639404297 0.09127413431803386 0.011641311645507812
55 0.5046959241231282 0.5072282314300537 0.09060599009195963 0.011705875396728516
21 0.4177902539571126 0.40976505279541015 0.06234175364176432 0.008518218994140625
60 0.32548961639404295 0.5119047641754151 0.06106847127278646 0.009678173065185546
60 0.33089764912923175 0.49225425720214844 0.054340489705403644 0.00990447998046875
