52 0.46651496887207033 0.8044369697570801 0.03698317209879557 0.027964401245117187
52 0.5090983072916667 0.7757922172546386 0.04043299357096354 0.03126735687255859
36 0.5848459879557292 0.372003173828125 0.033607228597005205 0.032862281799316405
52 0.3943721453348796 0.5335654258728028 0.04222405751546224 0.02648134231567383
52 0.38409191767374673 0.8006782531738281 0.04386297861735026 0.03187370300292969
36 0.4532131830851237 0.3712900638580322 0.03142064412434896 0.03366250991821289
36 0.5177735646565755 0.3708884954452515 0.03182792663574219 0.03201875686645508
36 0.5533446629842123 0.3366474390029907 0.03625005086263021 0.03798012733459473
52 0.5215713183085123 0.6315545558929443 0.039271100362141924 0.03252191543579101
52 0.4278941790262858 0.8022695541381836 0.039661407470703125 0.03126049041748047
52 0.44189345041910805 0.47482829093933104 0.03509610493977865 0.03536357879638672
52 0.43534126281738283 0.5346521854400634 0.03831965128580729 0.027381324768066408
52 0.6039120992024739 0.7066155433654785 0.0462646484375 0.04418449401855469
36 0.4856684366861979 0.3719817638397217 0.031500625610351565 0.03142256736755371
36 0.5512182871500652 0.3719008445739746 0.03196080525716146 0.03162851333618164
36 0.4130853017171224 0.33553237915039064 0.03463948567708333 0.03419837951660156
52 0.42763503392537433 0.6992048263549805 0.03934313456217448 0.037367057800292966
52 0.4654560089111328 0.7711415767669678 0.039162699381510416 0.032106876373291016
52 0.5551223754882812 0.7079023361206055 0.045992406209309895 0.03899383544921875
52 0.38810227711995443 0.6828225612640381 0.04498074849446614 0.03921041488647461
36 0.4202650705973307 0.3708372116088867 0.03440157572428385 0.03547601699829102
36 0.588644536336263 0.33713703155517577 0.03454182942708333 0.03434906005859375
52 0.40442946751912434 0.5621196746826171 0.03880742390950521 0.027309226989746093
52 0.5501162052154541 0.5613882064819335 0.035047181447347 0.029929065704345705
52 0.519068177541097 0.6690245628356933 0.03772106170654297 0.03612594604492188
52 0.5146032969156901 0.47856998443603516 0.036043039957682294 0.03660564422607422
52 0.5875900268554688 0.5663684844970703 0.03758951822916667 0.023003387451171874
52 0.5557453791300456 0.6378458976745606 0.030464935302734374 0.029096221923828124
52 0.5492451349894206 0.8082794189453125 0.04134521484375 0.027834701538085937
52 0.4773494084676107 0.6683721542358398 0.041750335693359376 0.03958816528320312
36 0.5161799748738607 0.33549928665161133 0.035203170776367185 0.03623514175415039
52 0.4790345191955566 0.6343108654022217 0.03810030619303385 0.026728439331054687
36 0.4475898742675781 0.33589925765991213 0.034664026896158856 0.03361034393310547
52 0.40367091496785484 0.47686176300048827 0.03848069508870443 0.039462852478027347
52 0.554259475072225 0.7777333736419678 0.042250601450602214 0.030855751037597655
36 0.48218730290730794 0.33684799671173093 0.03292032877604167 0.034807777404785155
52 0.40285781224568684 0.6419896602630615 0.03991285959879557 0.038263130187988284
52 0.4790893872578939 0.5620985507965088 0.03655446370442708 0.026644229888916016
52 0.47418800989786786 0.5335834503173829 0.03902632395426432 0.02610912322998047
52 0.5151265462239584 0.5608955383300781 0.03321380615234375 0.027498817443847655
52 0.4418312708536784 0.5624302864074707 0.03668130238850911 0.02622566223144531
52 0.5069370905558268 0.8072314977645874 0.039084307352701825 0.02608952522277832
52 0.3798849105834961 0.7662421226501465 0.041791534423828124 0.02922515869140625
52 0.594576899210612 0.473464298248291 0.03797963460286458 0.03891620635986328
52 0.589205551147461 0.6355253696441651 0.036163075764973955 0.025590991973876952
52 0.5560801188151042 0.6679986953735352 0.037434895833333336 0.028412055969238282
52 0.5950584411621094 0.8109236001968384 0.03957811991373698 0.026381635665893556
52 0.47743854522705076 0.4804227828979492 0.03585103352864583 0.028171730041503907
52 0.47249701817830403 0.7090577125549317 0.04353338877360026 0.03284912109375
52 0.5546464284261068 0.4834022521972656 0.03844782511393229 0.030736351013183595
36 0.5536932627360026 0.3026861667633057 0.03523877461751302 0.023169612884521483
52 0.5976707458496093 0.7855772972106934 0.04121042887369792 0.023359298706054688
52 0.5527285257975261 0.5334303855895997 0.03794403076171875 0.021434211730957033
52 0.5956432342529296 0.6633520126342773 0.03802617390950521 0.026496124267578126
52 0.5939266204833984 0.5404952049255372 0.041681162516276044 0.02706298828125
