65 0.31751944224039713 0.41977496147155763 0.10490671793619792 0.012266731262207032
64 0.6370177586873372 0.49021162986755373 0.13716278076171876 0.013436603546142577
65 0.3158174832661947 0.43175110816955564 0.1087636947631836 0.012034893035888672
65 0.19379814465840658 0.4552000045776367 0.12155796686808268 0.0147003173828125
65 0.3136137008666992 0.44428443908691406 0.1118438720703125 0.012633514404296876
65 0.19188232421875 0.47827634811401365 0.1284282366434733 0.015193367004394531
65 0.21267712910970052 0.40537654161453246 0.1105279286702474 0.011943602561950683
64 0.6302003224690755 0.43934326171875 0.09247258504231771 0.008041572570800782
65 0.42609437306722003 0.43278980255126953 0.10228315989176433 0.010249137878417969
65 0.2114605744679769 0.4159801483154297 0.11089804967244467 0.010377120971679688
65 0.3197472890218099 0.407613468170166 0.098052978515625 0.010042381286621094
65 0.20217851003011067 0.4284385681152344 0.11757259368896485 0.0120391845703125
65 0.4253083229064941 0.4434610366821289 0.10579878489176432 0.009039688110351562
65 0.19377469619115192 0.46691670417785647 0.12437694072723389 0.013071918487548828
65 0.3124863862991333 0.45870347023010255 0.10963187217712403 0.015532684326171876
