17 0.43873704274495445 0.39323983192443845 0.09028669993082682 0.09429521560668945
10 0.5031573295593261 0.5510148048400879 0.08965129852294922 0.1054830551147461
17 0.33712571461995444 0.38670873641967773 0.09232444763183593 0.08017969131469727
10 0.3203173319498698 0.551222562789917 0.09051068623860677 0.09841537475585938
10 0.22661501566569012 0.5537294387817383 0.09520320892333985 0.10382118225097656
17 0.6196672439575195 0.39027016162872313 0.0904706319173177 0.0938605785369873
10 0.41202398935953777 0.553077220916748 0.09080823262532552 0.10161371231079101
10 0.5984812418619792 0.5512546539306641 0.09166094462076822 0.10260581970214844
17 0.7262799580891927 0.38850855827331543 0.09571787516276041 0.09727916717529297
17 0.5294580777486165 0.39356584548950196 0.08783588409423829 0.09713773727416992
29 0.7091176350911458 0.6775254249572754 0.1294080098470052 0.07862386703491211
29 0.5765515645345052 0.6784621238708496 0.12911758422851563 0.08117942810058594
31 0.4412204742431641 0.677925968170166 0.1233648935953776 0.07855377197265626
17 0.24138870239257812 0.39027645587921145 0.09158058166503906 0.08335604667663574
22 0.7307687123616536 0.5528923034667969 0.11648813883463542 0.0788808822631836
