6 0.43408743540445965 0.310410737991333 0.04141305287679036 0.0498499870300293
2 0.4761553446451823 0.31127028465270995 0.04195105234781901 0.049602508544921875
44 0.04003631671269735 0.5148602962493897 0.07998162110646566 0.06397972106933594
20 0.5858846028645833 0.31435835361480713 0.03534088134765625 0.04667658805847168
21 0.4850054423014323 0.41118344068527224 0.024749946594238282 0.03968222141265869
18 0.5663491566975911 0.40802707672119143 0.049008941650390624 0.04547958374023438
24 0.41008682250976564 0.41032986640930175 0.023708216349283853 0.040903759002685544
31 0.7670534133911133 0.31901845932006834 0.05732320149739583 0.04054136276245117
3 0.1714838981628418 0.30868604183197024 0.05889809926350911 0.051191186904907225
10 0.39238932927449544 0.3094351291656494 0.041698582967122394 0.04984216690063477
12 0.5152342796325684 0.31277468204498293 0.03646856943766276 0.048836278915405276
9 0.2291270891825358 0.3075035333633423 0.05494709014892578 0.051006650924682616
51 0.36314271291097006 0.657098913192749 0.06410853068033855 0.05603713989257812
23 0.4351621945699056 0.4103202700614929 0.02411829630533854 0.0403921365737915
17 0.3400493303934733 0.308328652381897 0.04307676951090495 0.050343799591064456
1 0.7135449091593424 0.3182722568511963 0.05002937316894531 0.039815235137939456
13 0.5508436838785807 0.31354990005493166 0.03590799967447917 0.04775595664978027
39 0.12849011421203613 0.5124570846557617 0.09376007715861003 0.06465063095092774
21 0.4596337954203288 0.4108475685119629 0.024544525146484374 0.03981447219848633
22 0.6625900268554688 0.3178586959838867 0.05224456787109375 0.04184532165527344
16 0.28666874567667644 0.3071928024291992 0.043185488382975264 0.05092802047729492
25 0.6200431187947592 0.3151282787322998 0.035406494140625 0.044609451293945314
19 0.5194777488708496 0.40859317779541016 0.04336325327555338 0.0443730354309082
