51 0.46312468846639 0.2704664707183838 0.08189945220947266 0.09691038131713867
28 0.5927448272705078 0.5836726188659668 0.06254323323567708 0.048590660095214844
51 0.46376444498697916 0.4354602813720703 0.07715415954589844 0.09642343521118164
6 0.669058100382487 0.20656247138977052 0.05544764200846354 0.04385576248168945
16 0.653845469156901 0.37235417366027834 0.046593729654947916 0.04093751907348633
16 0.6071276982625325 0.37132930755615234 0.04504318237304687 0.04074554443359375
10 0.6153667449951172 0.2060027837753296 0.05021349589029948 0.04447941780090332
29 0.597305170694987 0.5217278957366943 0.06367518107096354 0.046273231506347656
10 0.5642832438151042 0.20569286942481996 0.05049540201822917 0.0439207911491394
58 0.6634420394897461 0.4493828773498535 0.05807215372721354 0.06004772186279297
44 0.6282740275065104 0.6699683189392089 0.08487319946289062 0.08888797760009766
54 0.37714144388834636 0.5725008964538574 0.0722693125406901 0.08779640197753906
58 0.661279296875 0.506266975402832 0.049771881103515624 0.060122108459472655
58 0.6554858525594075 0.5730308055877685 0.05925687154134115 0.06651077270507813
31 0.5960820515950521 0.4596914291381836 0.06720110575358072 0.04886951446533203
53 0.36315193176269533 0.43120450973510743 0.08188196818033854 0.09205799102783203
46 0.37341321309407555 0.26738409996032714 0.08419024149576823 0.09599437713623046
53 0.29385287761688234 0.5748741149902343 0.07546194394429524 0.08551273345947266
54 0.4662068684895833 0.5761733531951905 0.08132108052571614 0.08604965209960938
17 0.5604206085205078 0.37047710418701174 0.045778147379557294 0.03999762535095215
53 0.26971728006998696 0.42594414949417114 0.0803820292154948 0.0931821584701538
58 0.5328115145365397 0.5071495056152344 0.05402927398681641 0.06657905578613281
2 0.6091403325398763 0.29598639011383054 0.04812698364257813 0.05750269889831543
39 0.5359628041585286 0.6596877098083496 0.07870229085286458 0.05041980743408203
49 0.5410873413085937 0.7061553955078125 0.0619269053141276 0.03623504638671875
58 0.5323841094970703 0.4322097659111023 0.04122835795084635 0.07170641422271729
46 0.29143832524617513 0.2644920349121094 0.07514305114746093 0.09460668563842774
58 0.5272619883219402 0.5708415031433105 0.056780242919921876 0.06685800552368164
2 0.6606609344482421 0.29798505306243894 0.0558349609375 0.05743417739868164
2 0.5611419677734375 0.29543018341064453 0.04752553304036458 0.05586156845092773
