6 0.6109339396158854 0.6532239437103271 0.04860827128092448 0.05726556777954102
10 0.5610791524251302 0.652646541595459 0.04751942952473958 0.05680065155029297
17 0.5277600606282552 0.7388705730438232 0.04312756856282552 0.038782691955566405
6 0.6153809865315755 0.7013978004455567 0.045468648274739586 0.03676528930664062
17 0.619198735555013 0.7436555862426758 0.04460894266764323 0.031000518798828126
17 0.5737808227539063 0.744007158279419 0.044465891520182294 0.030843353271484374
17 0.483137321472168 0.7392009258270263 0.04369087219238281 0.039060115814208984
16 0.46190814971923827 0.6607733726501465 0.04816214243570963 0.053506660461425784
18 0.4168946901957194 0.6934063911437989 0.05183887481689453 0.05760631561279297
10 0.5672002156575521 0.7017253875732422 0.044945017496744795 0.0362335205078125
18 0.4340826670328776 0.7392287254333496 0.051754124959309894 0.03565559387207031
17 0.5112846374511719 0.6593942642211914 0.04885813395182292 0.05357227325439453
19 0.3607983907063802 0.6992630004882813 0.059907086690266925 0.05794029235839844
2 0.6620099385579427 0.6512398719787598 0.048344930013020836 0.05597772598266602
47 0.31306432088216146 0.6593135833740235 0.05549666086832682 0.03478927612304687
47 0.2963450749715169 0.6999341011047363 0.06003297170003255 0.04728145599365234
19 0.38070538838704426 0.7440200328826905 0.050463104248046876 0.03216476440429687
47 0.3202268918355306 0.7431954383850098 0.05588862101236979 0.032613945007324216
19 0.3712546030680339 0.6546833038330078 0.05232454935709636 0.031206321716308594
17 0.5183351516723633 0.7027589797973632 0.04154345194498698 0.02195892333984375
