25 0.738557243347168 0.28713526725769045 0.020511118570963542 0.03010272979736328
20 0.7597413380940755 0.28664250373840333 0.020551045735677082 0.029102420806884764
25 0.6967517852783203 0.2888838291168213 0.02048467000325521 0.029561996459960938
25 0.654393196105957 0.2895693778991699 0.021210479736328124 0.029297542572021485
20 0.8029947280883789 0.284640908241272 0.021350733439127603 0.02868170738220215
20 0.8644593556722006 0.25784504413604736 0.02141545613606771 0.016146039962768553
25 0.6330897013346354 0.2897075653076172 0.020545069376627603 0.029113626480102538
25 0.6757972717285157 0.28916220664978026 0.020041910807291667 0.029099273681640624
20 0.8863386789957682 0.25661184787750246 0.020044581095377604 0.016072416305541994
20 0.7811575571695963 0.28559246063232424 0.02159703572591146 0.029020977020263673
20 0.8471070607503255 0.2799380779266357 0.02283655802408854 0.02392120361328125
25 0.6552190780639648 0.266707181930542 0.021549352010091147 0.016169166564941405
25 0.7178409576416016 0.28806185722351074 0.020467631022135415 0.029776859283447265
20 0.8217105229695638 0.26058273315429686 0.01977055867513021 0.015592193603515625
20 0.8958098729451497 0.2756188154220581 0.023592758178710937 0.02223691940307617
20 0.8249101638793945 0.28263134956359864 0.020566813151041665 0.02685966491699219
25 0.6763039271036784 0.2664057731628418 0.019699859619140624 0.016172027587890624
20 0.8715394973754883 0.27669153213500974 0.023717117309570313 0.022116708755493163
20 0.7594874064127605 0.26337199211120604 0.01962102254231771 0.015502309799194336
25 0.6323309580485026 0.26555910110473635 0.02151514689127604 0.017445182800292967
20 0.841752560933431 0.25954546928405764 0.020362472534179686 0.01550121307373047
25 0.7181496938069661 0.26526498794555664 0.019159698486328126 0.015501785278320312
20 0.7802377065022786 0.26242823600769044 0.020463307698567707 0.015237045288085938
25 0.6961905161539713 0.3117527484893799 0.020151519775390626 0.015198421478271485
25 0.6550179163614909 0.3127734661102295 0.019263203938802084 0.015126609802246093
25 0.697067133585612 0.2661312103271484 0.020517476399739585 0.015623950958251953
25 0.737420399983724 0.3099356174468994 0.02012049357096354 0.015214824676513672
25 0.7386043548583985 0.26443142890930177 0.020482762654622396 0.01518697738647461
25 0.6754741668701172 0.3123823642730713 0.020475260416666665 0.014899349212646485
20 0.8010743459065756 0.2616273403167725 0.020097096761067707 0.015464591979980468
25 0.7166168848673503 0.31119065284729003 0.02003924051920573 0.01435403823852539
