24 0.6477477073669433 0.7816066741943359 0.018652725219726562 0.048487345377604164
17 0.29003243446350097 0.6775855382283529 0.03185915946960449 0.06104138692220052
25 0.348490834236145 0.6764249165852865 0.02644944190979004 0.06292877197265626
17 0.22467949390411376 0.676677131652832 0.03299593925476074 0.06287384033203125
1 0.44107990264892577 0.7948722839355469 0.04358730316162109 0.04286321004231771
25 0.37437214851379397 0.6754258473714193 0.025939464569091797 0.06410916646321614
17 0.3205995559692383 0.6768037796020507 0.02939577102661133 0.06223983764648437
1 0.3963622570037842 0.7980834325154622 0.042882251739501956 0.04121068318684896
12 0.47625322341918946 0.6724517822265625 0.025972938537597655 0.0636847178141276
17 0.25778961181640625 0.673473866780599 0.03248252868652344 0.056346893310546875
0 0.35296478271484377 0.7977090199788411 0.0426182746887207 0.04232991536458333
23 0.5651185512542725 0.7836105346679687 0.015039157867431641 0.04798533121744792
6 0.5033714771270752 0.6652270634969075 0.028156757354736328 0.051888529459635416
20 0.3995026111602783 0.6748490651448568 0.025189018249511717 0.0644976298014323
20 0.4250172138214111 0.6734689076741537 0.02523651123046875 0.06406529744466145
6 0.5327320575714112 0.6716714223225911 0.029844093322753906 0.06397221883138021
24 0.664208984375 0.7809524536132812 0.019299793243408202 0.047935740152994795
12 0.4505573272705078 0.6712715148925781 0.024962997436523436 0.06109428405761719
23 0.5805387496948242 0.783303705851237 0.016474342346191405 0.04801813761393229
27 0.6307059288024902 0.7824108759562175 0.017997360229492186 0.04786834716796875
24 0.6802198410034179 0.7811725616455079 0.017422294616699217 0.046989695231119795
27 0.6139682292938232 0.7831174214680989 0.018256664276123047 0.04841156005859375
23 0.5971699237823487 0.7829745610555013 0.017426300048828124 0.04845593770345052
43 0.9728163719177246 0.592172114054362 0.053881072998046876 0.043924204508463544
