47 0.22371967633565268 0.6935353755950928 0.023625532786051433 0.025768375396728514
2 0.36139497756958006 0.6624221801757812 0.024852625528971353 0.027427482604980468
9 0.2572994073232015 0.7493962287902832 0.0321925163269043 0.03525848388671875
10 0.401533317565918 0.608157730102539 0.025063832600911457 0.028713226318359375
17 0.3901679992675781 0.6610688209533692 0.02570177714029948 0.027616500854492188
47 0.22009026209513347 0.6617910385131835 0.029398028055826822 0.03326091766357422
2 0.3366851488749186 0.6620813369750976 0.023917452494303385 0.02895183563232422
10 0.3493433952331543 0.60755934715271 0.024225934346516927 0.02851095199584961
17 0.41589603424072263 0.6606564044952392 0.024790382385253905 0.028016185760498045
17 0.5048536618550619 0.6047638893127442 0.025424957275390625 0.02222576141357422
17 0.4792126337687174 0.6046175003051758 0.02551244099934896 0.02210521697998047
47 0.19549102783203126 0.6926541328430176 0.03007793426513672 0.025322341918945314
10 0.42659346262613934 0.6082062721252441 0.025023396809895834 0.02873859405517578
10 0.3747018178304036 0.6079452037811279 0.02694536844889323 0.029006004333496094
17 0.4382839520772298 0.6938133239746094 0.02508436838785807 0.022020626068115234
47 0.19004890124003093 0.6624581336975097 0.03121461868286133 0.032695770263671875
9 0.28916956583658854 0.749726676940918 0.030797195434570313 0.03501396179199219
28 0.5031688372294109 0.5063950538635253 0.03696638743082682 0.014661598205566406
10 0.3718730926513672 0.5770179748535156 0.026077906290690105 0.018659400939941406
15 0.47809810638427735 0.5772220611572265 0.02661736806233724 0.01707286834716797
17 0.44177010854085286 0.6609687805175781 0.025568517049153645 0.028464889526367186
10 0.39908514022827146 0.5770364761352539 0.025872230529785156 0.020068931579589843
2 0.31225179036458334 0.6614933013916016 0.024047342936197917 0.02970542907714844
17 0.45336621602376304 0.6045012474060059 0.024882380167643228 0.02164449691772461
9 0.2574212074279785 0.7780998229980469 0.029355367024739582 0.024630165100097655
12 0.2467460791269938 0.6937329769134521 0.02120695114135742 0.026656341552734376
2 0.31283496220906576 0.6922519683837891 0.023637072245279948 0.021929931640625
9 0.28746891021728516 0.7795590400695801 0.029883575439453126 0.025238990783691406
12 0.24582252502441407 0.6633264541625976 0.02072137196858724 0.032034683227539065
31 0.3797464688618978 0.524380111694336 0.039198048909505206 0.015009880065917969
10 0.3454311370849609 0.5769371032714844 0.02747688293457031 0.018013954162597656
13 0.2675692876180013 0.6935503005981445 0.01990852355957031 0.027518653869628908
31 0.3880528450012207 0.5103726863861084 0.039056587219238284 0.013284778594970703
28 0.5019228617350261 0.5222573757171631 0.0384680430094401 0.015612983703613281
17 0.3878482818603516 0.6936530590057373 0.02424163818359375 0.02064666748046875
15 0.5040649096171061 0.5774363517761231 0.026612027486165365 0.017035484313964844
10 0.42501258850097656 0.5771722793579102 0.02691332499186198 0.019315814971923827
29 0.42541688283284507 0.5098221778869629 0.03795916239420573 0.013081836700439452
29 0.41823355356852215 0.5238763809204101 0.03824939727783203 0.014976882934570312
13 0.268290646870931 0.6639014720916748 0.023409589131673177 0.032010650634765624
13 0.2881443023681641 0.6935311317443847 0.020093091328938804 0.026558685302734374
1 0.30759468078613283 0.5264517784118652 0.029608917236328126 0.019837570190429688
1 0.3385607401529948 0.5269086837768555 0.031446584065755206 0.019025611877441406
28 0.46202926635742186 0.5229167938232422 0.03820470174153646 0.01593647003173828
28 0.4659930547078451 0.5068453788757324 0.03625539143880208 0.015355873107910156
17 0.4132301648457845 0.6934552192687988 0.02530206044514974 0.021606063842773436
23 0.43057886759440106 0.4305109024047852 0.03644002278645833 0.009779739379882812
2 0.33769219716389975 0.6936138153076172 0.024843470255533854 0.020990371704101562
31 0.39453309377034507 0.4981999397277832 0.035172526041666666 0.010821342468261719
17 0.4524412155151367 0.5769792556762695 0.025064786275227863 0.016869163513183592
