44 0.4494971593221029 0.4798120975494385 0.08954327901204427 0.0672189712524414
31 0.6760932922363281 0.5712379932403564 0.06231892903645833 0.03512096405029297
47 0.7028041839599609 0.4173141956329346 0.05836207071940104 0.05830173492431641
28 0.5598841349283854 0.6354330062866211 0.0634442647298177 0.03558540344238281
43 0.5236656188964843 0.34219655990600584 0.13440284729003907 0.02753276824951172
48 0.37771453857421877 0.6125330924987793 0.09484303792317708 0.07763252258300782
39 0.5425141016642253 0.4789895057678223 0.08978627522786459 0.06936988830566407
44 0.3604902267456055 0.4806187629699707 0.08796195983886719 0.06631946563720703
29 0.6157686869303386 0.5996442794799804 0.05862503051757813 0.03132915496826172
29 0.6155487060546875 0.5727816581726074 0.05647404988606771 0.025906848907470702
40 0.6168432871500651 0.3248695135116577 0.03505299886067708 0.06194891929626465
40 0.6518929799397787 0.3246139049530029 0.03338165283203125 0.06278247833251953
54 0.47638441721598307 0.6132151126861572 0.09650828043619791 0.08064403533935546
28 0.5648108164469401 0.5781927108764648 0.044526163736979166 0.02668342590332031
31 0.6952325185139974 0.6374083518981933 0.0684326171875 0.03530559539794922
47 0.7198952992757162 0.48911099433898925 0.06369857788085938 0.05245399475097656
29 0.6265511830647786 0.6346301078796387 0.06717173258463542 0.03691177368164063
45 0.7595403671264649 0.3112180233001709 0.03964691162109375 0.0888526439666748
28 0.5596988519032796 0.6041176795959473 0.05345894495646159 0.02861442565917969
40 0.6871928532918294 0.3240250587463379 0.03522758483886719 0.0633535385131836
38 0.3738195101420085 0.33987319469451904 0.14067554473876953 0.02893056869506836
31 0.6792765299479167 0.6052109718322753 0.0650622049967448 0.029844188690185548
46 0.6329930623372396 0.4758113384246826 0.07679214477539062 0.07663145065307617
45 0.7241085688273112 0.30941271781921387 0.038613382975260416 0.09770326614379883
47 0.6475571950276693 0.4045870304107666 0.05019454956054688 0.03388690948486328
