63 0.4430727005004883 0.4658048629760742 0.06068496704101563 0.07656831741333008
63 0.2852927605311076 0.5847650051116944 0.046874221165974936 0.06684484481811523
63 0.38541488647460936 0.46140661239624026 0.057028579711914065 0.07370548248291016
63 0.2859090169270833 0.4514129638671875 0.04927813212076823 0.0695012092590332
63 0.2851613680521647 0.5202665328979492 0.047543907165527345 0.06723175048828126
63 0.6170612335205078 0.7319827079772949 0.0762939453125 0.08390827178955078
63 0.3848683039347331 0.3859997749328613 0.06199086507161458 0.0766866683959961
63 0.5440914154052734 0.7130044937133789 0.06628392537434896 0.079266357421875
63 0.3329644203186035 0.5938591957092285 0.048288981119791664 0.06931009292602539
63 0.3341729482014974 0.5265651702880859 0.050809224446614586 0.06786003112792968
63 0.28757189909617104 0.3804173469543457 0.045284668604532875 0.0728754997253418
63 0.2391526699066162 0.6401505470275879 0.04687684377034505 0.061084556579589847
63 0.48656705220540364 0.6973843574523926 0.05152537027994792 0.07286300659179687
63 0.33184185028076174 0.3820023536682129 0.04768454233805339 0.07369184494018555
63 0.6435082753499349 0.48323211669921873 0.06756184895833334 0.082806396484375
63 0.3793558438618978 0.5337422847747803 0.039837646484375 0.07046022415161132
63 0.609381357828776 0.8110591888427734 0.07081451416015624 0.07593002319335937
63 0.3339834213256836 0.455659294128418 0.04945933024088542 0.07183914184570313
63 0.3272449493408203 0.6568982124328613 0.048876190185546876 0.06066341400146484
63 0.44322929382324217 0.38835878372192384 0.059081013997395834 0.07817869186401367
63 0.5404739538828532 0.7876727104187011 0.06599702835083007 0.07314472198486328
63 0.24300012588500977 0.5144935131072998 0.03723494211832682 0.06506624221801757
63 0.23610194524129233 0.6982007026672363 0.04695955912272135 0.059262657165527345
63 0.24286704063415526 0.5776186943054199 0.03844502766927083 0.06258039474487305
63 0.4321234385172526 0.6847911357879639 0.05670026143391927 0.06972827911376953
63 0.4833814303080241 0.7684303283691406 0.05026372273763021 0.07361831665039062
63 0.503596305847168 0.47053136825561526 0.060544586181640624 0.07997875213623047
63 0.2827259063720703 0.6501405715942383 0.039484596252441405 0.060441780090332034
63 0.2808890104293823 0.7084339618682861 0.04165647824605306 0.061399650573730466
63 0.3756484667460124 0.6024443626403808 0.037160301208496095 0.0675088882446289
63 0.6472704569498698 0.3985879421234131 0.05939127604166667 0.08377208709716796
63 0.37819690704345704 0.6639607429504395 0.05033575693766276 0.054107666015625
63 0.5289787292480469 0.8453775405883789 0.0607879638671875 0.048725318908691403
63 0.27177321910858154 0.7564068794250488 0.044196430842081705 0.03732147216796875
63 0.5979234059651692 0.8689302444458008 0.07434171040852865 0.04777069091796875
