9 0.34676485061645507 0.4565474033355713 0.06264349619547525 0.07960720062255859
9 0.4099162419637044 0.45102739334106445 0.0629852294921875 0.07269134521484374
10 0.28621819814046223 0.4495827674865723 0.05951957702636719 0.06400375366210938
10 0.2210271994272868 0.45609331130981445 0.07125946680704752 0.06790046691894532
6 0.6254512151082356 0.4151257038116455 0.030939229329427085 0.04096279144287109
2 0.5060773213704427 0.4293794631958008 0.041311454772949216 0.05121269226074219
2 0.4641466458638509 0.43224282264709474 0.047197723388671876 0.05484828948974609
3 0.547313117980957 0.43573808670043945 0.04302380879720052 0.06359119415283203
30 0.772424062093099 0.6269630432128906 0.03478190104166667 0.022724151611328125
34 0.5090193430582682 0.5989313125610352 0.0998510996500651 0.04107875823974609
6 0.6535592397054036 0.4132652759552002 0.027655029296875 0.04006614685058594
3 0.5895317713419597 0.42215604782104493 0.043660736083984374 0.03962726593017578
17 0.8044416427612304 0.4017189025878906 0.020399983723958334 0.04313116073608399
34 0.5354201634724934 0.6268774986267089 0.08338177998860677 0.0508387565612793
58 0.685906982421875 0.5433479309082031 0.05532760620117187 0.018349456787109374
12 0.7400559743245443 0.4024654388427734 0.021027374267578124 0.033256149291992186
6 0.7117469151814778 0.41643452644348145 0.036908721923828124 0.051853370666503903
16 0.8722564697265625 0.3955680847167969 0.027884292602539062 0.041167259216308594
55 0.7688510894775391 0.49957966804504395 0.04545796712239583 0.017195892333984376
60 0.6488197326660157 0.5919598579406739 0.05226949055989583 0.023684978485107422
47 0.7385994593302408 0.6514448642730712 0.023581186930338543 0.04590740203857422
12 0.7576114018758138 0.4014135479927063 0.018093617757161458 0.033389830589294435
