32 0.766302744547526 0.6831673622131348 0.03681793212890625 0.020081520080566406
44 0.48589007059733075 0.7648643016815185 0.059620030721028644 0.031418132781982425
44 0.41944650014241536 0.7656595230102539 0.06152203877766927 0.03430728912353516
32 0.8876568476359049 0.6823371887207031 0.03950640360514323 0.021467018127441406
32 0.8919245402018229 0.6465644359588623 0.040758005777994794 0.03027067184448242
44 0.4882408459981283 0.6662181854248047 0.0627356211344401 0.033444690704345706
32 0.6855386098225912 0.7495921134948731 0.03654403686523437 0.034333992004394534
32 0.6852394739786783 0.7862080574035645 0.03597971598307292 0.021708869934082033
43 0.3421900431315104 0.6615934371948242 0.0792065938313802 0.02683258056640625
32 0.8834258397420247 0.7470476150512695 0.036411158243815106 0.03546409606933594
45 0.8332726796468098 0.5661864757537842 0.022159322102864584 0.062247180938720705
43 0.2558252970377604 0.6643839359283448 0.08235359191894531 0.026251220703125
32 0.7245279947916666 0.7478882789611816 0.0382080078125 0.0325261116027832
32 0.849677848815918 0.6482034683227539 0.03976643880208333 0.031563949584960935
32 0.6099540710449218 0.7483970165252686 0.03503468831380208 0.02933807373046875
44 0.5546585241953532 0.6657130718231201 0.06393098831176758 0.03532428741455078
32 0.6078789393107097 0.6814579963684082 0.03640467325846354 0.022057723999023438
32 0.8456676483154297 0.7488641738891602 0.038108571370442705 0.0354217529296875
32 0.645824686686198 0.6831985950469971 0.03680369059244792 0.022294998168945312
44 0.5530291239420573 0.7619217872619629 0.06029790242513021 0.035577392578125
32 0.6853883107503255 0.6479186534881591 0.03803736368815104 0.030824661254882812
32 0.7229040781656901 0.6839375019073486 0.03623644510904948 0.019593238830566406
32 0.7681002298990885 0.6457115173339844 0.04004236857096354 0.029781150817871093
45 0.8078619639078776 0.5662647724151612 0.02347412109375 0.06308145523071289
32 0.7237634023030599 0.7853765487670898 0.03631591796875 0.018017578125
45 0.8576976776123046 0.5662934303283691 0.021515909830729166 0.06084175109863281
45 0.7597201029459636 0.5666789054870606 0.020357767740885418 0.06065530776977539
32 0.7669827779134114 0.747523307800293 0.03934783935546875 0.032378005981445315
32 0.6476806004842123 0.7489896774291992 0.037645848592122395 0.03333282470703125
32 0.8087782541910807 0.6470699310302734 0.03929545084635417 0.03084907531738281
32 0.846438217163086 0.6833640098571777 0.038589859008789064 0.02324981689453125
32 0.8060722351074219 0.683204174041748 0.038958231608072914 0.02382659912109375
32 0.6091112772623698 0.6457198143005372 0.035433451334635414 0.02807750701904297
32 0.7248382568359375 0.6467842102050781 0.03890228271484375 0.03015727996826172
32 0.6850477854410807 0.6844397068023682 0.036397298177083336 0.02157621383666992
43 0.3409671147664388 0.6891456127166748 0.08062585194905598 0.024916839599609376
32 0.6471199035644531 0.6468026161193847 0.03747507731119792 0.03017425537109375
58 0.9365011215209961 0.3453514099121094 0.06470743815104167 0.015094184875488281
45 0.8808024088541667 0.5668944358825684 0.021581013997395832 0.06016864776611328
32 0.8074517567952474 0.7487042903900146 0.037783304850260414 0.034690570831298825
45 0.905853271484375 0.5669845581054688 0.02266845703125 0.060654830932617185
45 0.736016591389974 0.5677440643310547 0.021924845377604165 0.0577911376953125
58 0.7595559438069661 0.34697809219360354 0.06495005289713542 0.014378738403320313
45 0.7828416188557943 0.5672367095947266 0.021428426106770832 0.06019172668457031
38 0.26321309407552085 0.7695075988769531 0.07745285034179687 0.020493221282958985
58 0.8477909088134765 0.34620203971862795 0.062276967366536456 0.013512039184570312
44 0.4163876215616862 0.666744613647461 0.0629290262858073 0.024174022674560546
58 0.8091283162434896 0.44698166847229004 0.07312088012695313 0.011522674560546875
43 0.25701850255330405 0.69010910987854 0.08047135670979817 0.023740863800048827
42 0.8515559514363606 0.8660711288452149 0.10681775410970053 0.05268020629882812
32 0.8418553670247396 0.785678482055664 0.040908559163411455 0.01829872131347656
42 0.739640744527181 0.8652442932128906 0.10762354532877604 0.045076751708984376
32 0.6095043182373047 0.7828233718872071 0.036004638671875 0.02080392837524414
58 0.8482718149820964 0.3592044830322266 0.0578887939453125 0.011474609375
38 0.34674072265625 0.7628673553466797 0.07729098002115885 0.026603889465332032
58 0.8149502436319987 0.4588841438293457 0.05978749593098958 0.012902069091796874
32 0.6475238800048828 0.7849571704864502 0.03560333251953125 0.02210235595703125
58 0.6690558751424154 0.34888172149658203 0.0659454345703125 0.014486408233642578
58 0.639111582438151 0.4603447437286377 0.060950215657552084 0.013494110107421875
58 0.6696036020914714 0.3620744705200195 0.056548817952473955 0.011221599578857423
32 0.8806128184000651 0.7848255157470703 0.03448969523111979 0.01717510223388672
42 0.6314872741699219 0.8699323654174804 0.09683863321940105 0.045172119140625
58 0.904937744140625 0.4582052230834961 0.060523732503255205 0.012682533264160157
38 0.26399428049723306 0.7916278839111328 0.07371571858723959 0.02115211486816406
58 0.7607250213623047 0.3607752323150635 0.054857635498046876 0.010844182968139649
58 0.7243414560953776 0.44062013626098634 0.06793594360351562 0.009155082702636718
58 0.7267127990722656 0.46046972274780273 0.059507497151692706 0.01082763671875
41 0.2780836741129557 0.5624672889709472 0.13094965616861978 0.07793378829956055
38 0.3464160919189453 0.7892651557922363 0.07601292928059895 0.023452377319335936
