39 0.5381650924682617 0.6602092107137044 0.03358917236328125 0.03680737813313802
44 0.46398258209228516 0.6635723749796549 0.033528614044189456 0.0366675059000651
44 0.4284754753112793 0.6630006154378255 0.03286113739013672 0.032895406087239586
57 0.968749713897705 0.8265701293945312 0.04454822540283203 0.06976763407389323
39 0.4995434761047363 0.6619592030843099 0.031173515319824218 0.038045501708984374
42 0.5843961238861084 0.7021078745524089 0.044255828857421874 0.03845926920572917
39 0.5019281387329102 0.7033294677734375 0.025594806671142577 0.01938603719075521
42 0.5811810970306397 0.6535945892333984 0.045341110229492186 0.018253072102864584
45 0.4008768081665039 0.6986469268798828 0.011653995513916016 0.04291203816731771
37 0.6300188541412354 0.675363286336263 0.04502372741699219 0.02888832092285156
45 0.3879555225372314 0.6986990610758463 0.011840438842773438 0.04393463134765625
37 0.6280667304992675 0.6513029734293619 0.041718482971191406 0.018398793538411458
45 0.37683079242706297 0.6983977635701497 0.009757232666015626 0.04378433227539062
45 0.36253478527069094 0.6985979715983073 0.011338329315185547 0.04474970499674479
43 0.7716443061828613 0.6839969635009766 0.044510936737060545 0.022936503092447918
