25 0.5644831339518229 0.3142330884933472 0.02471440633138021 0.03488516807556152
25 0.5386033376057943 0.31331672668457033 0.025376637776692707 0.034731292724609376
61 0.5131530125935873 0.5540703773498535 0.05420328776041667 0.04044399261474609
44 0.5317698796590169 0.6596579551696777 0.060965347290039065 0.060015869140625
28 0.5731971740722657 0.47744112014770507 0.03733838399251302 0.02468099594116211
10 0.5660640716552734 0.3688466548919678 0.030161285400390626 0.030834770202636717
31 0.5628602345784505 0.556599235534668 0.03949330647786458 0.025384044647216795
44 0.5760575612386067 0.7091726779937744 0.04551200866699219 0.057144451141357425
44 0.5855466206868489 0.6506129264831543 0.043747329711914064 0.054581832885742185
44 0.5294200897216796 0.7156238555908203 0.04688542683919271 0.049529647827148436
47 0.6101285298665364 0.4230327606201172 0.03805491129557292 0.03574714660644531
10 0.5349154790242513 0.36914241313934326 0.03110364278157552 0.032944440841674805
20 0.6122775395711263 0.31603255271911623 0.022568384806315105 0.03294649124145508
20 0.5891361236572266 0.3158417224884033 0.023979695638020833 0.034691143035888675
28 0.5667188008626302 0.517577075958252 0.04102757771809896 0.027854347229003908
55 0.5136122703552246 0.5959879398345947 0.055179659525553384 0.03859643936157227
47 0.5358932495117188 0.4214046478271484 0.036513900756835936 0.03591699600219726
61 0.6105684280395508 0.5471324443817138 0.04931640625 0.03892507553100586
58 0.5148213068644206 0.5082839012145997 0.056682586669921875 0.04521198272705078
47 0.5721518198649088 0.42224702835083006 0.03435160319010417 0.035979938507080075
58 0.6186211903889974 0.5058589935302734 0.04848276774088542 0.04220104217529297
2 0.5953575134277344 0.3704513072967529 0.027370198567708334 0.030222415924072266
20 0.6359999338785808 0.31607654094696047 0.024553680419921876 0.031610727310180664
6 0.6217009226481119 0.3713569402694702 0.025670878092447915 0.03039097785949707
55 0.6084732055664063 0.5863269805908203 0.052283223470052084 0.03828926086425781
28 0.5631081899007161 0.5970702171325684 0.033203379313151045 0.022031784057617188
58 0.5157408714294434 0.4599794387817383 0.053489367167154946 0.036561203002929685
58 0.6197499593098958 0.45867528915405276 0.048272959391276044 0.034332275390625
