16 0.6030184427897135 0.3430062770843506 0.023293558756510416 0.02635931968688965
6 0.6623458862304688 0.29888463020324707 0.02420069376627604 0.026414966583251952
10 0.44037138621012367 0.34579217433929443 0.02287921905517578 0.027020740509033202
16 0.6728569030761719 0.3411178350448608 0.02294019063313802 0.0276888370513916
10 0.4951062838236491 0.3026273250579834 0.022013219197591145 0.02626180648803711
16 0.6257274627685547 0.3427008628845215 0.021691258748372397 0.026534366607666015
10 0.44890556335449217 0.3031421661376953 0.022602081298828125 0.026103115081787108
10 0.4875099817911784 0.34501633644104 0.023132832845052083 0.026926851272583006
2 0.6377091725667318 0.2993441581726074 0.022640228271484375 0.026397275924682616
6 0.6875393549601237 0.29860873222351075 0.025426355997721355 0.026396846771240233
10 0.5338367621103922 0.34430804252624514 0.02308626174926758 0.026721382141113283
10 0.5106549898783366 0.3447563886642456 0.022605705261230468 0.026935434341430663
10 0.49266141255696616 0.28037633895874026 0.023614247639973957 0.019019031524658205
3 0.5955205281575521 0.27884583473205565 0.02929509480794271 0.016205215454101564
10 0.4025014241536458 0.30339756011962893 0.022726821899414062 0.02569689750671387
16 0.5796426137288412 0.3431610107421875 0.022736867268880207 0.026418781280517577
10 0.3798448880513509 0.30338547229766843 0.022069740295410156 0.025496625900268556
10 0.4256338119506836 0.30321364402770995 0.022653834025065104 0.026020240783691407
16 0.556631596883138 0.34387760162353515 0.02178802490234375 0.026582908630371094
16 0.649233881632487 0.3419812679290771 0.02340545654296875 0.0273834228515625
10 0.47219346364339193 0.302738881111145 0.022171529134114583 0.025777244567871095
20 0.376521364847819 0.34702019691467284 0.019272359212239583 0.025428390502929686
39 0.36615638732910155 0.4000391006469727 0.048984718322753903 0.028243541717529297
10 0.4699668884277344 0.2804969549179077 0.021539942423502604 0.019168710708618163
10 0.4642947196960449 0.3455112218856812 0.02339350382486979 0.026748132705688477
10 0.41737248102823893 0.3459890842437744 0.02285149892171224 0.026498985290527344
10 0.44766194025675454 0.28095831871032717 0.02255407969156901 0.01911334991455078
10 0.42420291900634766 0.2809275150299072 0.022166315714518228 0.019285964965820312
2 0.5882898330688476 0.300485897064209 0.023793538411458332 0.027091407775878908
2 0.5646148681640625 0.3012689590454102 0.023085530598958334 0.026882457733154296
25 0.35767968495686847 0.3468412637710571 0.018392435709635415 0.024989557266235352
39 0.3150883992513021 0.39982290267944337 0.04813512166341146 0.029361629486083986
2 0.5409993489583333 0.3016516923904419 0.023057174682617188 0.026891803741455077
3 0.6326284408569336 0.27878637313842775 0.03068682352701823 0.015336036682128906
3 0.6704887390136719 0.2778064489364624 0.02992706298828125 0.015915346145629884
10 0.4011224746704102 0.28102970123291016 0.023041598002115884 0.019910144805908202
20 0.39568138122558594 0.34687438011169436 0.019274075826009113 0.025613164901733397
12 0.2806464513142904 0.3039520740509033 0.019308980305989584 0.026563024520874022
2 0.6134999593098959 0.299971342086792 0.025560760498046876 0.026618576049804686
25 0.27988882064819337 0.34694395065307615 0.021179771423339842 0.027030372619628908
25 0.3189909299214681 0.34682507514953614 0.019094467163085938 0.025238227844238282
10 0.5180195172627767 0.30223402976989744 0.023062388102213543 0.026615238189697264
44 0.4221902847290039 0.40172562599182127 0.04704500834147136 0.027195262908935546
25 0.29986855189005535 0.3468629360198975 0.018635686238606772 0.02628164291381836
25 0.33827107747395835 0.34677259922027587 0.019405110677083334 0.024701261520385744
2 0.516712760925293 0.2800146102905273 0.022135162353515626 0.019054126739501954
13 0.3580770174662272 0.30349504947662354 0.019264856974283855 0.025229787826538085
10 0.37786566416422523 0.2812022686004639 0.022348531087239585 0.019666385650634766
17 0.6964900334676106 0.34067339897155763 0.023699824015299478 0.028363895416259766
2 0.5390144348144531 0.27979483604431155 0.02230555216471354 0.018413639068603514
13 0.33845361073811847 0.30364041328430175 0.019157918294270833 0.025332212448120117
13 0.31855862935384116 0.303850793838501 0.01874237060546875 0.02554941177368164
58 0.48187510172526044 0.39849367141723635 0.053028106689453125 0.009790611267089844
58 0.547106679280599 0.40097578763961794 0.03990084330240885 0.011197495460510253
13 0.29984798431396487 0.3039798974990845 0.018650182088216147 0.026151275634765624
58 0.5448060512542725 0.38976805210113524 0.05064388910929362 0.008857011795043945
55 0.6121815999348958 0.4059144973754883 0.04941876729329427 0.009952354431152343
61 0.6717832565307618 0.39913110733032225 0.04678611755371094 0.011025619506835938
55 0.6095083872477214 0.39664788246154786 0.056618754069010416 0.009578418731689454
9 0.3075370788574219 0.28204638957977296 0.023078219095865885 0.01874227523803711
