16 0.34909331003824867 0.37596421241760253 0.03661282857259115 0.04015417098999023
17 0.3856344223022461 0.3766029357910156 0.035982640584309895 0.03840198516845703
9 0.5154937108357748 0.3749871730804443 0.041751988728841144 0.03668832778930664
25 0.31549046834309896 0.37654272715250653 0.033994038899739586 0.039237022399902344
3 0.643197758992513 0.3731578667958578 0.03567784627278646 0.03523111343383789
20 0.22414380179511176 0.3781790574391683 0.034164407518174914 0.03959474563598633
10 0.47980372111002606 0.37683687210083006 0.03246358235677083 0.03448410034179687
12 0.12598862648010253 0.37803347905476886 0.03413820266723633 0.03855050404866536
20 0.2550846841600206 0.37797659238179526 0.03319411807590061 0.03933706283569336
9 0.5531773885091146 0.37471656799316405 0.03634770711263021 0.036309432983398435
2 0.6107398986816406 0.3738389809926351 0.032617441813151044 0.03412466049194336
13 0.19234657287597656 0.3787426789601644 0.032920455932617186 0.03914766311645508
10 0.44939365386962893 0.37724483807881676 0.0346917470296224 0.0356898307800293
3 0.6753801981608073 0.37287786801656086 0.03336639404296875 0.033871936798095706
6 0.7249865002102323 0.37334941228230795 0.032295947604709205 0.03196735382080078
12 0.09636592864990234 0.3780909538269043 0.026859156290690103 0.03812141418457031
25 0.2849411646525065 0.3778152783711751 0.03406028747558594 0.03858375549316406
38 0.14121699333190918 0.48885610898335774 0.08297332127888997 0.023404598236083984
13 0.1590387185414632 0.37817230224609377 0.03264964421590169 0.0386627197265625
2 0.5835034688313802 0.3746906598409017 0.02922210693359375 0.03392658233642578
31 0.6542259216308594 0.5302301247914633 0.03703638712565104 0.01564003626505534
34 0.4365974638197157 0.4679023106892904 0.06261346605088976 0.01861438751220703
7 0.7555694580078125 0.3723611831665039 0.03285929361979167 0.03110027313232422
38 0.26022602717081705 0.48844594955444337 0.07564373016357422 0.015367889404296875
43 0.3583984904819065 0.4827426910400391 0.08073270585801866 0.018373489379882812
31 0.6158130433824327 0.5354790687561035 0.032697168986002605 0.013702964782714844
7 0.787571292453342 0.3713698228200277 0.0320037841796875 0.031898212432861325
31 0.6920126385158962 0.5266486962636312 0.03574511210123698 0.01593605677286784
31 0.680093871222602 0.5418147722880046 0.03706169128417969 0.012969398498535156
6 0.7018780602349175 0.37369585037231445 0.026397281222873263 0.03246250152587891
