25 0.3687174373202854 0.3964649518330892 0.03136581844753689 0.03882865905761719
15 0.5599637137518989 0.40013728141784666 0.04343757629394531 0.03902101516723633
6 0.908350118001302 0.4079024314880371 0.03523305257161458 0.038063430786132814
2 0.7569586859809028 0.40488823254903156 0.03483598497178819 0.03876581192016602
17 0.43803564707438153 0.3983803908030192 0.03507067362467448 0.03814719518025716
9 0.7179143057929145 0.40429277420043946 0.04438548617892795 0.03854045867919922
15 0.5155326207478841 0.3993341128031413 0.04582481384277344 0.038700230916341144
10 0.6340010325113933 0.40353291829427085 0.03477147420247396 0.0368408203125
12 0.15015614827473958 0.39222647349039713 0.0324395497639974 0.03710161844889323
9 0.6739097595214844 0.4035884221394857 0.044868214925130205 0.0385894775390625
25 0.3377984364827474 0.39574594497680665 0.03174870808919271 0.03759918212890625
10 0.5990606943766276 0.4028904438018799 0.03461532592773438 0.03676385879516601
20 0.2763891749911838 0.3948060989379883 0.03190402984619141 0.037154197692871094
3 0.8294340345594619 0.4058554967244466 0.04346771240234375 0.037285995483398435
13 0.21338665220472547 0.3923234780629476 0.031163342793782554 0.03870210647583008
12 0.1821641551123725 0.3922353108723958 0.03134472105238173 0.0374420166015625
16 0.40230884552001955 0.39803727467854816 0.034517796834309895 0.03769340515136719
29 0.6312447865804036 0.5991325696309407 0.05056686401367187 0.01553503672281901
13 0.24510342280069988 0.39315749804178873 0.03134352366129557 0.03834206263224284
3 0.8708670298258464 0.4068039894104004 0.043266042073567705 0.03729171752929687
2 0.790891350640191 0.4051744302113851 0.03538869222005208 0.038238811492919925
29 0.7325862672593858 0.5992118835449218 0.04747225443522136 0.015937042236328126
43 0.40247430801391604 0.5065172195434571 0.09567928314208984 0.01781597137451172
20 0.30689203474256727 0.3956878821055094 0.031405003865559895 0.03779757817586263
29 0.7170127868652344 0.5841756184895833 0.042431640625 0.014851125081380208
38 0.3045433680216471 0.5032605012257894 0.09145011901855468 0.021937847137451172
29 0.6826164245605468 0.5986373583475749 0.04302927652994792 0.015991020202636718
38 0.19428683386908638 0.5018970966339111 0.08024999830457899 0.018647289276123045
29 0.6695546468098958 0.5836997350056966 0.04238688151041667 0.0147247314453125
34 0.5038072162204319 0.5068967660268148 0.09174698723687066 0.018704891204833984
29 0.6231090969509548 0.5839943885803223 0.044781494140625 0.015789222717285157
17 0.4743907716539171 0.397279691696167 0.03625322977701823 0.04023160934448242
31 0.7673904418945312 0.5853375434875489 0.045239766438802086 0.015726661682128905
31 0.8703560723198784 0.5839618682861328 0.037123616536458334 0.01597137451171875
61 0.8675682491726345 0.5091054280598958 0.07442381117078993 0.0152008056640625
31 0.8889172871907552 0.6000706672668457 0.04615936279296875 0.01689434051513672
31 0.8296728346082899 0.5901425997416179 0.04670664469401042 0.024196688334147134
7 0.9578143225775825 0.40854320526123045 0.03278071085611979 0.037720680236816406
31 0.7830883873833551 0.5994518915812175 0.04784469604492188 0.014877700805664062
