15 0.37966607411702474 0.42338104248046876 0.06045379638671875 0.039520263671875
17 0.42978458404541015 0.36314513683319094 0.0474096934000651 0.048543262481689456
15 0.37554225921630857 0.3737342357635498 0.06010309855143229 0.06110963821411133
3 0.5871334075927734 0.5487414360046386 0.057163111368815106 0.0325408935546875
16 0.5277973810831705 0.4218131065368652 0.04677988688151042 0.042424488067626956
10 0.44928156534830727 0.5050084590911865 0.046865018208821614 0.05561256408691406
16 0.4806166966756185 0.4216916084289551 0.04606132507324219 0.042317962646484374
10 0.3902165730794271 0.5456337928771973 0.04205487569173177 0.040239906311035155
16 0.4780991236368815 0.362522554397583 0.048355356852213545 0.050209569931030276
25 0.3253320693969727 0.42049551010131836 0.04139658610026042 0.03497943878173828
30 0.4455490748087565 0.8400455474853515 0.05536295572916667 0.03935432434082031
2 0.49499441782633463 0.49611310958862304 0.042846298217773436 0.0396937370300293
44 0.6164492289225261 0.7444272518157959 0.08515574137369791 0.06144914627075195
25 0.2838616371154785 0.4200810432434082 0.04111270904541016 0.034920120239257814
47 0.33474467595418295 0.8294666290283204 0.046593030293782554 0.05109672546386719
25 0.2739063580830892 0.3598520278930664 0.0442562739054362 0.0424652099609375
12 0.2979742685953776 0.5467574119567871 0.038473256429036456 0.03209362030029297
47 0.3826237996419271 0.8310279846191406 0.04835230509440104 0.052161026000976565
43 0.41646238962809246 0.7617679595947265 0.10531202952067058 0.025304031372070313
7 0.6536624272664388 0.503113842010498 0.06090532938639323 0.041771316528320314
47 0.2870007514953613 0.8313541412353516 0.04768104553222656 0.0484222412109375
13 0.2523029645284017 0.49483342170715333 0.03956050872802734 0.03504610061645508
29 0.5642807006835937 0.8372406005859375 0.05509872436523437 0.039521408081054685
3 0.5931012471516927 0.5009769439697266 0.06033414204915365 0.043338584899902347
17 0.43332497278849286 0.4225153923034668 0.04715735117594401 0.04057121276855469
25 0.2430337905883789 0.4195867538452148 0.03978919982910156 0.03455343246459961
12 0.33683945337931315 0.5462459087371826 0.03773701985677083 0.032799148559570314
28 0.6204983393351237 0.8386343002319336 0.05464096069335937 0.03990325927734375
39 0.5189868291219075 0.7427497386932373 0.08795026143391928 0.06312026977539062
43 0.41888357798258463 0.7311220169067383 0.10553258260091146 0.0360595703125
47 0.2949071884155273 0.8765495300292969 0.0455502192179362 0.025825119018554686
10 0.4423259735107422 0.5481424331665039 0.043098831176757814 0.03450756072998047
2 0.5341828823089599 0.5465727806091308 0.045720386505126956 0.03604946136474609
13 0.21168464024861652 0.4940776824951172 0.039383188883463545 0.03838958740234375
2 0.5390069961547852 0.496189022064209 0.045110193888346355 0.0397674560546875
29 0.5609973271687826 0.8068130493164063 0.052411524454752605 0.021884346008300783
47 0.39035193125406903 0.876400375366211 0.04531256357828776 0.02633037567138672
7 0.653752326965332 0.5495876789093017 0.05657475789388021 0.030385684967041016
25 0.317983881632487 0.35948987007141114 0.045388412475585935 0.042915058135986325
25 0.22956941922505697 0.36038186550140383 0.045216814676920576 0.04243597984313965
2 0.48720149993896483 0.5467812061309815 0.04519818623860677 0.03663501739501953
47 0.34218565622965497 0.8763505935668945 0.045820363362630206 0.026092910766601564
13 0.2190272331237793 0.5465964317321778 0.038023821512858075 0.031907844543457034
25 0.18622907002766928 0.36152679920196534 0.0422607421875 0.04045901298522949
13 0.2577424685160319 0.5468489646911621 0.03824017842610677 0.0327488899230957
31 0.5023334503173829 0.840293025970459 0.055854415893554686 0.039101600646972656
31 0.5033409754435222 0.8084554672241211 0.054471333821614586 0.021958541870117188
58 0.3689085642496745 0.6157829284667968 0.10431060791015626 0.020438289642333983
38 0.30453332265218097 0.7339400291442871 0.10721549987792969 0.036133861541748045
25 0.20111637115478515 0.4202920913696289 0.042940584818522136 0.03531208038330078
16 0.5266070048014323 0.36190223693847656 0.04860852559407552 0.049545812606811526
58 0.3675953547159831 0.636965274810791 0.1067297617594401 0.021990966796875
12 0.333898131052653 0.4985353946685791 0.04010753631591797 0.028168296813964842
30 0.44938955307006834 0.8082032203674316 0.053839683532714844 0.021960639953613283
28 0.6153580983479817 0.8073535680770874 0.05547968546549479 0.020053911209106445
24 0.5844093322753906 0.3272989273071289 0.07042922973632812 0.012335968017578126
58 0.36886984507242837 0.657882833480835 0.10304552714029948 0.019672107696533204
38 0.3033397356669108 0.7639548301696777 0.09340712229410807 0.020450019836425783
24 0.5855154037475586 0.33835391998291015 0.0723706563313802 0.01287994384765625
24 0.5882764180501302 0.35106854438781737 0.07469100952148437 0.01265110969543457
55 0.4874077479044596 0.6050097465515136 0.11545600891113281 0.015231132507324219
24 0.5938608169555664 0.38078293800354 0.07179527282714844 0.018177175521850587
24 0.5899889628092448 0.36406903266906737 0.07619857788085938 0.014471340179443359
10 0.38796100616455076 0.5045395851135254 0.04633928934733073 0.04298820495605469
55 0.48562628428141275 0.6208884716033936 0.11825370788574219 0.020184993743896484
38 0.3064557711283366 0.7082576751708984 0.09629840850830078 0.01709747314453125
55 0.48761297861735026 0.658287525177002 0.08944714864095052 0.01678619384765625
12 0.2939777374267578 0.49860100746154784 0.03895123799641927 0.02937936782836914
55 0.4894800821940104 0.6407739639282226 0.11130663553873697 0.018326377868652342
58 0.2657575289408366 0.6389802932739258 0.08024819691975911 0.016659355163574217
27 0.6685232798258464 0.3633269309997559 0.07786407470703124 0.012880420684814453
55 0.4888818105061849 0.6718984603881836 0.08190091451009114 0.01150341033935547
27 0.6753270467122395 0.3786224365234375 0.07151412963867188 0.017383861541748046
27 0.6604550043741862 0.33791365623474123 0.07418479919433593 0.013007259368896485
