44 0.6692202250162761 0.41370620727539065 0.07080790201822916 0.03837385177612305
39 0.4705636024475098 0.4212630271911621 0.06261679331461588 0.034603309631347653
44 0.5984602610270182 0.41622014045715333 0.06823577880859374 0.03678274154663086
39 0.40604527791341144 0.42250785827636717 0.06408411661783854 0.037143898010253903
28 0.6104016621907552 0.2970263957977295 0.051866404215494794 0.036514663696289064
29 0.5085856437683105 0.299744987487793 0.04946301778157552 0.035371017456054685
29 0.5586246490478516 0.29822964668273927 0.04742558797200521 0.03605928421020508
30 0.4055841128031413 0.30046539306640624 0.0510470708211263 0.03191509246826172
44 0.5319300651550293 0.4165823936462402 0.05894044240315755 0.03907642364501953
31 0.45745347340901693 0.3006723880767822 0.048456573486328126 0.03326845169067383
39 0.3389638264973958 0.4250358581542969 0.06845067342122396 0.03606967926025391
58 0.39241053263346354 0.37220351696014403 0.07889696756998697 0.015561246871948242
61 0.5387594858805339 0.3520146369934082 0.0714623769124349 0.015486574172973633
61 0.5378542423248291 0.3694102048873901 0.07284676233927409 0.01653151512145996
58 0.3911232630411784 0.35739386081695557 0.08341522216796875 0.013671779632568359
55 0.6147895177205404 0.35089478492736814 0.0856957753499349 0.013915348052978515
55 0.6165053049723307 0.36612825393676757 0.08260218302408855 0.018123626708984375
