3 0.7035954157511394 0.1625924825668335 0.04949963887532552 0.03254058361053467
3 0.6541572570800781 0.16326115131378174 0.04824956258138021 0.03266663551330566
5 0.7248762130737305 0.37371962070465087 0.022449620564778647 0.04891119003295898
9 0.4981699307759603 0.21124465465545655 0.05186405181884766 0.03385639190673828
17 0.2120673179626465 0.3238746404647827 0.03648980458577474 0.0421783447265625
6 0.7782886505126954 0.3254730701446533 0.03581085205078125 0.04517507553100586
9 0.44426047007242836 0.21469005942344666 0.04732678731282552 0.030486023426055907
28 0.2681552886962891 0.7501010894775391 0.041973177591959634 0.033827781677246094
3 0.6543754577636719 0.20982036590576172 0.04727249145507813 0.032244300842285155
30 0.6605689366658528 0.7875226020812989 0.04712244669596354 0.037263679504394534
3 0.6036337534586589 0.16342630386352539 0.05127309163411458 0.03305835723876953
7 0.803045908610026 0.1752410650253296 0.048109181722005206 0.046551513671875
44 0.721759033203125 0.4738121032714844 0.07281112670898438 0.04562301635742187
10 0.5552219390869141 0.32749085426330565 0.03712895711263021 0.04493355751037598
3 0.7031588872273763 0.20902085304260254 0.048729960123697916 0.032175540924072266
28 0.21831127802530925 0.7857234477996826 0.045971616109212236 0.03529214859008789
10 0.560992431640625 0.3773963451385498 0.03737233479817708 0.04533042907714844
9 0.5486278533935547 0.21209959387779237 0.04823939005533854 0.032942211627960204
9 0.4966099739074707 0.16179430484771729 0.05041065216064453 0.0344970703125
9 0.5490473588307698 0.16340296268463134 0.0512425422668457 0.03478183746337891
10 0.4678999900817871 0.3272064208984375 0.038374074300130206 0.045042896270751955
9 0.44458306630452477 0.16797189712524413 0.04998156229654948 0.033832120895385745
58 0.41139233907063805 0.6493923187255859 0.0824609120686849 0.016331863403320313
9 0.39343083699544273 0.16872339248657225 0.05000508626302083 0.03389961719512939
10 0.47289899190266926 0.3783872604370117 0.0346221923828125 0.04375724792480469
9 0.3435463587443034 0.16863505840301513 0.048696009318033855 0.03359975814819336
6 0.8228855133056641 0.32508962154388427 0.037195841471354164 0.0456207275390625
6 0.7768348693847656 0.3768568515777588 0.03844935099283854 0.04361581802368164
7 0.7998083750406901 0.218512225151062 0.050516764322916664 0.042143630981445315
9 0.3471211433410645 0.21508097648620605 0.04830888112386068 0.02968177795410156
9 0.3960922559102376 0.2152343511581421 0.04817943572998047 0.02960543632507324
16 0.344204584757487 0.3780477523803711 0.03545366923014323 0.04509458541870117
44 0.7966990152994792 0.4714162826538086 0.07262039184570312 0.05073490142822266
31 0.41397457122802733 0.7491106033325196 0.044714736938476565 0.03408546447753906
10 0.5084774653116862 0.32734026908874514 0.03751106262207031 0.045101165771484375
29 0.7104317347208658 0.7536999225616455 0.04685770670572917 0.034657955169677734
31 0.5100188573201497 0.7487524032592774 0.04537620544433594 0.03281211853027344
30 0.6087545394897461 0.7518555641174316 0.04614067077636719 0.032294082641601565
28 0.26379801432291666 0.7856538772583008 0.04259510040283203 0.034193992614746094
17 0.24969873428344727 0.3239439010620117 0.037734603881835936 0.04317994117736816
17 0.16820586522420247 0.379151439666748 0.03628419240315755 0.045960426330566406
30 0.6600582758585612 0.8242851257324219 0.047293599446614584 0.03399085998535156
31 0.5568785349527995 0.7871268272399903 0.04555803934733073 0.03405342102050781
29 0.7664764404296875 0.7871876239776612 0.04979896545410156 0.036613750457763675
6 0.7314486185709635 0.3250872135162354 0.038465627034505206 0.04453907012939453
39 0.6459134419759115 0.47325334548950193 0.07318064371744791 0.04724588394165039
12 0.233416748046875 0.16152520179748536 0.03305142720540365 0.030176162719726562
6 0.7477300643920899 0.3764362812042236 0.017304611206054688 0.04336481094360352
30 0.6114660898844401 0.8233879089355469 0.047505696614583336 0.03419418334960937
28 0.31842053731282555 0.7485527038574219 0.04260546366373698 0.03070077896118164
7 0.8544176737467448 0.17538896799087525 0.05311381022135417 0.04740264415740967
30 0.6115121205647787 0.7872231483459473 0.04892285664876302 0.03633327484130859
31 0.45984055201212565 0.7491360664367676 0.04438457489013672 0.034197235107421876
28 0.22322262128194173 0.7496361255645752 0.044453907012939456 0.0334935188293457
17 0.21409467061360676 0.3788900375366211 0.03503570556640625 0.04512805938720703
28 0.31318918863932294 0.7820902824401855 0.047983805338541664 0.033792877197265626
31 0.556231435139974 0.7516890525817871 0.04540888468424479 0.03391056060791016
7 0.7515311559041341 0.21863081455230712 0.04640274047851563 0.04317622184753418
31 0.45922559102376304 0.7853681564331054 0.04673271179199219 0.03547172546386719
31 0.5574132283528646 0.8213560104370117 0.04753265380859375 0.032477951049804686
29 0.7680744171142578 0.8232545852661133 0.046930185953776044 0.034949874877929686
7 0.7542795817057292 0.17460260391235352 0.04906514485677083 0.04637541770935059
10 0.517376200358073 0.3782340049743652 0.038677342732747394 0.044474124908447266
29 0.7573834737141927 0.751995038986206 0.046014658610026044 0.03244009017944336
7 0.8494920094807943 0.21952836513519286 0.047416305541992186 0.04162435531616211
16 0.37465766270955403 0.3256925106048584 0.03503150939941406 0.042650032043457034
58 0.4111928939819336 0.6345760345458984 0.08043861389160156 0.015232563018798828
31 0.4126041730244954 0.7853068828582763 0.045923805236816405 0.03551664352416992
58 0.41225980122884115 0.6203351974487304 0.07944412231445312 0.015748214721679688
28 0.362876828511556 0.7853744983673095 0.043427658081054685 0.03319540023803711
28 0.3639345169067383 0.7494839668273926 0.04347139994303385 0.034836959838867185
31 0.5096323649088542 0.7828209400177002 0.047693761189778645 0.034622478485107425
2 0.6540921529134115 0.37700519561767576 0.04298756917317708 0.0452117919921875
29 0.7145609537760417 0.7891635894775391 0.04707628885904948 0.034186363220214844
28 0.3564069112141927 0.8194160461425781 0.04802157084147136 0.03440589904785156
2 0.6925252914428711 0.3248512983322144 0.03795318603515625 0.04431867599487305
6 0.8189423878987631 0.37675962448120115 0.0349700927734375 0.04335784912109375
12 0.26720085938771565 0.1615218162536621 0.032733519872029625 0.030717802047729493
13 0.1325244665145874 0.16052069664001464 0.03352522850036621 0.0316378116607666
43 0.4574936230977376 0.46366276741027834 0.09401060740152994 0.028855133056640624
3 0.6050237655639649 0.21088032722473143 0.04962476094563802 0.03356022834777832
58 0.32542556126912436 0.6240365982055665 0.07676893870035807 0.014280319213867188
16 0.3300846417744954 0.3247244358062744 0.034252866109212236 0.04167180061340332
28 0.30702953338623046 0.8180395126342773 0.04700482686360677 0.03647270202636719
30 0.6546867370605469 0.752560043334961 0.045115152994791664 0.03143739700317383
12 0.30033861796061195 0.16160104274749756 0.03342781066894531 0.03007793426513672
43 0.45393508275349936 0.4922192573547363 0.09411284128824869 0.028974056243896484
32 0.2797289212544759 0.4938498020172119 0.04430166880289713 0.039475631713867185
31 0.45760199228922527 0.8212486267089844 0.04571889241536458 0.03310661315917969
16 0.2995401382446289 0.37827205657958984 0.03680076599121094 0.04467954635620117
17 0.28507318496704104 0.32418973445892335 0.03253243764241536 0.04453816413879395
2 0.6434103647867838 0.3267645359039307 0.03939005533854167 0.04519233703613281
31 0.41104262669881186 0.8208797454833985 0.0455264409383138 0.033095932006835936
38 0.5509141286214193 0.495418119430542 0.09301694234212239 0.029306316375732423
58 0.32135257720947263 0.6526534080505371 0.07804005940755208 0.015639781951904297
28 0.2561989148457845 0.8187376022338867 0.04360828399658203 0.03199748992919922
32 0.1873432477315267 0.4500997543334961 0.04637921651204427 0.04063129425048828
2 0.6056395212809245 0.37698850631713865 0.03872400919596354 0.044890403747558594
28 0.2123957633972168 0.8202240943908692 0.042417716979980466 0.03169059753417969
2 0.6957970937093099 0.3764141082763672 0.03681449890136719 0.04489603042602539
16 0.4324216842651367 0.3771465301513672 0.03361434936523437 0.044901561737060544
32 0.28061065673828123 0.45136470794677735 0.04631118774414063 0.03808116912841797
17 0.2557721773783366 0.3791975021362305 0.031792004903157554 0.04527215957641602
32 0.19015811284383138 0.4941361427307129 0.04537957509358724 0.04099349975585938
31 0.5086762428283691 0.818217658996582 0.04710172017415364 0.03390579223632813
38 0.5546217759450277 0.46768617630004883 0.09380668004353841 0.027054977416992188
13 0.1990012804667155 0.161082124710083 0.03326880137125651 0.03036985397338867
32 0.23413914044698078 0.4515737533569336 0.04546200434366862 0.03842182159423828
32 0.23539641698201497 0.49413604736328126 0.04380321502685547 0.04032573699951172
58 0.32246872584025066 0.6381174564361572 0.077488644917806 0.014579963684082032
58 0.41543699900309244 0.606702470779419 0.07600860595703125 0.01309671401977539
2 0.6017772674560546 0.3273883581161499 0.0338348388671875 0.045345401763916014
13 0.2045878251393636 0.20400512218475342 0.03238274256388347 0.016832637786865234
13 0.16584898630777994 0.1606297731399536 0.032019551595052084 0.03140025138854981
29 0.719748051961263 0.8263166427612305 0.048034922281901045 0.038390731811523436
34 0.35162970225016277 0.49352502822875977 0.09197603861490886 0.02906494140625
12 0.23732630411783853 0.20443129539489746 0.03100579579671224 0.016632652282714842
12 0.3038506825764974 0.21173176169395447 0.03381195068359375 0.03028212785720825
13 0.13968623479207357 0.2042393445968628 0.030888112386067708 0.016419506072998045
16 0.384957758585612 0.37716922760009763 0.03635533650716146 0.04458332061767578
58 0.3281807581583659 0.6118878364562989 0.0746374766031901 0.012229728698730468
13 0.17157169977823894 0.20418010354042054 0.0317626953125 0.016409862041473388
58 0.3315177281697591 0.5980464935302734 0.07290153503417969 0.015585231781005859
12 0.2696703275044759 0.2044898509979248 0.0320614496866862 0.01782503128051758
34 0.35255629221598306 0.4631014823913574 0.08793290456136067 0.029906845092773436
55 0.24239120483398438 0.5932709693908691 0.0855828603108724 0.015955448150634766
60 0.5786205291748047 0.6184113979339599 0.06441675821940104 0.01497507095336914
55 0.22459290822347006 0.6490447998046875 0.09196097056070963 0.016954612731933594
55 0.2398308753967285 0.6077726364135743 0.08813095092773438 0.015823936462402342
10 0.4224441846211751 0.3272636890411377 0.03364880879720052 0.0424006462097168
60 0.5758263905843098 0.6323792457580566 0.06281458536783854 0.013994598388671875
17 0.1624733765920003 0.3248356819152832 0.03232231140136719 0.04418754577636719
60 0.5755045572916667 0.6473892211914063 0.0636016845703125 0.018220806121826173
55 0.22730202674865724 0.6342309951782227 0.09104750951131185 0.014687252044677735
58 0.49998709360758464 0.6457382202148437 0.07381807963053386 0.016953086853027342
55 0.2323809782663981 0.621392297744751 0.09014247258504232 0.013840198516845703
58 0.4181057929992676 0.5964674949645996 0.07261028289794921 0.011626815795898438
13 0.20540677706400554 0.2205204963684082 0.03173421223958333 0.015452003479003907
12 0.23785231908162435 0.2204148769378662 0.03144508997599284 0.015254783630371093
34 0.359379514058431 0.43995037078857424 0.08417243957519531 0.016844558715820312
