7 0.6814469655354818 0.3719739987112372 0.04923875596788194 0.030690380984255115
16 0.6844367345174154 0.4675837758252078 0.041160795423719615 0.03853550591432225
16 0.8513090345594618 0.4674602745947224 0.039730665418836804 0.03867313420782715
16 0.7259573618570964 0.4677770278033088 0.04025548299153646 0.03868702712063086
16 0.6430210113525391 0.4674137307351609 0.04066136678059896 0.0383747227661445
16 0.8100022210015191 0.4674887628709772 0.04074876573350694 0.03818646599264706
16 0.7683592478434245 0.4675321587109708 0.04090330335828993 0.03816794210890878
20 0.24846213658650715 0.4647430393905184 0.03445229000515408 0.03923873706242008
12 0.25023632049560546 0.40309044202981803 0.03505321078830295 0.037481803926563834
17 0.5201935238308377 0.4666239420572917 0.040427313910590276 0.03916838793091965
9 0.2080465210808648 0.3671648394624494 0.051116455925835504 0.03282031541386935
17 0.3962125990125868 0.46613875679347827 0.04025251600477431 0.03927448399536445
9 0.4262544420030382 0.36944974230988253 0.04898817274305556 0.03257614877217871
17 0.43735877143012153 0.4664015774023604 0.040755547417534725 0.03900058027626811
17 0.5609816233317058 0.4668400887231591 0.03982018364800347 0.03896368860893542
7 0.7311032189263238 0.37194197216505487 0.04900402492947049 0.030480426290760868
9 0.31386678483751085 0.3680499923198729 0.052998394436306426 0.03338818172054828
7 0.7814085642496745 0.3717224433294038 0.050012461344401044 0.030038090516437552
9 0.37433765199449326 0.3687229790650975 0.05106216006808811 0.03255052233189471
17 0.4786964416503906 0.46675129375799235 0.039899783664279515 0.03900703241554774
6 0.7655852847629123 0.40531603983092895 0.04045418633355035 0.0373201362109042
20 0.28284902572631837 0.46489887936747387 0.03392624325222439 0.0385635519068361
44 0.29167067209879555 0.550586098803482 0.08367911444769965 0.05084613562646526
25 0.21397616068522135 0.46454611905903664 0.033778084648980036 0.03901421302216539
3 0.5291703754001194 0.3706259829105725 0.05021417405870226 0.03151414746010497
17 0.35515482160780165 0.4660174149483163 0.0395760006374783 0.03914252734041986
9 0.2606348461574978 0.3676055101685715 0.05191086663140191 0.03363708339993606
25 0.17925050523546007 0.4644576362941576 0.034737353854709205 0.03907566444546569
6 0.8066382514105903 0.4054906508501838 0.04066263834635417 0.03698787705469416
9 0.15518651008605958 0.36650244151031675 0.05176373587714301 0.03182926161718084
20 0.3172960917154948 0.4650547193444293 0.03440734015570746 0.03798775050951087
3 0.6307605743408203 0.37201477987382114 0.0494645012749566 0.03029490126978101
2 0.7245448218451606 0.40505887785226186 0.03997404310438368 0.0363265848119139
25 0.1445737573835585 0.46414247010370047 0.03334360122680664 0.03866418446624574
12 0.28465133243136936 0.40338194604013483 0.033969540066189234 0.03804680839727195
3 0.47778536478678385 0.3699827202344083 0.048920694986979166 0.03202771693341059
2 0.6019371880425347 0.4046311504497349 0.039993031819661455 0.03615162256733536
6 0.8485430823432074 0.40545024692961423 0.04158740573459201 0.0372732281176737
10 0.47557000054253473 0.4050988394890905 0.0348297119140625 0.03866668206854753
58 0.5929771847195096 0.5413036817988065 0.09110336303710938 0.016280932804507674
13 0.1817773977915446 0.4024251041916427 0.03387477662828234 0.0371868006713555
10 0.42644808027479386 0.40489368487502 0.036629104614257814 0.038075348706908034
2 0.6424475987752278 0.40513714906606324 0.04032741122775608 0.03661482372755488
2 0.5612893846299913 0.40468297569749706 0.03928485446506076 0.03641376674226076
10 0.37308003107706705 0.40419498063109416 0.0382557127210829 0.03845883472699542
13 0.21574329800075956 0.40294662176393997 0.032911597357855905 0.03701438806246004
12 0.32027833726671007 0.4038740257269688 0.03642590840657552 0.037670919250852516
17 0.6015760633680556 0.4670388302229859 0.039397345648871526 0.03865684775948423
44 0.38155668046739366 0.556644059203165 0.08225025600857205 0.03970698546062447
2 0.6835339016384548 0.40520260705972266 0.040729183620876734 0.036707859413296566
25 0.11024035877651639 0.4641213445508978 0.03444132275051541 0.03844814186714088
13 0.14779677391052246 0.4014976612035779 0.03340563244289822 0.03823001793278453
3 0.5800249735514323 0.37162514090639653 0.04888263278537326 0.030276299335970803
58 0.48393427530924477 0.5235033222273284 0.09302139282226562 0.014961470321824382
7 0.8303856743706597 0.3719721905512375 0.048805914984809025 0.02944306278472666
39 0.19713170793321397 0.5554966190790175 0.08732571072048612 0.04586086939871057
10 0.5232685936821831 0.40497561143385685 0.03378406100802951 0.03751401258958067
39 0.11213227642907037 0.5568475097239983 0.07965615060594347 0.04478606787484015
58 0.4815521664089627 0.5391471583113544 0.09596888224283855 0.014296171508684995
61 0.7031136406792535 0.5624581911781357 0.07528008355034722 0.01873258963062127
13 0.1135571214887831 0.4010271753699782 0.0325657844543457 0.03854169788669544
58 0.48298861185709635 0.5517777933184144 0.08690032958984376 0.013561460164908355
58 0.5895022074381511 0.5276008729536312 0.08787587483723959 0.012302824704949915
55 0.8122689988878038 0.5435993685645114 0.11283704969618055 0.015457920812686488
55 0.8185651143391927 0.5577501588058796 0.09131232367621528 0.015066733852168585
