10 0.6175020853678386 0.4196925163269043 0.06836776733398438 0.09963836669921874
25 0.26648858388264973 0.26723418235778806 0.09120025634765624 0.11490373611450196
20 0.6267023722330729 0.2652255058288574 0.057604471842447914 0.09105777740478516
2 0.6819371541341146 0.40916670560836793 0.06738332112630209 0.09430391788482666
25 0.3540899594624837 0.267659854888916 0.0833987553914388 0.11496458053588868
27 0.7564200083414714 0.4068233609199524 0.050812784830729166 0.09123380184173584
13 0.4110611915588379 0.44452967643737795 0.07913557688395183 0.09894580841064453
10 0.5531113306681316 0.42558956146240234 0.06418813069661458 0.09362773895263672
25 0.14946282704671224 0.2632702589035034 0.14047005971272786 0.11382503509521484
20 0.5053778966267903 0.2609328985214233 0.06907679239908854 0.0932579517364502
13 0.48609580993652346 0.4398808002471924 0.06943791707356771 0.10552034378051758
20 0.6802510579427083 0.2652136325836182 0.05548146565755208 0.08462142944335938
25 0.4333515485127767 0.26793856620788575 0.07635599772135417 0.10795936584472657
20 0.5696236292521158 0.2635531425476074 0.06420313517252604 0.09069652557373047
12 0.32217537562052406 0.46001157760620115 0.09296194712320964 0.1101776123046875
24 0.7300988515218099 0.26430721282958985 0.044990793863932295 0.08102536201477051
23 0.7281101226806641 0.639907693862915 0.048324330647786455 0.07364044189453126
61 0.42728761037190754 0.5814019203186035 0.16126632690429688 0.050525665283203125
43 0.5421662012736003 0.7080971240997315 0.09050381978352864 0.0757354736328125
55 0.647585932413737 0.5732056617736816 0.14970957438151042 0.057485198974609374
39 0.4297492027282715 0.7422958374023437 0.15048910776774088 0.11573715209960937
27 0.7451025644938151 0.5247546195983886 0.06659278869628907 0.07715034484863281
58 0.2728698174158732 0.6149034976959229 0.15386211077372233 0.04866876602172852
55 0.6087309519449869 0.5548823356628418 0.15388768513997395 0.041704559326171876
44 0.6391539891560872 0.6698236465454102 0.11264788309733073 0.08343591690063476
58 0.31006793181101483 0.6797836303710938 0.20363402366638184 0.09008197784423828
61 0.4925804138183594 0.6205353260040283 0.18825759887695312 0.07277050018310546
12 0.20809852282206218 0.47278318405151365 0.1343155860900879 0.12587480545043944
