17 0.3873771667480469 0.35692920684814455 0.030202738444010415 0.036710357666015624
10 0.4195074717203776 0.29690237045288087 0.0316992441813151 0.03562211990356445
6 0.8061087926228842 0.29430623054504396 0.0301788330078125 0.03597078323364258
6 0.7749510447184245 0.29449872970581054 0.031757354736328125 0.03617119789123535
10 0.45161463419596354 0.2969052314758301 0.031302388509114584 0.03547477722167969
7 0.7948307673136393 0.26223230361938477 0.03928044637044271 0.02706003189086914
12 0.25466949144999185 0.2947880268096924 0.02428134282430013 0.03470487594604492
10 0.5521931966145833 0.29719808101654055 0.030458577473958335 0.035540294647216794
7 0.6805191040039062 0.26401572227478026 0.03911908467610677 0.027716922760009765
13 0.33087170918782555 0.29547407627105715 0.025489934285481772 0.03412528038024902
10 0.48393319447835287 0.2970874786376953 0.03154945373535156 0.035799598693847655
10 0.5206807454427084 0.29729471206665037 0.031441116333007814 0.03550100326538086
10 0.6151115417480468 0.2966440200805664 0.030829620361328126 0.036059999465942384
9 0.2755159695943197 0.26362009048461915 0.038776206970214847 0.0302764892578125
10 0.5834824879964192 0.2969529151916504 0.03003412882486979 0.03552160263061523
9 0.35643304189046227 0.2647044897079468 0.03880666097005208 0.02828364372253418
12 0.280157470703125 0.2951193332672119 0.025602976481119793 0.03383932113647461
7 0.7190301259358723 0.26394925117492674 0.038327789306640624 0.027039146423339842
3 0.4743814468383789 0.26545875072479247 0.03860346476236979 0.02794680595397949
2 0.7113480885823568 0.29517664909362795 0.03090387980143229 0.03485574722290039
25 0.28254531224568685 0.3562192440032959 0.025613085428873698 0.034847450256347653
10 0.6478107452392579 0.2961073160171509 0.031659698486328124 0.03609161376953125
3 0.5885342280069987 0.2652228116989136 0.03745282491048177 0.02830681800842285
20 0.3341353416442871 0.35648422241210936 0.025017293294270833 0.03467426300048828
7 0.7566776275634766 0.2631058216094971 0.03605804443359375 0.025167560577392577
17 0.4187501589457194 0.35704095363616944 0.03074366251627604 0.03708662986755371
2 0.6799330393473307 0.29555459022521974 0.030792617797851564 0.035375213623046874
17 0.4840646425882975 0.35724611282348634 0.03157590230305989 0.037228965759277345
16 0.8107753753662109 0.35263628959655763 0.030448150634765626 0.03670148849487305
9 0.31576976776123045 0.26384294033050537 0.0399383544921875 0.029430150985717773
17 0.6354005177815755 0.35671558380126955 0.026103083292643228 0.03727636337280273
9 0.39551715850830077 0.26544790267944335 0.037731170654296875 0.026976585388183594
17 0.5251245180765788 0.3575826406478882 0.03160991668701172 0.03782534599304199
20 0.3592127482096354 0.35636947154998777 0.025357945760091146 0.03421759605407715
3 0.5496556440989177 0.26557738780975343 0.03800840377807617 0.028902435302734376
13 0.38304239908854165 0.29639086723327634 0.026839001973470052 0.035620594024658205
25 0.3080394744873047 0.3563734531402588 0.02520860036214193 0.03466463088989258
12 0.305410639444987 0.29525184631347656 0.024628321329752605 0.03353371620178223
17 0.774746831258138 0.35384836196899416 0.026865514119466145 0.03723888397216797
17 0.670330556233724 0.35594744682312013 0.026167805989583334 0.03722467422485352
9 0.4346290588378906 0.2656225681304932 0.03848457336425781 0.027175140380859376
3 0.5121345202128093 0.26594104766845705 0.035746002197265626 0.028297281265258788
3 0.6413469950358073 0.2650078296661377 0.03720728556315104 0.026824951171875
2 0.7428142547607421 0.294723653793335 0.031022135416666666 0.03560504913330078
17 0.6011075337727865 0.35715584754943847 0.023784764607747397 0.03664278984069824
17 0.7407890319824219 0.3548720836639404 0.02799224853515625 0.037781143188476564
17 0.45026028951009117 0.3572996616363525 0.031214777628580728 0.03692617416381836
25 0.2566830158233643 0.3561755657196045 0.02497549057006836 0.035878467559814456
17 0.7056610743204753 0.3554838180541992 0.030916468302408854 0.03751287460327148
17 0.5652554829915365 0.3571831703186035 0.0258819580078125 0.03738069534301758
13 0.3565582275390625 0.2960808753967285 0.02499529520670573 0.03466463088989258
58 0.596972910563151 0.42130451202392577 0.07515996297200521 0.012697410583496094
58 0.5919179280598958 0.43364362716674804 0.06993891398111979 0.014125442504882813
61 0.7552865346272787 0.4414255619049072 0.06735445658365885 0.015635967254638672
58 0.5930899302164714 0.4485732078552246 0.05696296691894531 0.014390373229980468
55 0.6766053517659505 0.44767937660217283 0.06395187377929687 0.014948368072509766
55 0.6776797612508138 0.4326449394226074 0.07749201456705729 0.015136528015136718
55 0.6733565012613932 0.42046117782592773 0.06849212646484375 0.011028480529785157
61 0.7565908432006836 0.45752811431884766 0.05732371012369792 0.015028953552246094
