9 0.11565831502278646 0.3615330934524536 0.060397911071777347 0.0537144660949707
16 0.6845542907714843 0.5174286842346192 0.047944895426432294 0.05796327590942383
9 0.35179939270019533 0.363590145111084 0.05916786193847656 0.05376749038696289
9 0.056568973263104755 0.3609926700592041 0.060231890281041464 0.05224533081054687
25 0.10671477317810059 0.5048467636108398 0.038439305623372395 0.053661155700683597
9 0.17605621019999187 0.3621227741241455 0.05941362380981445 0.05342845916748047
20 0.2677991549173991 0.509881067276001 0.04210166931152344 0.0562016487121582
17 0.5887324015299479 0.5154900074005127 0.046455128987630205 0.058179187774658206
25 0.06812528769175212 0.5037442207336426 0.03830825487772624 0.053521156311035156
3 0.6303884506225585 0.36890835762023927 0.06043078104654948 0.05471487045288086
9 0.234026829401652 0.3621068000793457 0.057577927907307945 0.05248937606811523
17 0.4008081118265788 0.5118961334228516 0.04612509409586588 0.058040809631347653
12 0.10479378700256348 0.4169745445251465 0.038197263081868486 0.05305013656616211
16 0.6362174987792969 0.5167581558227539 0.04743474324544271 0.058772850036621097
20 0.2250810941060384 0.5088553428649902 0.0428807258605957 0.056495380401611325
3 0.5708122253417969 0.36771721839904786 0.05821927388509115 0.05431976318359375
16 0.8311901728312174 0.5188174247741699 0.049092864990234374 0.05901603698730469
6 0.7370914459228516 0.42581804990768435 0.04888559977213542 0.056572556495666504
25 0.1450068155924479 0.5060567855834961 0.03769184748331706 0.05484771728515625
16 0.733029301961263 0.5178448677062988 0.048303476969401044 0.05821380615234375
7 0.872792371114095 0.3713233470916748 0.06407190958658854 0.05432310104370117
10 0.273663592338562 0.4184922695159912 0.04893962542215983 0.05656909942626953
6 0.8863388697306315 0.42705202102661133 0.050937779744466144 0.057412242889404295
3 0.512120246887207 0.36735687255859373 0.05941581726074219 0.05402088165283203
10 0.33155892690022787 0.41841516494750974 0.045434824625651044 0.05702276229858398
6 0.7864505767822265 0.4258689880371094 0.05013885498046875 0.05792989730834961
6 0.8363763173421224 0.4261919140815735 0.04933522542317708 0.057799887657165525
9 0.2925049543380737 0.3625114679336548 0.05866061846415202 0.05338840484619141
25 0.18348921140034993 0.50711669921875 0.03953882853190104 0.05536460876464844
17 0.4478940963745117 0.5129843711853027 0.04636332194010417 0.057395553588867186
17 0.5419090906778972 0.5144820213317871 0.04645067850748698 0.05759868621826172
13 0.18108237584431966 0.4182132601737976 0.0383511225382487 0.05331423282623291
12 0.06580944061279297 0.4163735270500183 0.038738187154134116 0.05311033725738525
17 0.49484888712565106 0.513843584060669 0.04562861124674479 0.057150650024414065
16 0.880686887105306 0.5189050674438477 0.04921277364095052 0.059501266479492186
13 0.22006069819132487 0.4182277679443359 0.03894602457682292 0.05427265167236328
13 0.14315807024637858 0.4176070332527161 0.037659708658854166 0.053760313987731935
20 0.30988197326660155 0.5100262641906739 0.041594441731770834 0.057195091247558595
10 0.49706735610961916 0.42276911735534667 0.04692853291829427 0.058103752136230466
10 0.4448922793070475 0.42191133499145506 0.040427017211914065 0.056901168823242185
7 0.8098185221354167 0.3704512596130371 0.06293487548828125 0.05305614471435547
16 0.7821660359700521 0.518466567993164 0.04864908854166667 0.05850095748901367
9 0.40307963689168297 0.36240620613098146 0.0440057118733724 0.05552091598510742
3 0.45326321919759116 0.36575157642364503 0.05718771616617838 0.05323567390441895
25 0.03008128801981608 0.5022151947021485 0.03881248633066813 0.05391635894775391
44 0.3776434580485026 0.6252508163452148 0.09260508219401041 0.057445716857910153
3 0.689641825358073 0.3702113389968872 0.05906664530436198 0.05304117202758789
12 0.027444688479105632 0.41457552909851075 0.03773948351542155 0.05454120635986328
17 0.3539838473002116 0.5112332344055176 0.04652531941731771 0.05808811187744141
44 0.2645059903462728 0.6197453498840332 0.0849627176920573 0.06376609802246094
39 0.1768832524617513 0.6179133415222168 0.08992462158203125 0.05883846282958984
7 0.7494354248046875 0.3703025817871094 0.061525980631510414 0.05292544364929199
6 0.6886664072672526 0.4248932361602783 0.04835205078125 0.05656213760375976
2 0.6401725769042969 0.42429553270339965 0.0482513427734375 0.056953597068786624
39 0.08746735453605652 0.6237954139709473 0.08775961796442668 0.055187416076660153
2 0.5918468475341797 0.42353053092956544 0.04767939249674479 0.05666418075561523
10 0.3884188969930013 0.42018780708312986 0.04363962809244792 0.05753459930419922
2 0.5444210211435954 0.4228489398956299 0.04633557001749675 0.05597343444824219
58 0.5680594762166341 0.6142227172851562 0.10337994893391927 0.02448692321777344
58 0.5699769337972005 0.6482460498809814 0.08082186381022136 0.02294435501098633
55 0.812057622273763 0.6515138626098633 0.08703587849934896 0.02328519821166992
55 0.8085776011149088 0.6089749336242676 0.11822738647460937 0.020672035217285157
55 0.6908269246419271 0.6278343200683594 0.11118329366048177 0.022433376312255858
55 0.6905652364095052 0.6502728462219238 0.0830841064453125 0.02249879837036133
58 0.566219695409139 0.5855340003967285 0.1088831901550293 0.018033218383789063
61 0.4628365834554036 0.6418898582458497 0.08252550760904948 0.023579788208007813
55 0.6874155680338542 0.6055086135864258 0.11826680501302084 0.021591949462890624
61 0.4687082290649414 0.6170839309692383 0.08449872334798177 0.0214630126953125
55 0.8101453145345052 0.628385353088379 0.11802177429199219 0.02241353988647461
55 0.8037687937418619 0.5913495063781739 0.11661656697591145 0.017324066162109374
55 0.68544921875 0.5894883632659912 0.11598587036132812 0.015102863311767578
