6 0.4944962819417318 0.4025400638580322 0.02181695302327474 0.024168872833251955
2 0.471822198232015 0.376050329208374 0.018414306640625 0.0223696231842041
17 0.4745136896769206 0.4396388530731201 0.01960906982421875 0.025369739532470702
15 0.44808378219604494 0.33006227016448975 0.019807179768880207 0.01718029975891113
6 0.4754077275594076 0.4010943531990051 0.01777477264404297 0.02498319149017334
6 0.48959805170694987 0.37723937034606936 0.017033894856770832 0.024272680282592773
2 0.4530717213948568 0.37227425575256345 0.018691126505533853 0.018094539642333984
2 0.45698731740315757 0.39892518520355225 0.02041937510172526 0.025716733932495118
44 0.39950958887736004 0.47301135063171384 0.02840449015299479 0.024962139129638673
17 0.4414177576700846 0.4358187675476074 0.018057632446289062 0.02459564208984375
17 0.42493969599405923 0.43361406326293944 0.016942850748697915 0.02330169677734375
17 0.40997530619303385 0.4320733070373535 0.015027618408203125 0.02236480712890625
15 0.41168896357218426 0.3285695552825928 0.017552502950032554 0.01579761505126953
15 0.4704297065734863 0.331073522567749 0.023738797505696616 0.018277072906494142
17 0.45723438262939453 0.4379021644592285 0.015742746988932292 0.025220108032226563
39 0.3724937438964844 0.4704829216003418 0.024628067016601564 0.022979164123535158
17 0.3969773292541504 0.4303906440734863 0.012957064310709636 0.022794151306152345
54 0.451002566019694 0.5595577716827392 0.027575937906901042 0.03274946212768555
6 0.5076932589213053 0.37802531719207766 0.019555028279622397 0.026167631149291992
39 0.3464378356933594 0.4666719913482666 0.026202646891276042 0.022132205963134765
15 0.4291091283162435 0.3293721675872803 0.01828168233235677 0.016547679901123047
2 0.5259298006693522 0.3763405799865723 0.01550757090250651 0.02477102279663086
18 0.5347787857055664 0.3352421760559082 0.0246673583984375 0.02204928398132324
54 0.4815668106079102 0.5669105052947998 0.03237361907958984 0.029818916320800783
15 0.39458042780558267 0.3278816699981689 0.017826398213704426 0.015312385559082032
15 0.37781333923339844 0.3274937868118286 0.016644668579101563 0.015416479110717774
20 0.35784664154052737 0.4250807762145996 0.010070419311523438 0.020612335205078124
2 0.43427629470825196 0.3970865488052368 0.023158518473307292 0.025248956680297852
61 0.4623403549194336 0.4932696342468262 0.036989593505859376 0.009774875640869141
10 0.43491134643554685 0.3714138031005859 0.0163604736328125 0.021322250366210938
12 0.3774702072143555 0.368541955947876 0.012601598103841146 0.020514297485351562
10 0.4206690470377604 0.3713983535766602 0.01438140869140625 0.022482872009277344
10 0.4052096048990885 0.37073416709899903 0.016957219441731772 0.022345542907714844
25 0.3378028869628906 0.4229281425476074 0.012144978841145833 0.020264244079589842
13 0.34288209279378257 0.3885547161102295 0.011405690511067709 0.021688556671142577
17 0.38360843658447263 0.4291070461273193 0.015759023030598958 0.022491836547851564
10 0.40421940485636393 0.3941957950592041 0.021694691975911458 0.024578952789306642
20 0.37798309326171875 0.4275806427001953 0.014033635457356771 0.020986557006835938
13 0.35559673309326173 0.3681507587432861 0.010861460367838542 0.019829463958740235
