43 0.3414191246032715 0.495999813079834 0.023776499430338542 0.040765380859375
25 0.23746555646260578 0.30398874282836913 0.023361905415852865 0.02698650360107422
20 0.260905392964681 0.3034162998199463 0.02294305165608724 0.02656216621398926
10 0.27194639841715496 0.3488497734069824 0.0266262690226237 0.026166248321533202
43 0.36865097681681314 0.49341611862182616 0.02985699971516927 0.04314002990722656
25 0.19072311719258625 0.30283393859863283 0.02389386494954427 0.025040054321289064
20 0.30587615966796877 0.30312047004699705 0.022897974650065104 0.02583150863647461
25 0.2142520268758138 0.30400400161743163 0.023651504516601564 0.02717247009277344
2 0.3275006612141927 0.34806673526763915 0.027646001180013022 0.02673025131225586
20 0.28303934733072916 0.30336728096008303 0.021935653686523438 0.025358104705810548
38 0.19350012143452963 0.43180027008056643 0.029996204376220702 0.025572490692138673
24 0.352189572652181 0.30693769454956055 0.01913770039876302 0.03060150146484375
10 0.29951432545979817 0.34866948127746583 0.02734553019205729 0.026733589172363282
12 0.1735551357269287 0.3496415615081787 0.024375184377034505 0.02609090805053711
54 0.6948143005371094 0.5755694389343262 0.041048685709635414 0.029956626892089843
58 0.5376751104990641 0.4754815578460693 0.015373961130777995 0.02910165786743164
17 0.8514193216959636 0.49859037399291994 0.018283335367838542 0.026192665100097656
13 0.24551405906677246 0.3487112998962402 0.023900190989176433 0.024345588684082032
58 0.1968537966410319 0.3929840087890625 0.06054369608561198 0.013564395904541015
12 0.1982182502746582 0.34985263347625734 0.023760986328125 0.02574124336242676
13 0.22207568486531576 0.34895834922790525 0.022379239400227863 0.024155521392822267
17 0.8703722635904948 0.5170370101928711 0.01703987121582031 0.012710189819335938
3 0.948528544108073 0.43401241302490234 0.0234832763671875 0.023283958435058594
3 0.9055376688639323 0.43783206939697267 0.022536214192708334 0.02393932342529297
3 0.9266300837198893 0.4363543510437012 0.021148554484049478 0.024296951293945313
17 0.8529876708984375 0.5186996459960938 0.0176727294921875 0.012471771240234375
25 0.16593325932820638 0.3034397602081299 0.024816004435221355 0.026047611236572267
44 0.4554794947306315 0.48157587051391604 0.04444872538248698 0.028490638732910155
39 0.40845394134521484 0.48505611419677735 0.04902242024739583 0.028197097778320312
45 0.2780249277750651 0.48995084762573243 0.017464701334635416 0.03456268310546875
20 0.3288301150004069 0.30259194374084475 0.022973378499348957 0.02536287307739258
10 0.8133033752441406 0.5012141227722168 0.021497599283854165 0.02408113479614258
47 0.8437782287597656 0.5645936489105224 0.022926966349283855 0.019809627532958986
40 0.26139036814371747 0.4969667434692383 0.015329360961914062 0.023004531860351562
38 0.31838785807291664 0.4956517219543457 0.021600087483723957 0.040019798278808597
9 0.8832558314005534 0.44070048332214357 0.023352940877278645 0.023841476440429686
17 0.8691394805908204 0.4974525451660156 0.017335001627604166 0.026132869720458984
43 0.2848685582478841 0.4273838043212891 0.026032257080078124 0.023747825622558595
44 0.32349071502685545 0.4261425018310547 0.049062156677246095 0.02427978515625
39 0.24085318247477214 0.43055386543273927 0.05429032643636068 0.027899742126464844
46 0.7594287872314454 0.5701350212097168 0.031588236490885414 0.027156257629394533
60 0.6056700388590495 0.4766861915588379 0.012170918782552083 0.021837425231933594
40 0.24628119468688964 0.49777860641479493 0.014838059743245443 0.02308197021484375
10 0.8333576202392579 0.5001563549041748 0.01826197306315104 0.02492809295654297
3 0.9233087539672852 0.4579836368560791 0.02089068094889323 0.019033241271972656
47 0.818667984008789 0.5673833370208741 0.026705551147460937 0.019635868072509766
46 0.7301245371500651 0.5725219249725342 0.031135686238606772 0.026974964141845702
10 0.8346729914347331 0.5198224067687989 0.017064539591471355 0.013512611389160156
47 0.8670520146687826 0.5616336822509765 0.024553426106770835 0.019170761108398438
46 0.7886392593383789 0.5667659759521484 0.03102137247721354 0.02751007080078125
45 0.29912967681884767 0.4902385711669922 0.018137105305989585 0.03340015411376953
13 0.9137953440348308 0.4921065330505371 0.013249460856119792 0.020212364196777344
60 0.5928349812825521 0.47766590118408203 0.012704213460286459 0.020200824737548827
55 0.5192036310831706 0.4725343704223633 0.017317581176757812 0.033942222595214844
55 0.507576052347819 0.4783069610595703 0.011311848958333334 0.026604366302490235
58 0.5528427759806315 0.4751091957092285 0.013383992513020833 0.028696250915527344
23 0.36128193537394204 0.39074363708496096 0.0181488037109375 0.02854642868041992
3 0.9017175674438477 0.4569231033325195 0.02296791076660156 0.014574050903320312
12 0.8867989222208659 0.5146113395690918 0.016393025716145832 0.0137298583984375
60 0.5797403971354167 0.47855343818664553 0.011945851643880208 0.02004585266113281
10 0.8181034088134765 0.5206852436065674 0.016073862711588543 0.014084339141845703
9 0.8797370910644531 0.457734489440918 0.022557703653971355 0.012748146057128906
13 0.9018362681070964 0.5139861583709717 0.01597874959309896 0.012726593017578124
60 0.567181396484375 0.47634105682373046 0.012528228759765624 0.02415885925292969
21 0.363129456837972 0.4274078369140625 0.019449933369954427 0.03318977355957031
