13 0.5750774383544922 0.4352131366729736 0.035973612467447916 0.05074291229248047
10 0.67620423634847 0.4349081039428711 0.03771489461263021 0.051163005828857425
10 0.6420811335245769 0.4326968193054199 0.03133837381998698 0.04621944427490234
61 0.7754069646199544 0.8995782852172851 0.025033950805664062 0.06783866882324219
43 0.605074691772461 0.568667221069336 0.043369293212890625 0.037059879302978514
25 0.5258150736490885 0.34370198249816897 0.03988456726074219 0.04610452651977539
12 0.5374568939208985 0.4355440616607666 0.03955841064453125 0.05216093063354492
13 0.6101491928100586 0.43352699279785156 0.034017054239908855 0.04733362197875977
25 0.5980088551839192 0.3506549596786499 0.03593648274739583 0.048277664184570315
20 0.7173449198404948 0.35767202377319335 0.03034184773763021 0.04068379402160645
38 0.4871783892313639 0.5825644969940186 0.048122533162434894 0.04753799438476562
25 0.5634793599446615 0.347900390625 0.037795766194661455 0.04854097366333008
12 0.49682461420694984 0.4351517677307129 0.042892138163248696 0.058499717712402345
25 0.6303919474283854 0.35307722091674804 0.034609476725260414 0.04451274871826172
25 0.48808485666910806 0.34372820854187014 0.03934612274169922 0.04976873397827149
2 0.7138167063395182 0.43352537155151366 0.03805707295735677 0.04576435089111328
20 0.6615091959635416 0.354634428024292 0.033516947428385416 0.04229021072387695
20 0.6908297220865885 0.355661678314209 0.03084386189778646 0.03974161148071289
39 0.5957386016845703 0.9725167274475097 0.07956136067708333 0.05496654510498047
39 0.5453742345174154 0.5768793106079102 0.07204920450846354 0.04578056335449219
27 0.7552532196044922 0.43726234436035155 0.0341790517171224 0.051629829406738284
44 0.6702353159586588 0.5615002632141113 0.07299652099609374 0.038112831115722653
23 0.732826042175293 0.5572538375854492 0.03565483093261719 0.03234596252441406
55 0.6876959482828776 0.5097865104675293 0.08796272277832032 0.016150474548339844
44 0.666496213277181 0.9520176887512207 0.06842702229817708 0.07730350494384766
27 0.7462724685668946 0.36000614166259765 0.029628245035807292 0.04187631607055664
12 0.9494391123453776 0.8043271064758301 0.02110265096028646 0.027195167541503907
60 0.5065022150675456 0.4942899703979492 0.07671063741048177 0.017095565795898438
55 0.6689944585164388 0.49559383392333983 0.08582204182942708 0.014092445373535156
