15 0.5271978378295898 0.49207272529602053 0.04958292643229167 0.04440507888793945
15 0.3961859067281087 0.46569299697875977 0.040330123901367185 0.04033317565917969
15 0.4702102343241374 0.4203516960144043 0.04028663635253906 0.03896770477294922
17 0.30251235961914064 0.4440594673156738 0.02939745585123698 0.04057235717773437
15 0.4800654729207357 0.483948278427124 0.04590129852294922 0.04430170059204101
15 0.5127479235331217 0.4280562400817871 0.04479211171468099 0.04083194732666016
15 0.4278929392496745 0.41259126663208007 0.04400564829508464 0.04129714965820312
17 0.32964938481648765 0.3944068431854248 0.030025990804036458 0.03604326248168945
7 0.6028861999511719 0.3299504041671753 0.05495007832845052 0.04130702018737793
10 0.276397713025411 0.2961057901382446 0.029438511530558268 0.03484506607055664
17 0.3896739641825358 0.4024835705757141 0.03130747477213542 0.03873689174652099
15 0.5602603912353515 0.43468575477600097 0.05106404622395833 0.0408482551574707
7 0.6680015563964844 0.2733118772506714 0.06088536580403646 0.05193653106689453
10 0.24709196090698243 0.29315624237060545 0.030198415120442707 0.03431158065795899
19 0.6888322194417318 0.5222816467285156 0.06495463053385417 0.0523681640625
6 0.5156264305114746 0.25765676498413087 0.04113915761311849 0.048349189758300784
10 0.30516173044840494 0.298980188369751 0.029205131530761718 0.03486194610595703
6 0.5531516869862875 0.3227743148803711 0.045294729868570964 0.043907546997070314
7 0.7256847381591797 0.34313254356384276 0.070867919921875 0.04712991714477539
7 0.6600823084513346 0.3359984397888184 0.06094449361165365 0.04372243881225586
19 0.7226807276407877 0.4599731922149658 0.06252695719401041 0.04971294403076172
17 0.33115463256835936 0.4495896339416504 0.029648462931315105 0.041011810302734375
6 0.4755613962809245 0.25548534393310546 0.03914629618326823 0.04712038040161133
6 0.47309064865112305 0.3152121067047119 0.03766613006591797 0.04126453399658203
6 0.5116544087727865 0.31891818046569825 0.04082024892171224 0.04204616546630859
17 0.3590425491333008 0.39839236736297606 0.03036816914876302 0.03850798606872559
6 0.5588431040445964 0.25902609825134276 0.04544906616210938 0.04995298385620117
2 0.4363867441813151 0.2527394533157349 0.03915087381998698 0.04395866394042969
2 0.33568344116210935 0.30179653167724607 0.03200047810872396 0.03643722534179687
7 0.7637218475341797 0.23518037796020508 0.050114949544270836 0.031189680099487305
2 0.43633251190185546 0.31061396598815916 0.03530324300130208 0.03965139389038086
17 0.36068474451700844 0.4553238868713379 0.03213996887207031 0.039890289306640625
2 0.3679532368977865 0.30447731018066404 0.03369483947753906 0.03735141754150391
2 0.3995965957641602 0.2506857395172119 0.03563086191813151 0.04476222991943359
2 0.40193519592285154 0.30731632709503176 0.034469985961914064 0.03907146453857422
44 0.24262386957804363 0.6783306121826171 0.060061009724934895 0.0640594482421875
42 0.36310949325561526 0.7417571544647217 0.09310181935628255 0.07701234817504883
15 0.43669325510660806 0.4735381603240967 0.04185969034830729 0.04072551727294922
10 0.2996575355529785 0.24667587280273437 0.03198935190836589 0.04102182388305664
13 0.2167186737060547 0.28954143524169923 0.026746241251627605 0.031050968170166015
2 0.3652075131734212 0.24848427772521972 0.03478991190592448 0.04316921234130859
38 0.31310288111368817 0.5748412609100342 0.06723753611246745 0.04091653823852539
12 0.16746816635131836 0.23703956604003906 0.0212188720703125 0.030417728424072265
10 0.2701156934102376 0.2454230308532715 0.026852989196777345 0.04003362655639649
7 0.7476753234863281 0.27636327743530276 0.09866689046223959 0.05142087936401367
43 0.38918883005777993 0.5962045669555665 0.07647043863932292 0.042297744750976564
10 0.243586794535319 0.24343526363372803 0.026335843404134116 0.037798404693603516
12 0.17161466280619303 0.2848761558532715 0.01930971145629883 0.027337932586669923
37 0.30086052417755127 0.7041371822357178 0.08647144635518392 0.06009731292724609
39 0.21454722086588543 0.5287133693695069 0.06091105143229167 0.05424423217773437
19 0.6635958989461263 0.45258407592773436 0.05413246154785156 0.046964263916015624
12 0.14804867108662922 0.23579769134521483 0.019315115610758462 0.03051624298095703
2 0.33187758127848305 0.2479835033416748 0.033410135904947916 0.042488479614257814
19 0.577191416422526 0.5041366577148437 0.04916025797526042 0.048656272888183597
13 0.19226598739624023 0.28728537559509276 0.02170842488606771 0.029077911376953126
44 0.2659711043039958 0.5460472106933594 0.058836714426676436 0.060372352600097656
13 0.18887359301249187 0.23880219459533691 0.021372127532958984 0.030584239959716798
19 0.6287733713785807 0.5128697395324707 0.052783966064453125 0.052960777282714845
7 0.8192921320597331 0.2412787914276123 0.05796101888020833 0.039146137237548825
13 0.2113634427388509 0.24052805900573732 0.023872566223144532 0.032247304916381836
20 0.275285530090332 0.4386258125305176 0.02548847198486328 0.040300941467285155
7 0.6094776153564453 0.26795573234558107 0.05712534586588542 0.05205583572387695
25 0.21217943827311198 0.3780886888504028 0.019678592681884766 0.03576974868774414
7 0.7156983693440755 0.23362889289855956 0.044072723388671874 0.02910890579223633
25 0.232401974995931 0.38028459548950194 0.023356246948242187 0.03447771072387695
25 0.21442906061808267 0.42664284706115724 0.021082433064778645 0.03737154006958008
25 0.19604291915893554 0.42259774208068845 0.019777361551920572 0.03594655990600586
58 0.5669898827870686 0.6197813987731934 0.088452943166097 0.03328647613525391
60 0.4739383061726888 0.596428394317627 0.05678749084472656 0.021468925476074218
19 0.6115679423014323 0.4429183006286621 0.048736572265625 0.04685020446777344
58 0.5456305821736653 0.6356709957122803 0.07258707682291667 0.029608154296875
25 0.193410062789917 0.3750984907150269 0.019984022776285807 0.03623409271240234
25 0.177815580368042 0.41888179779052737 0.01972519556681315 0.036237335205078124
39 0.19832766850789388 0.6620823860168457 0.05987428029378255 0.05592536926269531
12 0.15192333857218424 0.28360934257507325 0.020154635111490887 0.027891826629638673
41 0.4747207005818685 0.7674846649169922 0.12545827229817708 0.13906688690185548
20 0.2555402755737305 0.3857966423034668 0.022834332784016927 0.03943471908569336
20 0.2771129051844279 0.3896511077880859 0.022110986709594726 0.03935041427612305
7 0.775804074605306 0.33843445777893066 0.031621424357096355 0.046128273010253906
20 0.29876887003580727 0.39165148735046384 0.025319798787434896 0.03762340545654297
20 0.23534178733825684 0.4337360382080078 0.02122472127278646 0.0437347412109375
7 0.8038024266560873 0.43996315002441405 0.020487467447916668 0.03985939025878906
37 0.3511000315348307 0.6648858070373536 0.07718912760416667 0.05146799087524414
7 0.8608500162760416 0.24067296981811523 0.026259740193684895 0.03819499015808105
20 0.25472311973571776 0.436521577835083 0.020054117838541666 0.04288969039916992
