39 0.538235076268514 0.3931316137313843 0.073285706837972 0.053864049911499026
44 0.787338129679362 0.3698055982589722 0.045322418212890625 0.041233062744140625
39 0.6549584706624348 0.38295869827270507 0.0634142557779948 0.04989404678344726
47 0.7167041778564454 0.2421746015548706 0.03833770751953125 0.044394922256469724
39 0.6022585550944011 0.3889316082000732 0.059587351481119794 0.05119953155517578
47 0.6709737777709961 0.24271090030670167 0.05100720723470052 0.044861650466918944
47 0.5954254786173503 0.24283790588378906 0.03655929565429687 0.04520130157470703
47 0.6293320973714193 0.2429110050201416 0.03142992655436198 0.04382791519165039
47 0.5566319783528646 0.23609480857849122 0.04031728108723958 0.03558330535888672
58 0.5575541814168294 0.2945705890655518 0.08413899739583333 0.017761707305908203
44 0.7467901229858398 0.37526769638061525 0.042463429768880206 0.042460060119628905
44 0.7066997528076172 0.3786314487457275 0.04756037394205729 0.04525346755981445
47 0.5125131607055664 0.24056930541992189 0.046007029215494794 0.048245811462402345
61 0.6795407613118489 0.3047361373901367 0.05076764424641927 0.015758991241455078
58 0.5639916102091471 0.3119316101074219 0.08193333943684895 0.01686267852783203
55 0.7361848831176758 0.288267707824707 0.06599617004394531 0.015713024139404296
47 0.47456766764322916 0.24150795936584474 0.030536397298177084 0.046767044067382815
60 0.630016835530599 0.30846967697143557 0.04369074503580729 0.01510305404663086
61 0.6647397359212239 0.2777711868286133 0.058736419677734374 0.014383697509765625
61 0.6855182647705078 0.32146573066711426 0.04442240397135417 0.01513500213623047
55 0.7382957458496093 0.30309770107269285 0.059759521484375 0.01429595947265625
60 0.6254908879597981 0.29296371936798093 0.04804840087890625 0.014861154556274413
