10 0.6225723266601563 0.4796579360961914 0.027473958333333333 0.043590545654296875
25 0.5750041961669922 0.40503735542297364 0.03162816365559896 0.04889602661132812
25 0.5078101476033529 0.4119767665863037 0.03690757751464844 0.05011167526245117
10 0.6528133392333985 0.4743188381195068 0.034331893920898436 0.04859027862548828
25 0.45961252848307294 0.41819396018981936 0.05994885762532552 0.061396026611328126
43 0.13997119267781574 0.8618154525756836 0.058729394276936846 0.07697505950927734
25 0.5430339813232422 0.4075865864753723 0.03417752583821614 0.04660508632659912
20 0.6902320226033528 0.39048943519592283 0.026377360026041668 0.042396259307861325
2 0.6863921483357748 0.46938037872314453 0.03400993347167969 0.050316143035888675
12 0.5339249928792318 0.49517383575439455 0.03187255859375 0.04403610229492187
20 0.6357467651367188 0.39773828983306886 0.02854334513346354 0.04636502265930176
43 0.615643564860026 0.6159185409545899 0.04599456787109375 0.040827274322509766
20 0.6636790593465169 0.3919360160827637 0.02773895263671875 0.041037368774414065
12 0.5004003206888835 0.500279426574707 0.03565972646077474 0.04710264205932617
39 0.5519541263580322 0.6347092628479004 0.07705666224161783 0.050688552856445315
13 0.5956762949625651 0.48601713180541994 0.028197733561197917 0.044658470153808597
44 0.6631169001261393 0.6016731262207031 0.06266644795735678 0.04201927185058594
61 0.6026482899983724 0.5471808433532714 0.07593434651692708 0.023331451416015624
13 0.5661773681640625 0.49057950973510744 0.032442728678385414 0.042564010620117186
20 0.6061142603556315 0.40206443071365355 0.031282933553059895 0.04864823818206787
55 0.6840366999308268 0.5486801147460938 0.08086344401041666 0.02177906036376953
58 0.5287391026814778 0.5746296405792236 0.08936691284179688 0.03886327743530273
23 0.713357671101888 0.5911171913146973 0.025905354817708334 0.04259471893310547
43 0.09506807327270508 0.8733749389648438 0.044358380635579425 0.0781585693359375
38 0.491674550374349 0.6460509300231934 0.048745346069335935 0.05118865966796875
55 0.6788475036621093 0.5340927124023438 0.08079795837402344 0.018008708953857422
43 0.046975823243459065 0.8907084465026855 0.054342039426167804 0.08518199920654297
